-8.848135020452218669e+00 3.472954492722801767e+00
-7.004968167982630334e+00 8.240989544896420327e+00
6.155082346116022229e+00 7.081263711767063818e+00
-4.349796907589681405e-01 9.237841089818369156e+00
-5.565011104055247237e+00 6.798394738868463349e+00
-4.416323978898123670e+00 8.324744350939131010e+00
7.371417282783375491e+00 4.155976656832821803e+00
8.601317371054609140e+00 3.876974601860573522e+00
-8.227556539902357358e+00 3.161461846544646903e+00
8.961131631478995274e+00 6.099867319321240267e+00
-1.622796177559815201e+00 1.142305013016037485e+01
-1.146787001261636796e+01 1.053959544242803803e+00
5.418533273130299754e+00 6.107962361012457819e+00
-3.885224030849875554e+00 9.253042902101954681e+00
-5.359654592313207289e+00 8.384998127686968061e+00
7.683734149027408478e+00 8.213639039782709261e+00
1.283724966520181976e+00 1.055454264270055376e+01
4.042906418299916815e+00 7.425172693281064440e+00
3.632875250471412354e+00 7.972081173475806359e+00
6.029384458328281404e+00 5.417574201240595855e+00
-6.556244416776474182e+00 8.367649573111654249e+00
6.170520016834925237e+00 7.961194665115466584e+00
3.273098445407305768e+00 8.771320593113740571e+00
1.222569834257730692e+00 8.567906412487195311e+00
-1.071026359308372022e+01 4.349947423873802066e+00
1.006040869856809472e+01 2.449292106154435378e-01
1.091243517774955052e+01 1.411630394522953580e+00
-9.830303481094098572e+00 8.662575871695530338e-01
1.197801744138641933e+00 1.166094578302014462e+01
-8.786853314227066392e+00 3.557201881292564316e-01
-5.075612053802430523e+00 6.597950507363750106e+00
-7.642130519223346852e+00 5.806588897555833739e+00
-5.697543777381525842e+00 6.651098402811784105e+00
6.290446935421372565e+00 8.015544871876166155e+00
-8.697413862915627902e+00 1.961846976332855430e+00
-7.903912887228234041e+00 8.742247216332950543e+00
7.798793494386396574e+00 7.433184023980621724e+00
5.991563541458390318e+00 8.789929980342657601e+00
-8.945947275263030463e+00 5.730669372230462244e+00
6.746890611368340451e+00 7.626236942961708287e+00
6.912412409024201843e+00 8.709291701335178715e+00
-9.394937831196909173e+00 2.485370122101301593e+00
-9.252703487570085983e+00 2.377795436682776042e+00
-1.057034324813627713e+01 2.534485799232555792e+00
9.254537089644063741e+00 1.995014863231784785e+00
-7.301649406423624811e+00 7.767405777712986570e+00
6.525096891761111628e+00 5.988467026535105653e+00
8.437576367288675883e+00 4.025715208661658551e+00
-1.254369611168594245e+00 1.072071987928752712e+01
6.029965260669531979e+00 9.447813188984872212e+00
1.062616085796706678e+01 5.303746655084510486e+00
1.070188399918286670e+01 3.320232979622564251e+00
-4.852108693342483292e+00 7.970324499759509074e+00
-4.416118111013334513e+00 1.090844326006401310e+01
1.026698216945613140e+00 8.794881285760194345e+00
-1.018303024363395970e+01 5.928445290775838927e+00
7.151660583596373577e+00 7.236011084084911005e+00
7.101178818284335392e+00 5.311387281896767121e+00
-8.419401774545864470e+00 3.574547478556915792e+00
1.908367565843937852e+00 1.143802825787893696e+01
5.732733974141220656e+00 7.001068283858558949e+00
8.593964300367417763e+00 3.445041173300850357e+00
-3.153289522213438723e+00 1.101177771448963405e+01
8.678617489983826871e+00 4.509437298722566823e+00
-9.135365063886222714e+00 2.922671899938943607e+00
-2.845359505556170010e+00 7.574877730991175007e+00
-4.347882707151180526e+00 7.801614334036067078e+00
3.753917189805722199e+00 1.030072940514072677e+01
5.556226782682311516e+00 1.019889032645428628e+01
3.801220592698234535e-01 8.806932178816820667e+00
-8.532453209797544957e+00 5.669752488978028637e+00
-8.022653877701761971e+00 3.548922342715368217e+00
8.996021397398143549e+00 2.196840781082761929e+00
-7.082072468078920657e+00 7.439430677053421981e+00
5.282685098308401273e+00 8.597605712468480377e+00
-5.293577403037923013e+00 7.234693633157682768e+00
-4.686070937941979153e+00 8.658013887496339933e+00
8.859370333743832759e+00 3.371959627481364852e-02
-2.478539885661310116e+00 1.004156156589058035e+01
-3.513761424179043136e+00 7.969805511126728526e+00
5.699649724239644222e+00 5.692947801828250221e+00
9.352839619995065856e-01 1.181582857014639387e+01
-1.090391969199067113e+01 1.721787715029867494e+00
-5.572143808587011193e+00 7.060192239052618390e+00
-3.957112306453721029e+00 7.582772822181494732e+00
1.033408539472237031e+01 4.898038899791307799e+00
-9.299652461029252137e+00 7.232792490223970638e+00
-1.017096676236694108e+01 3.456342812966784805e+00
-1.134289030484239014e+00 8.867042379375822847e+00
4.860805227170827081e+00 8.762053659743736844e+00
-6.955320764712616288e+00 7.889791340688364407e+00
4.415154534911388540e-01 1.047974477678728178e+01
-1.276042166459605331e+00 8.169657653635187700e+00
3.247049168709318145e+00 8.390894484686691968e+00
5.457414267438198685e+00 6.064727486254590794e+00
6.857851999597235348e+00 5.965764816585363839e+00
-6.054621797217668799e+00 7.687344610185214755e+00
-3.012685044700794901e+00 9.521548677368775415e+00
-4.300987642946139111e+00 1.118314254986114520e+01
-8.276120585550691189e+00 7.283671881051913211e+00
1.025660368374357212e+01 5.434884131939997864e+00
8.382115229302973702e+00 3.470573291034849461e+00
2.717431081877291099e+00 8.608446993444443862e+00
7.539142549067733512e+00 5.398258654281211655e+00
-2.389139573693888963e+00 7.755800635385688757e+00
-4.675522476182797149e+00 1.063459316894865481e+01
2.756682224003108583e+00 9.154826354174085523e+00
-7.499355495608754474e+00 5.617496527698759401e+00
-1.005317744333616758e+01 3.905692280402140781e+00
8.588737304300725128e+00 3.973199168744062870e+00
8.117446875765756076e+00 8.824236904597665188e+00
-1.079887162053485028e+01 2.264146145401862764e+00
-7.441487489978275249e+00 8.119109681225889830e+00
1.030683926554126906e+01 6.139718328731033736e+00
-1.144763993161139481e+01 4.384903019625960297e-01
7.040468934855238281e+00 4.217745551002128224e+00
-7.362282314631010571e+00 5.960925946362350736e+00
-2.694761774877553862e+00 9.094936471577874215e+00
1.061781986994568072e+01 1.700350406030735728e+00
5.090980727029737807e+00 9.220278228287481781e+00
-5.840793911473256550e+00 6.270978248480244766e+00
7.299341438086396572e+00 5.835572891334737555e+00
-5.263777251243024757e+00 1.014310184735275833e+01
1.021174329407948633e+01 5.117583297641142615e+00
-9.152346292711150966e+00 4.326325603480724591e-01
-1.018732285502828283e+01 4.392198639847476827e+00
-6.893210846938956138e+00 6.387398103215663703e+00
8.319049058867109991e+00 6.763188657515136759e-01
9.385877424341284581e+00 4.125290928570485960e+00
2.336161875881883176e+00 7.680977093485872764e+00
7.185100793516826734e+00 5.045329328426531035e+00
6.353042607882620985e+00 9.420471644030698144e+00
-5.140735448469072821e+00 9.891270746765190580e+00
-5.912360576232389420e-01 9.771075822476397832e+00
-3.955293509139378383e+00 1.132694853760066067e+01
8.488920782787704455e-01 1.085624426692819533e+01
7.112697040545484128e+00 7.787813861526825754e+00
-1.105793434419435428e+01 1.161335065490399554e+00
-2.873513191224405183e+00 9.282209907967711615e+00
-6.498477697371706441e+00 9.968109595626787112e+00
-8.466033808575074815e+00 2.527299895790347417e+00
-2.864289533076635141e+00 8.136087619432455398e+00
-8.072546630704593440e+00 4.618257478571040409e+00
-1.556287192427720234e-01 1.167000324895438546e+01
4.171335714202028200e+00 9.381741994723373779e+00
-8.331924542608115658e+00 8.112565012784110907e-01
-8.526393885996212063e+00 1.744308768018549394e+00
8.608619593716870355e+00 5.948192400223024201e+00
8.516578490708399229e+00 3.466807014101175088e+00
7.023989432053909354e+00 8.322643669211574391e+00
-6.084143660711299084e+00 6.664675165407746071e+00
1.034235857511675682e+01 4.539943774419596068e+00
-6.473453665331198037e-01 8.547099329288007752e+00
8.805005868473188002e+00 7.414768779944804322e+00
8.471105024437118658e+00 1.986858686999594392e-01
8.548516073228709544e+00 4.853865022076519153e+00
-9.726258018960422191e+00 4.188801060540934706e+00
-5.669118098229328773e+00 5.651625834527567172e+00
-8.454832587436222013e+00 1.741852427825489324e-01
-8.617012138911773533e+00 7.813455472575636662e+00
-8.284354570119505823e+00 3.260529409990768013e+00
9.792603560568046817e+00 2.805949844659634627e-03
-5.805334204499934536e+00 6.988614323447333909e+00
3.709997415979111146e+00 9.991919529586546389e+00
-5.214418683343459371e+00 8.589962570268056652e+00
-8.670843721835003848e+00 5.676893414303720853e+00
-9.560580606912639112e+00 6.836257701617221905e+00
9.175638482331418544e+00 4.074951889574713881e+00
8.582208110322980588e+00 3.108693002062215882e+00
1.167928074081218348e+01 1.110536552007156619e+00
-7.493375294571766432e+00 5.186693360507441675e+00
-1.079965609736001397e+01 4.059989296122059166e+00
-7.182007533600660132e+00 3.773310550325288837e+00
6.260846244396227611e+00 6.541173897338127929e+00
8.167968005704789647e+00 1.611422780106900987e+00
-2.866842362258644972e+00 8.307908719427800293e+00
-2.536628931886546479e+00 7.615184241509902918e+00
3.379208337401108597e+00 8.854695998646917587e+00
-4.968540740479689077e+00 9.341788247909203591e+00
-8.208452098538005615e+00 4.919797069826033820e+00
5.577538058708147339e+00 6.090768195931723916e+00
1.469484399579433775e+00 8.553223558079986688e+00
-6.761764106699942545e+00 7.513419509999032186e+00
6.936413483062737306e+00 5.732380545906639036e+00
-4.061971419530602034e+00 9.326260069024495891e+00
8.940365343149654365e+00 2.135012444409779331e+00
-5.510153492555324162e-01 1.182031308538067016e+01
-1.167760265148300824e+01 2.803675621820356234e-01
7.725739439426383193e+00 2.137975528359722599e+00
-6.787193347754974404e+00 9.515420680829759448e+00
-5.609146819096283432e-01 9.348355848144130675e+00
-4.679164097566997249e+00 1.055004469140062717e+01
5.863212736259739710e-01 8.157311560930470051e+00
-8.760197278693604872e+00 6.725221704492304831e+00
3.839111772300701775e-01 9.007826278991430513e+00
-8.492560363646157739e+00 8.465968929787495156e+00
-1.044986691204098861e+01 2.944159653232250484e+00
1.092413661987858120e+01 3.936647595387074094e+00
-1.167600537700331120e+00 9.764452480505990906e+00
-3.420993587122969526e+00 7.985290136674392691e+00
1.662584948073098978e+00 8.115389387730280291e+00
-6.679410085326931146e+00 7.538705462990349382e+00
-6.219816785679757487e+00 8.594814952202227687e+00
8.701798154670774110e+00 2.734397122833114313e+00
8.193169202681575669e+00 6.611641438495786005e+00
-3.993342065947255382e+00 1.012139338551565260e+01
-8.870954966426131350e+00 5.222610425498848130e+00
-9.437037146751519501e+00 6.683152000962412131e+00
8.464773159659969792e+00 6.296127297701659131e+00
-1.511746312319586671e+00 9.940861003177420940e+00
5.430172229640008119e+00 7.784262691013154267e+00
-1.695139689841623332e+00 7.995077275090467062e+00
-2.039030000736544501e+00 9.207107190192347801e+00
-3.250249387745254737e+00 9.522645244740408188e+00
-2.587567472462982909e+00 1.023003906369325300e+01
5.662968597452001873e+00 8.285429451406166379e+00
2.158898930078940737e+00 1.169695305411753772e+01
6.790856308843851608e+00 6.091208137966623859e+00
-8.837761554311253320e+00 1.607104267635696582e+00
-1.445774888576057293e+00 1.179077141420513541e+01
6.973637798368682361e+00 7.276940033858271484e+00
-5.845954739904389852e-01 8.187341399161249811e+00
1.661684913894716731e+00 8.967590239906353844e+00
9.403598814358185010e+00 4.451816986934533205e+00
8.313471828742983405e+00 8.216792670111665586e+00
-9.124418320872337063e+00 5.181954741530740094e+00
2.868508253059343094e+00 1.117213692161442751e+01
4.635907493156645742e+00 7.523782899755076414e+00
1.098301410493055386e+01 2.491332036820139428e-01
9.507279351908767495e+00 2.320805333223656231e+00
-7.500503757486314704e+00 5.046949088880855250e+00
-1.103845780908729246e+01 3.601542905216766677e+00
-2.824691141737010192e+00 9.382135979940279924e+00
7.682568949486298315e+00 3.098661615442317885e+00
7.065028313855878928e+00 5.174640839995996444e+00
6.262120586568337366e+00 9.900100793109933406e+00
-5.446081065942353305e+00 7.194349216617839105e+00
6.545076907277053380e+00 6.175302537692401117e+00
5.150530900956993285e+00 9.984501639957557018e+00
-9.578139876023760380e+00 7.056759816620004955e+00
-1.060892466482594543e+01 4.293785264321519968e+00
1.190404084500945814e+01 7.906287504517055531e-01
4.104183427701533660e+00 7.703072533640782815e+00
-7.804570869237028141e+00 7.336823073872418277e+00
-2.262530451910834906e+00 7.929726809442045443e+00
6.621290351416933007e+00 8.280077758966655210e+00
-1.194252271835403789e+01 6.780935820570144212e-01
-1.040585985473314246e+01 1.378328533403106571e+00
7.510994056536512531e+00 6.756173408925024049e+00
-1.071232003932452592e+01 2.044562159195729922e+00
9.840244969544611919e+00 6.200955784014008820e+00
-6.469326322496693038e+00 9.691112272484037504e+00
-6.594508306876345927e+00 9.410627660252647075e+00
8.097587293900270211e+00 3.273504960380013262e+00
5.159666354883412076e-01 1.182787883237831750e+01
1.068534799294048732e+01 1.142881171128472984e+00
2.449364398547278387e+00 1.169025805431388143e+01
4.251451541452761163e+00 8.932135314014217897e+00
6.940166750561886921e+00 6.583497508608754600e+00
2.670631078133897773e+00 9.070099342757270477e+00
-8.575624110289332691e+00 2.635890127747089640e+00
8.213177283851906818e-01 1.053115776926516745e+01
-8.836220697304934646e+00 5.797438439023625989e+00
-5.969141997409457723e+00 5.360883745675147694e+00
-4.260468537703781533e-01 8.787366400502673258e+00
9.827991047906589728e+00 4.646604744045751190e+00
1.201908962132723691e+00 9.181048042454740710e+00
1.990974661626728537e+00 1.153650373397790574e+01
-4.825062656598277044e+00 7.885051248820890812e+00
3.275441851284540129e-01 1.041491980070033740e+01
8.205939552234212897e+00 3.051236747886817979e-01
-1.093976110763692056e+01 2.654737703347054723e+00
3.406557551817841034e+00 1.143370242219810429e+01
4.272259172952492357e+00 6.883808132663303603e+00
-9.421905265379406202e+00 6.244763070710461328e+00
-5.807566652386211281e+00 6.886435594432191110e+00
-7.914138024707156660e+00 8.839635559695782518e+00
-1.080135913707301931e+01 1.213791172448453581e+00
-8.005074306749898838e+00 2.198636544853543207e+00
-5.500738089609381376e+00 9.385805518133446768e+00
5.014184440710383051e+00 9.115256949203509151e+00
-1.047976865543860114e+01 2.291085974930388153e-02
7.899372684802703937e+00 6.387958240182694425e+00
3.351356272774606460e+00 9.962839688330635823e+00
-1.665150333319516673e-01 9.034505136576720830e+00
-3.590012149344494308e+00 1.133320651737832385e+01
-1.171819265614870176e+01 1.820297490734776202e+00
6.780963762930747318e-01 8.585094082363575296e+00
-5.938682248140677800e+00 9.873066763753703512e+00
8.351398746906722792e+00 5.653329200452125392e+00
3.498241135234450905e+00 9.343836547526008118e+00
4.271786077867182896e-01 9.345347547350492334e+00
-9.217292570734295865e+00 4.341001669647049255e+00
-3.077525903094203930e+00 7.969652901776459686e+00
-2.615297584341741199e+00 8.494241999406664689e+00
2.320196235192273360e+00 1.027543693355422505e+01
2.703357667184564050e+00 8.749167891803308450e+00
4.249522522079960396e+00 7.876925789366612918e+00
1.499597177598201547e+00 9.521426658749545524e+00
7.341368614153251038e+00 3.449928590275564755e+00
-9.625328522360680594e+00 1.752046066687751980e+00
-6.592329392213234662e+00 9.906655856734744248e+00
-2.828443781937405532e+00 1.102905944952802919e+01
8.087535452621716914e+00 8.611499325138175509e-01
4.626398245869788539e+00 8.900488340071499138e+00
-1.174859024475453495e+01 1.802057482502730679e+00
6.129921524383064479e+00 6.724568957138044034e+00
-8.026868567556832090e+00 4.505625203126792933e+00
7.867514066525490790e+00 2.183880372809327230e+00
-3.596032634811185957e+00 9.233592337180251519e+00
-6.086344039586967902e+00 5.795099104541555413e+00
2.721016490906247864e-01 8.101859285503554275e+00
6.315098886358374131e+00 6.741692731300750197e+00
8.304657271163772947e+00 3.949514821620021543e+00
6.467825555937433357e+00 6.971888631267265879e+00
7.864517416605041333e+00 8.561421979086674128e+00
2.049330334489919692e-01 8.577945322525669880e+00
-1.006518821321413526e+01 4.996186349361162016e+00
-5.364243073152756558e-02 8.467338178817637839e+00
6.327453568595354128e+00 7.988735756896903517e+00
1.705159313338964200e+00 8.088031948444935892e+00
2.234563238539353680e+00 8.872232689653694493e+00
9.520026290601835584e+00 4.634847995295136691e+00
1.880600825306567581e+00 1.112688849269661340e+01
7.197439898340352471e+00 4.713899029636707816e+00
-9.330979143886384719e+00 6.964238628359795236e+00
6.646354542145662236e+00 5.292781839796685261e+00
-2.033350973640508208e+00 9.190086653416306817e+00
-2.804717807656645245e+00 1.106063530477445411e+01
-9.459748236242514707e+00 4.512608392170025517e+00
-8.208089516775727290e+00 3.825702768467842407e+00
-6.878896287861787640e-01 8.202582744472287857e+00
2.810068383310794893e+00 1.071924838220568077e+01
2.017585640772640243e+00 9.814787876425482338e+00
8.934214919913660680e+00 4.054720897220725817e+00
7.051676860080084985e+00 9.605400844375518332e+00
8.882067484370852029e+00 1.382079827515932668e-01
-2.467023182719462415e+00 1.052365779169260485e+01
-9.684579538612295480e+00 6.601430651237659042e+00
9.473008249931361036e+00 6.197840167669967926e+00
9.942147621580911476e+00 2.841231331456676390e+00
-5.608725604017908317e+00 8.494444647678683680e+00
9.237713415928068272e+00 6.820086074284900768e+00
-3.142979433643811493e+00 8.664832144767899536e+00
8.314663427010470897e+00 3.432505298605144972e+00
7.939224143862534611e+00 3.274705112071814028e+00
-8.822853038634900003e+00 7.777885414926105634e-02
-3.804809250570934109e-01 9.966774936096626902e+00
7.654636726107528766e+00 6.652638068875943667e+00
1.999797347656625979e+00 9.563789168750130187e+00
5.238980485983104174e+00 7.078000878544744801e+00
-1.815920688121589022e+00 9.807948862288556668e+00
3.031806192829920477e+00 1.114813887556949723e+01
8.648323731078332299e-01 9.790896357085848933e+00
2.801420175321175154e+00 9.690355239672204135e+00
-5.181735976159115964e+00 8.210521924545995276e+00
8.334340719140568510e+00 7.508101511239385850e+00
3.270814057350428516e+00 9.281832350269306531e+00
4.695382241747713792e+00 1.016968212373090807e+01
-2.877340455863670154e+00 8.231551211215244024e+00
8.281668824740680890e+00 5.647429539028820500e+00
-1.145516266387885551e+01 1.617262518307923225e+00
1.872929588359064201e+00 8.538002681165009378e+00
-6.029558806290060247e+00 6.471913373420282944e+00
-1.008031071918178512e+01 5.059675768238588667e+00
4.336513565374161772e+00 1.034701091785968963e+01
-1.027599339082336449e+01 2.972752609344253116e+00
-9.409310926759459903e+00 5.307916890900051810e-01
1.157910221414472396e+01 8.613181989533483796e-01
5.574377326911406527e+00 8.142363902961019306e+00
8.361639956282765240e+00 1.504555159038341028e-01
-7.917987560220350218e+00 3.412500234585673198e+00
-7.513847420900463092e+00 4.850471161604872350e+00
4.319307224928020439e+00 9.336384533394040730e+00
-6.466122647002208623e+00 6.106933751714528569e+00
9.384281918155053859e+00 2.141887475240142003e+00
-1.014354816494673095e+01 5.436332934575430542e+00
-3.525076617725940054e+00 1.010228890412651914e+01
3.637611506415819207e+00 7.764709359922112419e+00
-8.508406212969646276e+00 4.951405493827783388e+00
3.859001461488915208e+00 8.707995070304667351e+00
3.121183122221761419e+00 1.120203044625788991e+01
-6.563001581434644294e-01 9.797981741258531940e+00
-7.887686120807924084e-01 8.159271205727732124e+00
2.981149985667313818e+00 9.123773661935572932e+00
1.078319017675057623e+01 5.142859095886801235e+00
-5.794120055172776729e-01 1.195985693480258760e+01
-2.968083000204840172e+00 8.324455019325649019e+00
-7.056377065770272239e+00 8.183312841039166230e+00
-3.781084330613235345e+00 7.129952043950072316e+00
2.495285327874883219e+00 9.211805721876041630e+00
-9.148787199521692948e-01 1.165732135467427710e+01
2.978935182864809850e+00 8.305863997842276802e+00
-8.055944252053604870e+00 4.146255484399512525e+00
-6.337352182088583419e+00 9.507886070926092614e+00
6.215180708475359417e+00 9.680546989713365136e+00
-2.038240584603099759e+00 8.814370478788875474e+00
-3.558737844005884110e+00 7.634332146857540025e+00
-1.365835827267419811e+00 9.306981766305460368e+00
-1.763726645579286600e-01 9.577361145467980563e+00
6.284924132632758287e+00 5.879572094021792594e+00
-6.761688312392742262e+00 4.588201088443953246e+00
-1.045712768736779807e+01 1.909772750569699529e+00
-1.117497030327406549e+01 1.137482949176232827e+00
-4.209243299042695341e+00 7.660973907065315558e+00
8.479153714716597179e+00 3.811177598858842330e+00
1.312731418982891807e+00 1.130396318033210434e+01
6.848145978917910881e+00 6.060056615184516104e+00
-9.600947034704516270e+00 4.960307502345292718e+00
1.099480669858244219e+01 3.545909797095419425e+00
1.536213401243105015e+00 1.144431314686103107e+01
9.427701669100848392e+00 5.655074034045115106e+00
3.305527830837525105e+00 9.768813035298517633e+00
-7.514685473940088123e+00 3.753357958557465235e+00
1.413586228703310521e+00 9.423703806553557882e+00
6.395964387093931336e+00 8.217535985483849004e+00
7.621392124650810729e+00 8.853942147639511262e+00
-7.975152798399205878e+00 6.697974576563405336e+00
-7.727478171556831477e+00 2.793213104457623164e+00
-1.106902980623668142e+01 1.016491159928546661e+00
-1.063159068630272097e+00 8.427641948505227631e+00
3.800384600723651918e+00 9.590098879734197723e+00
8.799606856706049030e+00 5.704574731779404217e+00
-1.617770392695667692e-01 8.288315355769118042e+00
-9.187372110797081604e+00 8.120559986720708723e-02
-3.682982082469615559e+00 9.562468507730178757e+00
-3.775430662186752162e+00 1.022766702411401951e+01
4.560056683851984261e+00 8.397152929433630675e+00
-7.289816640835930173e+00 4.844593875218938805e+00
6.495672697828575259e+00 9.031422413120541393e+00
-1.003520869055496689e+01 3.229167226180452488e+00
3.965123761820726234e+00 1.060547615848128622e+01
-5.919392377633432289e+00 7.714577586480182880e+00
8.486338082060584043e+00 2.760820855583577149e+00
1.041574977663532664e+01 9.893170206993991966e-01
-8.780225680592533166e+00 6.419930684864471715e+00
-1.068001837740204429e+01 3.805075922478195594e+00
1.580408860324947096e+00 9.547969163139280013e+00
-2.979244131046085542e+00 1.145441208288250934e+01
-1.122832084973478040e+01 5.562718885690042248e-01
7.644085599397819841e+00 8.260957398233145454e+00
-7.822910794622411679e+00 2.836721054487600480e+00
-2.840068685748132982e+00 8.492179974050245050e+00
-3.887116484535810823e+00 8.005078872488093467e+00
-7.842371743058313527e+00 2.965342788249600403e+00
-7.972089219630110968e+00 2.043285159045578503e+00
-8.314479322702078790e+00 8.515038207246832247e-01
7.892266883793168653e+00 2.301264111165645776e+00
-9.351844398789225465e+00 6.655745020394171263e+00
9.308714555012500114e+00 7.333473346986045804e+00
-8.109664057700324946e+00 6.707294242582301003e+00
-1.064310471276329828e+01 3.368317532989951957e+00
1.036114292067251874e+01 4.071961044016710218e+00
7.838043107715054525e+00 2.892418955675287950e+00
-8.631814819406301353e+00 1.742689354225931631e+00
-1.063370232327290132e+01 7.799213866358589708e-01
1.073614388771439110e+00 1.020404235752880950e+01
-3.650530276387715212e+00 8.008034174186612120e+00
7.913919382208815634e+00 7.773821192218610676e+00
-9.150295710659388959e+00 6.157315705756432500e+00
-4.869612847754152263e+00 7.219810994701252760e+00
1.071595519416973374e+01 1.892237390851829071e+00
6.718072144351567410e+00 7.020834603423997677e+00
-5.836475108414665769e+00 1.005826217310122139e+01
-4.201684257842799308e-01 1.123992417865642501e+01
-2.186460615953621289e+00 9.854737677984735100e+00
4.964495628433419405e+00 8.973258940984415233e+00
-1.698422257298924487e+00 9.296716863597607627e+00
-1.101012128292880021e+01 3.635614295582117794e+00
-1.019984338685668490e+01 3.212890570253106315e+00
9.641208448403192577e+00 2.986135115523070649e+00
9.233668593168374628e+00 4.944410220050050597e+00
2.561342306736091423e+00 9.329596254446702375e+00
-6.057540761113481942e+00 7.204738196786646398e+00
-9.108882768877494485e+00 4.320696063656032315e+00
-6.719794430373018379e+00 5.214551942284616715e+00
3.404927841558005763e+00 7.722648454193287826e+00
7.322598521230343493e+00 8.298425853290092746e+00
-6.235036708475153233e+00 8.252503717860038890e+00
1.239504041166497483e+00 1.188004604343490200e+01
-2.366843556471063259e+00 8.789587721445711210e+00
2.692489469302358884e+00 8.400580420148447303e+00
2.691017065172740974e+00 1.123616696824931438e+01
5.232340102946829496e+00 8.761181024176650567e+00
-1.833529728604010423e+00 9.597795440750072515e+00
5.700145415525287085e+00 8.848704306195312341e+00
-5.870613975229173498e+00 7.217496381339471689e+00
6.913080447865240785e+00 9.801769613135164150e+00
-7.720463834539666337e+00 8.287550282180502492e+00
-7.147207400632784591e+00 7.039415487217957512e+00
8.079290461948858137e+00 1.037630251171439699e+00
-8.084738629235316054e+00 3.399073791590577986e+00
-8.310332830376522040e+00 8.146961932149167751e+00
-5.423716636767842658e+00 7.924892158426160904e+00
-6.244547805123819906e+00 5.169582282702434028e+00
-6.863814453776366342e+00 5.253258608957662723e+00
-3.239900133926487236e+00 1.088115691156957965e+01
9.932890764474814560e+00 3.551106882510011609e+00
1.125358712613290280e+01 2.744604772138508508e+00
-7.576072538085160346e+00 3.135760735739025584e+00
1.151864979547781331e+00 5.270455072771982330e-01
2.995031832017369666e+00 -4.240989544896420327e+00
1.615508234611602134e+01 -3.081263711767063818e+00
9.565020309241031526e+00 -5.237841089818369156e+00
4.434988895944752763e+00 -2.798394738868463349e+00
5.583676021101876330e+00 -4.324744350939131010e+00
1.737141728278337638e+01 -1.559766568328218028e-01
1.860131737105460914e+01 1.230253981394264784e-01
1.772443460097642642e+00 8.385381534553530969e-01
1.896113163147899527e+01 -2.099867319321240267e+00
8.377203822440185021e+00 -7.423050130160374849e+00
-1.467870012616367958e+00 2.946040455757196419e+00
1.541853327313030064e+01 -2.107962361012457819e+00
6.114775969150124446e+00 -5.253042902101954681e+00
4.640345407686792711e+00 -4.384998127686968061e+00
1.768373414902740848e+01 -4.213639039782709261e+00
1.128372496652018242e+01 -6.554542642700553756e+00
1.404290641829991770e+01 -3.425172693281064440e+00
1.363287525047141280e+01 -3.972081173475806359e+00
1.602938445832828052e+01 -1.417574201240595855e+00
3.443755583223525818e+00 -4.367649573111654249e+00
1.617052001683492435e+01 -3.961194665115466584e+00
1.327309844540730666e+01 -4.771320593113740571e+00
1.122256983425773136e+01 -4.567906412487195311e+00
-7.102635930837202238e-01 -3.499474238738020659e-01
2.006040869856809650e+01 3.755070789384556296e+00
2.091243517774955052e+01 2.588369605477046420e+00
1.696965189059014278e-01 3.133742412830446966e+00
1.119780174413864238e+01 -7.660945783020144617e+00
1.213146685772933608e+00 3.644279811870743568e+00
4.924387946197569477e+00 -2.597950507363750106e+00
2.357869480776653148e+00 -1.806588897555833739e+00
4.302456222618474158e+00 -2.651098402811784105e+00
1.629044693542137168e+01 -4.015544871876166155e+00
1.302586137084372098e+00 2.038153023667144570e+00
2.096087112771765959e+00 -4.742247216332950543e+00
1.779879349438639480e+01 -3.433184023980621724e+00
1.599156354145839032e+01 -4.789929980342657601e+00
1.054052724736969537e+00 -1.730669372230462244e+00
1.674689061136833956e+01 -3.626236942961708287e+00
1.691241240902420273e+01 -4.709291701335178715e+00
6.050621688030908274e-01 1.514629877898698407e+00
7.472965124299140172e-01 1.622204563317223958e+00
-5.703432481362771256e-01 1.465514200767444208e+00
1.925453708964406374e+01 2.004985136768214993e+00
2.698350593576375189e+00 -3.767405777712986570e+00
1.652509689176111252e+01 -1.988467026535105653e+00
1.843757636728867766e+01 -2.571520866165855068e-02
8.745630388831406421e+00 -6.720719879287527121e+00
1.602996526066953109e+01 -5.447813188984872212e+00
2.062616085796706500e+01 -1.303746655084510486e+00
2.070188399918286848e+01 6.797670203774357489e-01
5.147891306657516708e+00 -3.970324499759509074e+00
5.583881888986665487e+00 -6.908443260064013103e+00
1.102669821694561314e+01 -4.794881285760194345e+00
-1.830302436339596994e-01 -1.928445290775838927e+00
1.715166058359637447e+01 -3.236011084084911005e+00
1.710117881828433539e+01 -1.311387281896767121e+00
1.580598225454135530e+00 4.254525214430842084e-01
1.190836756584393719e+01 -7.438028257878936955e+00
1.573273397414122066e+01 -3.001068283858558949e+00
1.859396430036741776e+01 5.549588266991496432e-01
6.846710477786561277e+00 -7.011777714489634050e+00
1.867861748998382865e+01 -5.094372987225668226e-01
8.646349361137772860e-01 1.077328100061056393e+00
7.154640494443830434e+00 -3.574877730991175007e+00
5.652117292848819474e+00 -3.801614334036067078e+00
1.375391718980572264e+01 -6.300729405140726769e+00
1.555622678268231240e+01 -6.198890326454286281e+00
1.038012205926982290e+01 -4.806932178816820667e+00
1.467546790202455043e+00 -1.669752488978028637e+00
1.977346122298238029e+00 4.510776572846317833e-01
1.899602139739814533e+01 1.803159218917238071e+00
2.917927531921079343e+00 -3.439430677053421981e+00
1.528268509830840216e+01 -4.597605712468480377e+00
4.706422596962076987e+00 -3.234693633157682768e+00
5.313929062058020847e+00 -4.658013887496339933e+00
1.885937033374383276e+01 3.966280403725186421e+00
7.521460114338689884e+00 -6.041561565890580354e+00
6.486238575820957308e+00 -3.969805511126728526e+00
1.569964972423964511e+01 -1.692947801828250221e+00
1.093528396199950592e+01 -7.815828570146393872e+00
-9.039196919906711258e-01 2.278212284970132728e+00
4.427856191412988807e+00 -3.060192239052618390e+00
6.042887693546278527e+00 -3.582772822181494732e+00
2.033408539472237209e+01 -8.980388997913077986e-01
7.003475389707478627e-01 -3.232792490223970638e+00
-1.709667623669410830e-01 5.436571870332151946e-01
8.865710969515760098e+00 -4.867042379375822847e+00
1.486080522717082708e+01 -4.762053659743736844e+00
3.044679235287383712e+00 -3.889791340688364407e+00
1.044151545349113874e+01 -6.479744776787281779e+00
8.723957833540394446e+00 -4.169657653635187700e+00
1.324704916870931726e+01 -4.390894484686691968e+00
1.545741426743819957e+01 -2.064727486254590794e+00
1.685785199959723712e+01 -1.965764816585363839e+00
3.945378202782331201e+00 -3.687344610185214755e+00
6.987314955299204655e+00 -5.521548677368775415e+00
5.699012357053860889e+00 -7.183142549861145199e+00
1.723879414449308811e+00 -3.283671881051913211e+00
2.025660368374357034e+01 -1.434884131939997864e+00
1.838211522930297548e+01 5.294267089651505387e-01
1.271743108187729021e+01 -4.608446993444443862e+00
1.753914254906773351e+01 -1.398258654281211655e+00
7.610860426306111037e+00 -3.755800635385688757e+00
5.324477523817202851e+00 -6.634593168948654807e+00
1.275668222400310903e+01 -5.154826354174085523e+00
2.500644504391245526e+00 -1.617496527698759401e+00
-5.317744333616758468e-02 9.430771959785921865e-02
1.858873730430072513e+01 2.680083125593712978e-02
1.811744687576575785e+01 -4.824236904597665188e+00
-7.988716205348502797e-01 1.735853854598137236e+00
2.558512510021724751e+00 -4.119109681225889830e+00
2.030683926554127083e+01 -2.139718328731033736e+00
-1.447639931611394815e+00 3.561509698037403915e+00
1.704046893485523739e+01 -2.177455510021282237e-01
2.637717685368989429e+00 -1.960925946362350736e+00
7.305238225122446138e+00 -5.094936471577874215e+00
2.061781986994568072e+01 2.299649593969264494e+00
1.509098072702973781e+01 -5.220278228287481781e+00
4.159206088526743450e+00 -2.270978248480244766e+00
1.729934143808639746e+01 -1.835572891334737555e+00
4.736222748756975243e+00 -6.143101847352758327e+00
2.021174329407948633e+01 -1.117583297641142615e+00
8.476537072888490343e-01 3.567367439651927707e+00
-1.873228550282828309e-01 -3.921986398474768265e-01
3.106789153061043862e+00 -2.387398103215663703e+00
1.831904905886710822e+01 3.323681134248486213e+00
1.938587742434128458e+01 -1.252909285704859599e-01
1.233616187588188318e+01 -3.680977093485872764e+00
1.718510079351682762e+01 -1.045329328426531035e+00
1.635304260788262098e+01 -5.420471644030698144e+00
4.859264551530927179e+00 -5.891270746765190580e+00
9.408763942376761946e+00 -5.771075822476397832e+00
6.044706490860621173e+00 -7.326948537600660671e+00
1.084889207827877122e+01 -6.856244266928195330e+00
1.711269704054548413e+01 -3.787813861526825754e+00
-1.057934344194354281e+00 2.838664934509600446e+00
7.126486808775594817e+00 -5.282209907967711615e+00
3.501522302628293559e+00 -5.968109595626787112e+00
1.533966191424925185e+00 1.472700104209652583e+00
7.135710466923365303e+00 -4.136087619432455398e+00
1.927453369295406560e+00 -6.182574785710404086e-01
9.844371280757227893e+00 -7.670003248954385455e+00
1.417133571420202820e+01 -5.381741994723373779e+00
1.668075457391884342e+00 3.188743498721589020e+00
1.473606114003787937e+00 2.255691231981450606e+00
1.860861959371687036e+01 -1.948192400223024201e+00
1.851657849070839745e+01 5.331929858988249116e-01
1.702398943205390935e+01 -4.322643669211574391e+00
3.915856339288700916e+00 -2.664675165407746071e+00
2.034235857511675505e+01 -5.399437744195960676e-01
9.352654633466880085e+00 -4.547099329288007752e+00
1.880500586847318800e+01 -3.414768779944804322e+00
1.847110502443711866e+01 3.801314131300040700e+00
1.854851607322871132e+01 -8.538650220765191534e-01
2.737419810395778086e-01 -1.888010605409347065e-01
4.330881901770671227e+00 -1.651625834527567172e+00
1.545167412563777987e+00 3.825814757217451234e+00
1.382987861088226467e+00 -3.813455472575636662e+00
1.715645429880494177e+00 7.394705900092319872e-01
1.979260356056804682e+01 3.997194050155340239e+00
4.194665795500065464e+00 -2.988614323447333909e+00
1.370999741597911026e+01 -5.991919529586546389e+00
4.785581316656540629e+00 -4.589962570268056652e+00
1.329156278164996152e+00 -1.676893414303720853e+00
4.394193930873608878e-01 -2.836257701617221905e+00
1.917563848233141854e+01 -7.495188957471388136e-02
1.858220811032298059e+01 8.913069979377841179e-01
2.167928074081218170e+01 2.889463447992843381e+00
2.506624705428233568e+00 -1.186693360507441675e+00
-7.996560973600139732e-01 -5.998929612205916584e-02
2.817992466399339868e+00 2.266894496747111631e-01
1.626084624439622672e+01 -2.541173897338127929e+00
1.816796800570478965e+01 2.388577219893099013e+00
7.133157637741355472e+00 -4.307908719427800293e+00
7.463371068113453077e+00 -3.615184241509902918e+00
1.337920833740110815e+01 -4.854695998646917587e+00
5.031459259520310923e+00 -5.341788247909203591e+00
1.791547901461994385e+00 -9.197970698260338196e-01
1.557753805870814645e+01 -2.090768195931723916e+00
1.146948439957943400e+01 -4.553223558079986688e+00
3.238235893300057455e+00 -3.513419509999032186e+00
1.693641348306273642e+01 -1.732380545906639036e+00
5.938028580469397966e+00 -5.326260069024495891e+00
1.894036534314965436e+01 1.864987555590220669e+00
9.448984650744467473e+00 -7.820313085380670159e+00
-1.677602651483008245e+00 3.719632437817964377e+00
1.772573943942638408e+01 1.862024471640277401e+00
3.212806652245025596e+00 -5.515420680829759448e+00
9.439085318090372212e+00 -5.348355848144130675e+00
5.320835902433002751e+00 -6.550044691400627173e+00
1.058632127362597330e+01 -4.157311560930470051e+00
1.239802721306395128e+00 -2.725221704492304831e+00
1.038391117723007007e+01 -5.007826278991430513e+00
1.507439636353842261e+00 -4.465968929787495156e+00
-4.498669120409886091e-01 1.055840346767749516e+00
2.092413661987858120e+01 6.335240461292590552e-02
8.832399462299669324e+00 -5.764452480505990906e+00
6.579006412877030030e+00 -3.985290136674392691e+00
1.166258494807309987e+01 -4.115389387730280291e+00
3.320589914673068854e+00 -3.538705462990349382e+00
3.780183214320242513e+00 -4.594814952202227687e+00
1.870179815467077589e+01 1.265602877166885687e+00
1.819316920268157389e+01 -2.611641438495786005e+00
6.006657934052745063e+00 -6.121393385515652596e+00
1.129045033573868650e+00 -1.222610425498848130e+00
5.629628532484804992e-01 -2.683152000962412131e+00
1.846477315965996979e+01 -2.296127297701659131e+00
8.488253687680412440e+00 -5.940861003177420940e+00
1.543017222964000723e+01 -3.784262691013154267e+00
8.304860310158376890e+00 -3.995077275090467062e+00
7.960969999263455499e+00 -5.207107190192347801e+00
6.749750612254745263e+00 -5.522645244740408188e+00
7.412432527537017535e+00 -6.230039063693252999e+00
1.566296859745200187e+01 -4.285429451406166379e+00
1.215889893007894074e+01 -7.696953054117537718e+00
1.679085630884384983e+01 -2.091208137966623859e+00
1.162238445688746680e+00 2.392895732364303640e+00
8.554225111423942707e+00 -7.790771414205135414e+00
1.697363779836868147e+01 -3.276940033858271484e+00
9.415404526009561792e+00 -4.187341399161249811e+00
1.166168491389471740e+01 -4.967590239906353844e+00
1.940359881435818323e+01 -4.518169869345332046e-01
1.831347182874298340e+01 -4.216792670111665586e+00
8.755816791276629374e-01 -1.181954741530740094e+00
1.286850825305934265e+01 -7.172136921614427507e+00
1.463590749315664574e+01 -3.523782899755076414e+00
2.098301410493055386e+01 3.750866796317986029e+00
1.950727935190876750e+01 1.679194666776343769e+00
2.499496242513685296e+00 -1.046949088880855250e+00
-1.038457809087292461e+00 3.984570947832333232e-01
7.175308858262989808e+00 -5.382135979940279924e+00
1.768256894948629920e+01 9.013383845576821152e-01
1.706502831385587982e+01 -1.174640839995996444e+00
1.626212058656833648e+01 -5.900100793109933406e+00
4.553918934057646695e+00 -3.194349216617839105e+00
1.654507690727705338e+01 -2.175302537692401117e+00
1.515053090095699417e+01 -5.984501639957557018e+00
4.218601239762396204e-01 -3.056759816620004955e+00
-6.089246648259454275e-01 -2.937852643215199677e-01
2.190404084500945814e+01 3.209371249548294447e+00
1.410418342770153366e+01 -3.703072533640782815e+00
2.195429130762971859e+00 -3.336823073872418277e+00
7.737469548089165094e+00 -3.929726809442045443e+00
1.662129035141693123e+01 -4.280077758966655210e+00
-1.942522718354037892e+00 3.321906417942985357e+00
-4.058598547331424555e-01 2.621671466596893652e+00
1.751099405653651075e+01 -2.756173408925024049e+00
-7.123200393245259221e-01 1.955437840804270078e+00
1.984024496954461370e+01 -2.200955784014008820e+00
3.530673677503306962e+00 -5.691112272484037504e+00
3.405491693123654073e+00 -5.410627660252647075e+00
1.809758729390026843e+01 7.264950396199867377e-01
1.051596663548834165e+01 -7.827878832378317497e+00
2.068534799294048554e+01 2.857118828871526794e+00
1.244936439854727794e+01 -7.690258054313881431e+00
1.425145154145276116e+01 -4.932135314014217897e+00
1.694016675056188603e+01 -2.583497508608754600e+00
1.267063107813389777e+01 -5.070099342757270477e+00
1.424375889710667309e+00 1.364109872252910360e+00
1.082131772838519090e+01 -6.531157769265167445e+00
1.163779302695065354e+00 -1.797438439023625989e+00
4.030858002590542277e+00 -1.360883745675147694e+00
9.573953146229621680e+00 -4.787366400502673258e+00
1.982799104790658973e+01 -6.466047440457511897e-01
1.120190896213272325e+01 -5.181048042454740710e+00
1.199097466162672809e+01 -7.536503733977905739e+00
5.174937343401722956e+00 -3.885051248820890812e+00
1.032754418512845440e+01 -6.414919800700337404e+00
1.820593955223421290e+01 3.694876325211318147e+00
-9.397611076369205563e-01 1.345262296652945277e+00
1.340655755181784059e+01 -7.433702422198104287e+00
1.427225917295249147e+01 -2.883808132663303603e+00
5.780947346205937976e-01 -2.244763070710461328e+00
4.192433347613788719e+00 -2.886435594432191110e+00
2.085861975292843340e+00 -4.839635559695782518e+00
-8.013591370730193120e-01 2.786208827551546641e+00
1.994925693250101162e+00 1.801363455146456793e+00
4.499261910390618624e+00 -5.385805518133446768e+00
1.501418444071038394e+01 -5.115256949203509151e+00
-4.797686554386011437e-01 3.977089140250696264e+00
1.789937268480270305e+01 -2.387958240182694425e+00
1.335135627277460557e+01 -5.962839688330635823e+00
9.833484966668049054e+00 -5.034505136576720830e+00
6.409987850655506136e+00 -7.333206517378323852e+00
-1.718192656148701758e+00 2.179702509265223576e+00
1.067809637629307495e+01 -4.585094082363575296e+00
4.061317751859322200e+00 -5.873066763753703512e+00
1.835139874690672457e+01 -1.653329200452125392e+00
1.349824113523445135e+01 -5.343836547526008118e+00
1.042717860778671835e+01 -5.345347547350492334e+00
7.827074292657041354e-01 -3.410016696470492548e-01
6.922474096905796515e+00 -3.969652901776459686e+00
7.384702415658258801e+00 -4.494241999406664689e+00
1.232019623519227380e+01 -6.275436933554225050e+00
1.270335766718456405e+01 -4.749167891803308450e+00
1.424952252207996040e+01 -3.876925789366612918e+00
1.149959717759820066e+01 -5.521426658749545524e+00
1.734136861415325015e+01 5.500714097244352452e-01
3.746714776393194057e-01 2.247953933312247798e+00
3.407670607786765338e+00 -5.906655856734744248e+00
7.171556218062594468e+00 -7.029059449528029191e+00
1.808753545262171514e+01 3.138850067486182560e+00
1.462639824586978854e+01 -4.900488340071499138e+00
-1.748590244754534950e+00 2.197942517497269321e+00
1.612992152438306448e+01 -2.724568957138044034e+00
1.973131432443167910e+00 -5.056252031267929326e-01
1.786751406652549079e+01 1.816119627190672770e+00
6.403967365188814043e+00 -5.233592337180251519e+00
3.913655960413032098e+00 -1.795099104541555413e+00
1.027210164909062406e+01 -4.101859285503554275e+00
1.631509888635837413e+01 -2.741692731300750197e+00
1.830465727116377295e+01 5.048517837997845703e-02
1.646782555593743425e+01 -2.971888631267265879e+00
1.786451741660503956e+01 -4.561421979086674128e+00
1.020493303344899161e+01 -4.577945322525669880e+00
-6.518821321413525993e-02 -9.961863493611620157e-01
9.946357569268473142e+00 -4.467338178817637839e+00
1.632745356859535235e+01 -3.988735756896903517e+00
1.170515931333896376e+01 -4.088031948444935892e+00
1.223456323853935324e+01 -4.872232689653694493e+00
1.952002629060183381e+01 -6.348479952951366911e-01
1.188060082530656736e+01 -7.126888492696613397e+00
1.719743989834035247e+01 -7.138990296367078159e-01
6.690208561136152809e-01 -2.964238628359795236e+00
1.664635454214566224e+01 -1.292781839796685261e+00
7.966649026359491792e+00 -5.190086653416306817e+00
7.195282192343354311e+00 -7.060635304774454113e+00
5.402517637574852927e-01 -5.126083921700255175e-01
1.791910483224272710e+00 1.742972315321575927e-01
9.312110371213821125e+00 -4.202582744472287857e+00
1.281006838331079578e+01 -6.719248382205680770e+00
1.201758564077264069e+01 -5.814787876425482338e+00
1.893421491991366068e+01 -5.472089722072581708e-02
1.705167686008008587e+01 -5.605400844375518332e+00
1.888206748437085025e+01 3.861792017248406594e+00
7.532976817280538029e+00 -6.523657791692604846e+00
3.154204613877045205e-01 -2.601430651237659042e+00
1.947300824993136104e+01 -2.197840167669967926e+00
1.994214762158091148e+01 1.158768668543323610e+00
4.391274395982091683e+00 -4.494444647678683680e+00
1.923771341592807005e+01 -2.820086074284900768e+00
6.857020566356188951e+00 -4.664832144767899536e+00
1.831466342701047267e+01 5.674947013948550278e-01
1.793922414386253550e+01 7.252948879281859718e-01
1.177146961365099997e+00 3.922221145850738999e+00
9.619519074942907366e+00 -5.966774936096626902e+00
1.765463672610752965e+01 -2.652638068875943667e+00
1.199979734765662620e+01 -5.563789168750130187e+00
1.523898048598310417e+01 -3.078000878544744801e+00
8.184079311878411644e+00 -5.807948862288556668e+00
1.303180619282992048e+01 -7.148138875569497230e+00
1.086483237310783245e+01 -5.790896357085848933e+00
1.280142017532117471e+01 -5.690355239672204135e+00
4.818264023840884036e+00 -4.210521924545995276e+00
1.833434071914057029e+01 -3.508101511239385850e+00
1.327081405735042807e+01 -5.281832350269306531e+00
1.469538224174771379e+01 -6.169682123730908074e+00
7.122659544136329401e+00 -4.231551211215244024e+00
1.828166882474068089e+01 -1.647429539028820500e+00
-1.455162663878855511e+00 2.382737481692076997e+00
1.187292958835906376e+01 -4.538002681165009378e+00
3.970441193709939753e+00 -2.471913373420282944e+00
-8.031071918178511737e-02 -1.059675768238588667e+00
1.433651356537416177e+01 -6.347010917859689627e+00
-2.759933908233644928e-01 1.027247390655746884e+00
5.906890732405400968e-01 3.469208310909994708e+00
2.157910221414472574e+01 3.138681801046651731e+00
1.557437732691140653e+01 -4.142363902961019306e+00
1.836163995628276524e+01 3.849544484096165675e+00
2.082012439779649782e+00 5.874997654143268022e-01
2.486152579099536908e+00 -8.504711616048723499e-01
1.431930722492802133e+01 -5.336384533394040730e+00
3.533877352997791377e+00 -2.106933751714528569e+00
1.938428191815505386e+01 1.858112524759857997e+00
-1.435481649467309495e-01 -1.436332934575430542e+00
6.474923382274059946e+00 -6.102288904126519142e+00
1.363761150641581921e+01 -3.764709359922112419e+00
1.491593787030353724e+00 -9.514054938277833884e-01
1.385900146148891565e+01 -4.707995070304667351e+00
1.312118312222176186e+01 -7.202030446257889906e+00
9.343699841856535571e+00 -5.797981741258531940e+00
9.211231387919207592e+00 -4.159271205727732124e+00
1.298114998566731337e+01 -5.123773661935572932e+00
2.078319017675057623e+01 -1.142859095886801235e+00
9.420587994482723104e+00 -7.959856934802587602e+00
7.031916999795159384e+00 -4.324455019325649019e+00
2.943622934229727761e+00 -4.183312841039166230e+00
6.218915669386764655e+00 -3.129952043950072316e+00
1.249528532787488366e+01 -5.211805721876041630e+00
9.085121280047831149e+00 -7.657321354674277103e+00
1.297893518286480941e+01 -4.305863997842276802e+00
1.944055747946395130e+00 -1.462554843995125253e-01
3.662647817911416581e+00 -5.507886070926092614e+00
1.621518070847535853e+01 -5.680546989713365136e+00
7.961759415396899797e+00 -4.814370478788875474e+00
6.441262155994115446e+00 -3.634332146857540025e+00
8.634164172732580411e+00 -5.306981766305460368e+00
9.823627335442070674e+00 -5.577361145467980563e+00
1.628492413263276006e+01 -1.879572094021792594e+00
3.238311687607257738e+00 -5.882010884439532461e-01
-4.571276873677980745e-01 2.090227249430300471e+00
-1.174970303274065486e+00 2.862517050823766951e+00
5.790756700957304659e+00 -3.660973907065315558e+00
1.847915371471659540e+01 1.888224011411576697e-01
1.131273141898289225e+01 -7.303963180332104344e+00
1.684814597891791266e+01 -2.060056615184516104e+00
3.990529652954837303e-01 -9.603075023452927184e-01
2.099480669858244397e+01 4.540902029045805754e-01
1.153621340124310457e+01 -7.444313146861031072e+00
1.942770166910084839e+01 -1.655074034045115106e+00
1.330552783083752466e+01 -5.768813035298517633e+00
2.485314526059911877e+00 2.466420414425347651e-01
1.141358622870331097e+01 -5.423703806553557882e+00
1.639596438709393311e+01 -4.217535985483849004e+00
1.762139212465081073e+01 -4.853942147639511262e+00
2.024847201600794122e+00 -2.697974576563405336e+00
2.272521828443168523e+00 1.206786895542376836e+00
-1.069029806236681424e+00 2.983508840071453339e+00
8.936840931369728125e+00 -4.427641948505227631e+00
1.380038460072365147e+01 -5.590098879734197723e+00
1.879960685670604903e+01 -1.704574731779404217e+00
9.838222960730433897e+00 -4.288315355769118042e+00
8.126278892029183964e-01 3.918794400132792788e+00
6.317017917530383997e+00 -5.562468507730178757e+00
6.224569337813248282e+00 -6.227667024114019512e+00
1.456005668385198426e+01 -4.397152929433630675e+00
2.710183359164069827e+00 -8.445938752189388055e-01
1.649567269782857437e+01 -5.031422413120541393e+00
-3.520869055496689271e-02 7.708327738195475121e-01
1.396512376182072579e+01 -6.605476158481286220e+00
4.080607622366567711e+00 -3.714577586480182880e+00
1.848633808206058404e+01 1.239179144416422851e+00
2.041574977663532664e+01 3.010682979300600692e+00
1.219774319407466834e+00 -2.419930684864471715e+00
-6.800183774020442939e-01 1.949240775218044064e-01
1.158040886032494754e+01 -5.547969163139280013e+00
7.020755868953914458e+00 -7.454412082882509338e+00
-1.228320849734780396e+00 3.443728111430995664e+00
1.764408559939781895e+01 -4.260957398233145454e+00
2.177089205377588321e+00 1.163278945512399520e+00
7.159931314251867462e+00 -4.492179974050245050e+00
6.112883515464188733e+00 -4.005078872488093467e+00
2.157628256941686473e+00 1.034657211750399597e+00
2.027910780369889032e+00 1.956714840954421497e+00
1.685520677297921210e+00 3.148496179275316997e+00
1.789226688379316954e+01 1.698735888834354224e+00
6.481556012107745346e-01 -2.655745020394171263e+00
1.930871455501250011e+01 -3.333473346986045804e+00
1.890335942299675054e+00 -2.707294242582301003e+00
-6.431047127632982807e-01 6.316824670100480432e-01
2.036114292067252052e+01 -7.196104401671021833e-02
1.783804310771505541e+01 1.107581044324712050e+00
1.368185180593698647e+00 2.257310645774068369e+00
-6.337023232729013245e-01 3.220078613364140807e+00
1.107361438877143911e+01 -6.204042357528809504e+00
6.349469723612284788e+00 -4.008034174186612120e+00
1.791391938220881741e+01 -3.773821192218610676e+00
8.497042893406110409e-01 -2.157315705756432500e+00
5.130387152245847737e+00 -3.219810994701252760e+00
2.071595519416973374e+01 2.107762609148171151e+00
1.671807214435156652e+01 -3.020834603423997677e+00
4.163524891585334231e+00 -6.058262173101221393e+00
9.579831574215720735e+00 -7.239924178656425013e+00
7.813539384046379155e+00 -5.854737677984735100e+00
1.496449562843341852e+01 -4.973258940984415233e+00
8.301577742701075735e+00 -5.296716863597607627e+00
-1.010121282928800213e+00 3.643857044178822058e-01
-1.998433868566849014e-01 7.871094297468936851e-01
1.964120844840319080e+01 1.013864884476929351e+00
1.923366859316837463e+01 -9.444102200500505973e-01
1.256134230673609053e+01 -5.329596254446702375e+00
3.942459238886518058e+00 -3.204738196786646398e+00
8.911172311225055154e-01 -3.206960636560323152e-01
3.280205569626981621e+00 -1.214551942284616715e+00
1.340492784155800621e+01 -3.722648454193287826e+00
1.732259852123034349e+01 -4.298425853290092746e+00
3.764963291524846767e+00 -4.252503717860038890e+00
1.123950404116649793e+01 -7.880046043434902003e+00
7.633156443528936741e+00 -4.789587721445711210e+00
1.269248946930235888e+01 -4.400580420148447303e+00
1.269101706517274053e+01 -7.236166968249314380e+00
1.523234010294682861e+01 -4.761181024176650567e+00
8.166470271395990466e+00 -5.597795440750072515e+00
1.570014541552528797e+01 -4.848704306195312341e+00
4.129386024770826502e+00 -3.217496381339471689e+00
1.691308044786524079e+01 -5.801769613135164150e+00
2.279536165460333663e+00 -4.287550282180502492e+00
2.852792599367215409e+00 -3.039415487217957512e+00
1.807929046194885814e+01 2.962369748828560301e+00
1.915261370764683946e+00 6.009262084094220135e-01
1.689667169623477960e+00 -4.146961932149167751e+00
4.576283363232157342e+00 -3.924892158426160904e+00
3.755452194876180094e+00 -1.169582282702434028e+00
3.136185546223633658e+00 -1.253258608957662723e+00
6.760099866073512764e+00 -6.881156911569579648e+00
1.993289076447481278e+01 4.488931174899883914e-01
2.125358712613290280e+01 1.255395227861491492e+00
2.423927461914839654e+00 8.642392642609744158e-01
