8.276777122336072878e+00 6.049063798893618227e+00
9.950025588297469525e+00 2.026153553843617505e+00
-1.019300927697450909e+01 2.187105115333580763e+00
-6.683578028259904436e+00 6.545666566876498393e+00
-8.535269474387920496e+00 5.093142093884179822e+00
-5.046615154239870726e+00 6.436749373232356852e+00
8.423933891338071689e+00 2.215920776511785206e+00
8.529380444819290474e+00 7.289351952844961957e+00
-7.800999638993609153e+00 2.076062445023921565e+00
-5.310055395264489775e+00 1.038153588754175161e+01
-9.011404906599063125e+00 6.475747810655550829e+00
-3.621158919335601745e+00 8.592660194804581764e+00
-2.043751098386648923e+00 8.639636235552536903e+00
-4.387119230436783646e+00 7.316963233651856413e+00
-1.037251256599601934e+00 9.675834892841399082e+00
4.498216294984182184e+00 1.006495101564818739e+01
-2.913793584173606302e-02 8.218288534205058227e+00
7.228420818892564270e+00 7.159092869437353457e+00
-8.740613888716971758e+00 5.718199492543442730e+00
1.112402324199453929e+01 4.018178773714397245e+00
-8.243564214519292221e+00 5.894348545618163904e+00
4.988159245068059522e-01 1.166826018158304734e+01
-9.469479109673605066e+00 3.130960215295194971e+00
-8.450086360471942726e+00 4.196875999351362019e+00
-3.548737843525083258e-01 9.403470050679192838e+00
5.595829660459513910e+00 9.045094512784453755e+00
-8.698127087586870587e+00 6.818235886791139677e+00
3.081614908278496601e-01 9.231132397777466636e+00
-1.085445373303318028e+01 4.503804187671941683e+00
-4.676450415128751703e-01 1.083146260714360842e+01
-2.607501765583602360e+00 7.791620282357230032e+00
1.602887769154771824e+00 1.183220473802307637e+01
1.180308258177352876e+01 1.258858246955235627e-01
-8.515207360721507968e+00 7.848472403565594391e+00
-1.012147728172145911e+01 5.518911713074109215e+00
1.175608248613276707e+01 2.161829183449913927e+00
4.773140859960102844e+00 7.074848050767591268e+00
-2.089726399897857689e+00 9.624167194105554657e+00
9.049226429921684023e-01 9.749301533162658018e+00
7.434931768240045535e+00 5.969826196332949308e+00
7.662451043109647308e+00 3.026309417421883641e+00
-5.814745867478062102e+00 7.789872042033755939e+00
-7.217676561858845652e+00 5.920772921703809644e+00
-8.218896182591713284e+00 7.927924038656969152e+00
7.205745272028934778e+00 5.156087732633118925e+00
3.586375936027942135e+00 1.042682838227903908e+01
-5.825227500279152260e+00 8.323034476419701733e+00
-1.098769132177095109e+01 5.439801670493625840e-01
2.733183287461785849e+00 1.065754145746564063e+01
-1.275528670603428283e-01 1.107599653274883167e+01
7.803620439204857817e+00 2.481092229634841662e+00
9.008760681717586039e+00 3.073664589363665822e+00
8.868422992568847363e+00 7.117783098341395664e+00
9.657948622909950487e+00 5.864543012360621255e+00
5.222222449969809333e+00 7.719326327894203033e+00
-1.335852628591402302e+00 1.186958695512281281e+01
1.170045573684451234e+01 2.444076236482693343e+00
-5.912258926793001912e+00 8.464927286739504453e+00
9.601372868015198847e+00 5.025784508765392289e+00
5.071769618075717467e+00 9.058647753676273950e+00
1.116178728261762032e+01 3.987220492251678294e+00
-9.357476599538770756e+00 3.117435641307924499e+00
-8.278374880834501681e+00 1.380060214385580908e+00
-4.774344070501540749e+00 7.054633396647085775e+00
-3.153435831653340404e+00 8.913842254806398913e+00
4.308838172527425847e+00 1.071352545244263865e+01
1.290559474660233907e-01 9.147254059956738459e+00
-6.606975401942321025e-01 1.107277866969350200e+01
3.207046739061542695e+00 1.066134709949315607e+01
2.700465027320134492e+00 7.672984189819350043e+00
7.426187413247740565e+00 4.128314913351607274e+00
-1.257408007570035569e+00 1.056291065894955317e+01
-7.680176935356456625e+00 4.277242850988678846e+00
-1.093909656290176180e+01 9.562844766711114941e-01
1.001795760313348183e+01 4.710091336148681584e+00
-3.671803368146586699e+00 1.034204416944957927e+01
-5.427214515257489325e+00 9.269935024861730710e+00
-1.065246285797255688e+01 1.548259625304534677e-03
-8.890054761398408445e+00 7.544053905769632529e+00
8.510911740475311404e+00 7.251048986419399434e+00
-5.581006570887903528e+00 9.390977515246765606e+00
-6.904422633941083021e+00 6.872548963757385998e+00
7.622285754489803722e+00 5.000918831968860445e+00
5.511362189594317229e+00 8.286245306675347422e+00
7.517358267406366146e+00 4.221830864699375852e+00
-8.156738180760372714e+00 2.750908133073316719e+00
1.102328549302558791e+01 3.483056113965189660e+00
-3.700020118980973383e+00 9.792806816679835435e+00
-3.397622270227977470e+00 7.645595606930241317e+00
2.879096723322863038e+00 1.015144978897607508e+01
-7.737618250888102622e+00 5.911426202215861458e+00
-8.937686141726647548e+00 3.203023892619239366e+00
5.273248523599358251e+00 1.068039743149253518e+01
-8.938458489767375781e+00 3.404323237086315679e+00
-5.629081179977447391e+00 9.728898566270707704e+00
-7.181163911066857253e+00 4.839687283228019332e+00
7.476465645351090039e+00 6.710915994342727231e+00
-1.082130584296559306e+01 5.115872263310324852e-01
-3.543744198085415409e+00 8.043302723785235031e+00
-1.599967857768954449e+00 1.114653773384185165e+01
8.395017637223082474e+00 4.946053869137118753e+00
9.210605361951708758e+00 4.626490627694516355e+00
-2.091544647275527247e+00 1.093915823900221973e+01
-8.441060001001165602e+00 1.650650529662667232e-01
-8.640356377586078551e+00 1.880429861226778243e+00
-5.000582380028697926e+00 8.034496335370301168e+00
-5.632411902624469668e+00 1.045471419524349521e+01
8.140932575770991164e+00 3.809122601492383187e-02
-1.037503372742496932e+00 8.609853812597632938e+00
-7.311244627631925397e+00 5.448502701235557133e+00
4.487874200868286145e+00 6.766640280149633035e+00
8.391744040701473395e+00 3.733922879918619930e+00
-8.315346146309973818e+00 3.563090609904119965e+00
-7.808028415735408956e+00 6.492800495913142456e+00
-8.603952322688591892e+00 2.974640361677970635e+00
-8.152201157050297908e+00 5.573812929596198451e+00
-4.859796003845746060e-01 8.215526702944954351e+00
-1.609978926717957837e+00 1.018814850672573868e+01
-2.653003644847737874e+00 8.699966435516445884e+00
6.462078912372260397e+00 6.885822741645949208e+00
2.326766743196010179e+00 8.150872678453080056e+00
-6.471267865306014500e+00 5.164406875081070325e+00
-5.488028217375960693e+00 1.023336251926575713e+01
3.110646390979509679e+00 9.001749348048930344e+00
-2.042340470376740491e+00 9.321167675064279123e+00
8.822498403915414400e+00 5.206355727369124664e-02
1.071820280209008480e+01 3.508678909253547307e+00
-3.263743387505479543e+00 1.077367136870974740e+01
-6.590929799655927290e+00 6.602146739423726984e+00
-3.844879098601507561e+00 1.017400448587280515e+01
7.603495746066442074e+00 3.677227303873080277e+00
-7.597528798311948606e+00 3.907885375434122288e+00
-5.784066528354442127e+00 9.907240926823909888e+00
-8.883430941822220817e+00 3.900938763773567519e+00
-1.038613171861613971e+01 4.351391652669810206e+00
-9.909761843389174985e+00 2.484687937190199758e+00
-4.073704109550488894e+00 8.427786108309916813e+00
-5.397253167814720420e+00 8.488082862459807032e+00
8.947290151771435163e+00 2.361118260389862389e+00
1.043345514612360780e+01 5.056542011023998029e+00
1.010420218684538085e+01 3.235775924717105401e+00
2.102644487182983302e-01 1.081665329582978607e+01
7.653444275130829588e+00 6.276879261074697958e+00
-5.853082963807815453e+00 9.314971024307739711e+00
-2.612855361232989893e+00 9.129020830584645196e+00
8.222338145368153661e+00 4.960344985993721423e+00
-2.410989458748078018e+00 1.051368195749326873e+01
9.710712135157766767e+00 2.831260964164932226e+00
6.800130843449966100e+00 8.686123064974657026e+00
7.231231924695087798e+00 7.328864487683717677e+00
5.494653916779036251e+00 7.236282249857958426e+00
-8.015364955104242739e+00 2.969971487144371647e+00
-9.423587103820050714e+00 2.573110399145927651e+00
3.146282890663441911e+00 8.126506927997350971e+00
-7.969988523785310086e+00 3.940386677140323979e+00
8.696297997280074910e+00 1.468656969627903264e+00
-7.469026674762673679e+00 5.779093759944208486e+00
-4.597507647643075401e+00 9.076193490532162400e+00
8.775109726007586985e+00 3.205610132566204307e+00
-6.382954624054909765e+00 9.497629580803067739e+00
-7.443856590083292701e+00 8.264042657028392469e+00
8.136768116802461037e+00 5.939183489251677273e+00
-7.224642146702429990e+00 4.193660078352478671e+00
9.265091719543807613e+00 5.392015540304434751e+00
4.899448653874616255e+00 1.023617226052258289e+01
-5.810964603269063389e+00 9.765288649697891898e+00
1.053827261620561728e+01 3.135054773807921080e+00
-7.972993701385052923e+00 7.271025255508823726e+00
-5.983819476808757365e+00 6.392523183367186945e+00
-9.869135609945427490e+00 2.420402351554792109e+00
1.280289936950218976e+00 9.288426938631387131e+00
-1.162618375017326322e+01 2.655189901882136994e+00
5.824362921477383104e+00 8.130091885588676348e+00
-2.093362519197032867e+00 1.066626148033009613e+01
-2.332582441976168042e+00 7.952301191626478527e+00
6.145647103786247456e+00 9.121830965733561669e+00
-4.172461999709881297e+00 7.512586291289199636e+00
-9.281599975527482727e+00 2.860119402885498374e+00
3.513843342104025602e+00 8.023858119746137163e+00
-7.804279383299805417e+00 3.101880285100088397e+00
-7.380817307831849305e+00 4.160712747195783656e+00
3.988969275076551746e+00 9.759674110492852606e+00
-7.627762756758309948e+00 4.033072491376345603e+00
-5.286792519182270667e+00 6.955161721423317012e+00
-8.225855921930708803e+00 6.216830979826460712e+00
1.137825065226883403e+01 6.141653166423004517e-01
9.050193668685624360e+00 3.173470363423298024e-01
-2.212386857618468206e+00 1.053874555388924783e+01
5.981279016066081589e+00 5.714611872308432261e+00
2.435550679170015442e+00 9.149054868428089904e+00
7.500156556604197888e+00 3.920685592930578167e+00
4.439056790297961186e+00 8.932979587896133111e+00
-5.214030320821230191e+00 6.950852906925531371e+00
-1.118387868150694864e+01 3.567700253190208226e+00
1.097531758578201178e+01 3.086673867909599522e+00
7.296702840855881611e+00 3.896087075458339211e+00
9.185542912041537278e+00 5.061525549733604912e+00
2.947879111850508771e+00 1.084711009739290688e+01
-1.095605595934072873e+01 4.484740191445546920e+00
-3.337035575981713187e+00 9.662101719953051671e+00
6.219224041895105026e-01 8.861791853497761551e+00
1.115825717266146322e+00 1.029339226072870339e+01
-4.905559774543722718e+00 9.134564694944478092e+00
5.238000396206298204e-01 1.030477704837698560e+01
-2.516573207616247032e+00 9.841483335908197461e+00
-1.532836844801107157e+00 1.166487830483690935e+01
-7.305078271186964123e-02 8.348865019243802976e+00
-2.103564271192748691e+00 1.132475443353048128e+01
8.383793654053667055e+00 7.215169830859508693e+00
-7.551055506585639066e+00 4.971330106869316090e+00
1.005120382871005624e+01 8.527343631228718746e-01
-8.464234165398869081e+00 2.884170941771965202e-01
3.084332057410821282e+00 9.953059783202434119e+00
-9.153905432690290667e+00 5.965808759430223596e+00
9.410064068475971766e+00 4.509700871399219935e+00
7.094136612622154558e+00 6.408096190167633210e+00
-1.173211938055876580e+01 2.039851049282720985e-01
1.009134127306106521e+01 3.444794830677179398e+00
1.142765213240769961e+00 8.098089874733611637e+00
1.078030221404930344e+01 3.299103839790949788e+00
-2.471604107420743102e+00 9.825891730643984801e+00
-4.358797435829637301e+00 8.361670309204596307e+00
1.854141573484590744e+00 1.103001202109932599e+01
-5.851632361007658822e+00 9.498685868933828047e+00
-8.124213499548698536e+00 4.802752176818293250e+00
1.039080488370726840e+01 2.401811038131857590e+00
9.463988025724953346e+00 3.563246463292388810e+00
4.500969408978223285e+00 9.788373214043659232e+00
-1.589461738777422140e+00 1.044189215344403365e+01
-6.773540908092579471e+00 9.612857833559216303e+00
-1.145915209998502249e+01 1.679529757722922234e+00
-2.377179814476972464e+00 9.778039003239063831e+00
-4.380607934926921132e+00 8.325138832482030793e+00
-6.213481967699317821e+00 8.503676882257819258e+00
-1.117360666311278550e+01 4.357209444608705518e+00
6.905870547117083369e+00 6.561915224972993066e+00
1.102584251622140421e+01 3.115419777021885217e+00
5.272289642883192684e+00 6.613795550168358517e+00
-9.328161900589449829e+00 7.202766066716840498e+00
1.765398532378350538e+00 9.164478029514340207e+00
4.926594993728802940e+00 1.061754324460167886e+01
-8.839013559231169381e+00 5.265055029725019153e+00
4.540963995448543677e+00 9.750328512715958240e+00
-6.836442752818973290e+00 9.353898215879162592e+00
-1.924441486512720845e+00 1.069743232857547710e+01
-4.930661778441644216e+00 8.012846444849236249e+00
8.538166071298400439e+00 4.744887909762507405e+00
-1.536446125180727318e+00 1.003273455996979102e+01
7.158248704273524332e+00 7.793697654950378251e+00
9.322320809391017704e+00 5.177736399061080519e+00
-2.822106042263966774e+00 8.070500626690256141e+00
4.912423851781423600e+00 7.902733903498410761e+00
-1.081100190981165454e+01 2.104175513247031226e+00
-9.696455076733933254e+00 3.229255481184365451e+00
-3.370474420151674533e+00 9.240753208646943051e+00
-2.660827416271694723e+00 8.680418318698217561e+00
-2.455285234289370067e+00 7.947213433418070849e+00
-3.923393788800661142e+00 1.115515521726530856e+01
1.076244837958199341e+01 5.786139625009019127e-01
-2.092913868858695903e+00 9.806985523211322331e+00
-5.905848888547107656e+00 1.010407856971110796e+01
-4.318214632685434928e+00 1.110220927766582655e+01
3.666842937437579497e+00 7.740451378296977047e+00
-5.672668265667456744e+00 9.916832323026412155e+00
-6.277503884531945744e+00 7.410278638936008022e+00
-8.926310120318328600e+00 6.929501308814300486e+00
9.891941339697646995e+00 6.202325085374283731e+00
-4.796322213449043304e+00 8.442049129634630944e+00
4.842827806666780255e+00 6.625708114119552405e+00
4.738860145539944280e-01 1.182772819779306239e+01
1.425060051002632111e+00 9.593231570147246146e+00
-1.335592389343142061e+00 8.488920908193030357e+00
-1.195909696848180737e+01 6.610019932044384205e-01
-4.659461080720253889e+00 1.049741499557717184e+01
4.427987575909939189e+00 8.340469171663029258e+00
-8.530745077751044292e+00 5.741864877731630123e+00
1.148215952769809078e+01 7.909218404103367239e-02
-9.618113741020669849e+00 6.245912437820048346e+00
4.022692109149356376e+00 9.822878950631530159e+00
7.876069736958850598e+00 6.245070814661440650e+00
2.343755150354995376e+00 7.818737078945829921e+00
-4.352574278842173072e+00 1.067172075242305951e+01
5.667775495385853013e+00 7.529058805645952646e+00
9.062747148755045501e+00 5.988269048357382829e+00
-5.808138889854102871e+00 6.550075200139127141e+00
5.690294921348200141e-01 8.460007628576557082e+00
5.309963171526081105e+00 7.157293460484142500e+00
-5.758761673900633760e+00 8.724944609129135387e+00
-1.100076705730463011e+01 2.265300653038330392e+00
-5.298311962881632198e+00 7.927457690508262544e+00
4.373841174952646682e+00 6.890392910282972849e+00
5.688562644011265768e+00 8.982000717507229837e+00
-8.201841354371568471e+00 4.201473816805573414e+00
8.450414440982726205e+00 2.531778006780735613e+00
-3.485431031479011121e+00 9.984802328454774667e+00
-7.586335599614564273e+00 8.536708940953266378e+00
-2.094743549068927013e+00 9.407877347018116510e+00
-9.372283185557870322e-01 7.977665847567156909e+00
8.488494520769412688e+00 2.407722906569061738e+00
2.920790278360693826e+00 1.025542042614463867e+01
4.362078968031489090e+00 1.067460372986558959e+01
6.081595886726970157e+00 5.971053101007964159e+00
8.058802548606209371e+00 7.435931409174481033e+00
-1.476318017302344021e+00 1.186317753193261204e+01
-5.623297414709847786e+00 7.134683812982574480e+00
-1.562321654677574667e+00 1.038222227804447506e+01
-8.445032964509435303e+00 4.116718365007515423e+00
-1.031453001799065206e+01 2.584493824812851948e+00
-2.176477547655997213e+00 8.724799949812780397e+00
-7.268519705813952569e+00 3.666429638005063385e+00
-7.933256621884695825e+00 4.735163744339127234e+00
-3.297777796426657471e+00 7.397621315179015333e+00
-1.136744743887913467e+00 9.765804643883956970e+00
1.177560969194738627e+00 1.155046793116231285e+01
-6.512649880271655256e+00 7.772256058133482526e+00
8.289770125338884910e+00 1.435425170658520821e+00
-6.548207049440182281e+00 9.421874681790805894e+00
-9.774867520148626809e+00 1.153662331442340649e+00
9.519905600985129723e+00 6.265014954038672812e+00
5.356420192800377400e+00 1.069686701689977859e+01
5.807932791249479365e+00 8.216588099251140420e+00
-7.917756223550914463e+00 2.472752645774262348e+00
-3.783506765779263592e+00 7.408405914902474798e+00
5.572708469538949494e+00 1.049054795738006440e+01
-7.147019073869526729e+00 6.004040845537060633e+00
3.809051828085565639e+00 1.041908642666806628e+01
6.751606999485837868e+00 7.935560802129930202e+00
-8.329648155808362375e+00 2.117986156931491060e+00
-8.140029135297137231e+00 5.079298989051902469e-01
2.676999454127252931e-01 1.064910825863926114e+01
-5.089753376268301821e+00 8.486674283065195112e+00
-8.268855341036635664e+00 1.895423461844848667e+00
4.875551463422887366e+00 7.940239695548744869e+00
-1.043447149996163503e+01 2.067309610082314730e+00
1.036043959326650743e+01 2.623724514212859016e-01
-9.549775891988435461e+00 4.073766044857504376e+00
7.707706922068877198e+00 3.065827636994472360e+00
8.992165273222777699e+00 1.686356458966204341e+00
-1.001123141553707718e+01 3.974502562940404271e+00
1.465958689042775820e+00 7.915191024007025788e+00
-1.075011607432496241e+01 2.437425907786610058e+00
-5.025316073726807886e+00 9.327474723378649912e+00
-7.537239868329692172e+00 5.687351447126037129e+00
5.245015400590642862e+00 9.395256953897755281e+00
-1.513309804637869238e+00 9.846073934416255113e+00
-8.111253982992302269e+00 3.959581263213533653e+00
-1.148206359653909736e+01 2.862205052485351064e+00
1.048222367182319914e+01 5.082951429830095513e+00
-1.149910980551880257e+01 2.163393244095057621e+00
7.399007851204769892e+00 6.550738079557882010e+00
-1.074036084081645015e+01 4.304543107032150928e+00
-8.062889639211268999e+00 3.005238553450004346e+00
3.560537516967137162e-01 1.066665647360098390e+01
6.915417921362350562e+00 4.794529077062818168e+00
8.127279403563208993e-01 7.981995692525183372e+00
1.071402614815673182e+01 4.911695326659507033e-01
-7.883212269461840060e-01 9.752844045727750100e+00
-1.035162697537744592e+01 1.044037854587819419e-01
4.503369388142553831e+00 9.536223982681383049e+00
9.207524578284798977e+00 1.008350754442343261e-01
1.058797833447864534e+01 2.271367509667615359e+00
6.536229895257267941e+00 6.070588070292117777e+00
-4.818495222041411452e+00 8.789123030912627144e+00
-8.866874460560410398e+00 3.615382519088185198e+00
1.144948656385427377e+01 1.372949898775489563e+00
-1.144765683024510494e+01 1.549521740621256916e+00
-9.006480397989694353e+00 2.840668120264445040e+00
7.459587583629307517e+00 8.624984017334831776e+00
-9.054606841829258457e+00 1.197054519997968081e+00
9.765511448609201395e+00 5.180074688287088058e+00
-5.951952575419348968e+00 6.070837830914570077e+00
8.546922894474995758e+00 5.293773106775553572e+00
-6.055219244531557798e+00 8.885774177199541768e+00
-1.078291038209151331e+01 1.349523081015160830e+00
6.561768245499198571e+00 7.934092340982241254e+00
-7.742991647166701519e+00 7.094497961185273205e+00
-8.627339732842617792e+00 1.388067643898333037e+00
2.756283264626766982e+00 8.505383880943135466e+00
-3.203151356192387222e+00 9.247861608577379045e+00
1.466541675693572966e+00 1.142295141137182313e+01
7.742313948119023514e+00 5.086898966107748166e+00
-9.493949151200887115e+00 3.286046180477250722e+00
8.132029381284816338e+00 5.798706480256234919e-01
8.082680084599278558e+00 5.813856676185743311e+00
-1.038303399875825050e+01 2.312079594662172610e+00
-7.841935572912047903e+00 7.663350594010957195e+00
1.539136260038335813e+00 1.183266549661186851e+01
4.157938570185039318e+00 6.923974747372587224e+00
5.293078866036707630e+00 7.314026765343902170e+00
7.833680443373169489e+00 3.949520150308715394e+00
5.918386848558212954e+00 9.739882182913378372e+00
-8.226889570127973172e+00 8.111534596397516950e+00
2.113930546105025066e+00 7.969109898938760317e+00
-3.507570242011192274e+00 1.082885114037659058e+01
-4.054663360609376710e+00 9.249772780867008493e+00
8.811329161759919870e+00 1.378763689917284374e+00
-8.690206561651232064e+00 4.417967784532009112e+00
-7.665111330174388726e+00 7.077899360618427949e+00
2.822023949670351972e-01 9.252252543482347491e+00
-2.572831689120293586e+00 7.921957343524792527e+00
7.711545523434749860e+00 6.926049149440810737e+00
-8.590979833959721645e+00 4.371456976550462947e+00
1.060621252533184666e+01 1.854100537942339477e-01
-1.554072388586638320e+00 8.008241106012615518e+00
-1.123298650449383551e+01 1.707926453152050827e+00
-6.243209935044355952e+00 9.752918774106063893e+00
-4.809092798545939296e+00 8.080262236947934440e+00
-1.154838417060396516e+01 2.879058693624886089e+00
1.185059518520552579e+00 8.195447352025016841e+00
5.879679428139357178e+00 5.506424402562518416e+00
9.312381266235183475e+00 1.156508284299900602e+00
5.261274198011880010e+00 7.313551832933686825e+00
3.583926515502684484e+00 8.381978738944136254e+00
-4.900420942631702914e+00 8.772766084008791765e+00
-2.882602352971441739e+00 8.151374967564862573e+00
8.915562477840223155e-01 9.317345046686984489e+00
-7.552074388921670156e+00 6.870903895600989131e+00
-3.880489359875213928e+00 7.120649263888599201e+00
1.039017443201808888e+01 1.765940007461283268e-01
-7.666714133885472293e+00 5.518858586398072141e+00
-6.590050457638373382e-01 1.160919809016676219e+01
1.910866696995802805e+00 1.046973727789790765e+01
1.835291280800052549e+00 7.828313486192584492e+00
1.851338668704443524e+00 9.517806930631886431e+00
6.778099814622402519e+00 4.688843350996202197e+00
3.820135565417357992e-01 8.611893566676446454e+00
-2.157092504407940314e-01 9.097097514143637653e+00
7.124487247137833101e+00 7.921197745293934389e+00
-7.896508318708010066e+00 3.974280606477063937e+00
8.902004763940857046e+00 3.712635400847454914e+00
-4.311201721543812759e+00 6.989283869008570349e+00
1.875542234176053702e+00 7.987029959181274563e+00
-7.230810634080715893e+00 4.998893785326838923e+00
-4.277137267505734641e+00 7.762740894085949250e+00
9.049193677259932400e+00 4.063154402266383469e-01
9.695228579019868675e+00 4.032702642042344188e+00
5.252415864812601143e+00 7.242409826243177307e+00
3.410985510995943493e+00 8.626215758930966260e+00
8.731289540987004827e+00 7.670643376419917558e+00
8.129877674439912383e+00 2.683195756297358514e-01
-7.475373121605835891e+00 6.172815830191919595e+00
7.929011272030650481e+00 2.324752459318724096e+00
-3.693337767704609753e+00 7.104553655040349192e+00
8.508571891930131192e-01 1.049334927325413069e+01
9.597934188868958216e+00 2.366363783602572379e+00
-6.862135884716868084e+00 8.359554046362404733e+00
3.690085957061645772e+00 1.031903304347435046e+01
-7.515879884197623539e+00 3.377254155843365968e+00
8.757097771432494682e+00 8.024119176536148146e+00
9.440515445357643642e+00 2.728657286860622033e+00
3.778797234605587807e+00 1.068600790448311599e+01
-7.081134019977350924e+00 5.131730510167621162e+00
5.523176563567616881e+00 6.566609201758536685e+00
3.772612171790170610e+00 1.137277414798499109e+01
-4.368800004118226887e+00 1.011373290778725753e+01
9.424472650108761229e+00 1.435578445109307655e+00
-5.715993771976910054e+00 9.632354248163450094e+00
5.374108662210939968e+00 7.269949349845339803e+00
7.627126768385183553e+00 6.865593096448549204e+00
2.904436191954845370e+00 1.053063094901845353e+01
9.823398708732117512e+00 1.875541356416546401e+00
-4.153633482434558211e+00 7.243209301322054650e+00
4.581051028935656078e+00 7.546502041248933423e+00
8.326192930891266997e+00 2.039488674545611335e+00
-2.230825236570205927e+00 1.121647386021729886e+01
2.797054992147524288e+00 7.957458718843181344e+00
6.410829103384455330e+00 9.457210547943935453e+00
-9.669624109240645637e+00 7.985869727809111751e-01
1.834887262937618668e-01 9.123594984753681914e+00
1.164027466436117919e+01 1.657776570857818044e+00
6.254366005150089336e+00 5.529520821523989049e+00
-5.505786725402534998e+00 7.512595095212629914e+00
-6.741522483572802038e+00 5.855002974254006176e+00
4.442575809853882340e+00 7.087760663690485963e+00
-1.268108108139622825e-01 1.008266167686890746e+01
4.650854466876483961e+00 7.077479851840682734e+00
1.069148079068175328e+01 5.827544943415994272e-01
1.153024055128562608e+01 1.939370935002893148e+00
-8.459237203567070651e+00 3.334117619428365042e+00
-1.017527804724342921e+01 4.287105890040081135e+00
1.004137683379263990e+01 1.658937624883032869e-01
8.440961826128722478e+00 4.892083687269755288e+00
1.752372610899374905e+00 1.077825456502988644e+01
7.705219771293666753e+00 6.119173064753942626e+00
-7.557347153200548284e+00 2.938546004305784720e+00
1.086368828229976735e+01 1.521509326339236523e+00
7.859760678268182588e+00 7.750728331626483225e+00
6.073042190356478187e+00 5.734519497719894332e+00
6.507841875277127208e-01 1.071215481994012997e+01
8.164968655706660527e+00 1.791862159351501393e+00
-4.931416991876927725e+00 9.181470384235888460e+00
-4.273787104159426642e-01 1.049718926951537945e+01
-3.185830202957911084e+00 8.001134890330531491e+00
6.636041839392341046e+00 4.534083463160940575e+00
1.120057915910186708e+01 1.175143755362481723e+00
9.248663766750276238e+00 6.747989538596949055e-01
-1.086874838885397310e+01 6.229920503236975327e-01
8.240253084062612032e+00 1.864581754144573722e+00
-5.565138594364102964e+00 6.938740691688059847e+00
9.642141118434697233e+00 4.711329616954485822e+00
1.827677712233607110e+01 -4.906379889361822677e-02
1.995002558829747130e+01 3.973846446156382495e+00
-1.930092769745090919e-01 3.812894884666419237e+00
3.316421971740095564e+00 -5.456665668764983934e-01
1.464730525612079504e+00 9.068579061158201782e-01
4.953384845760129274e+00 -4.367493732323568523e-01
1.842393389133807347e+01 3.784079223488214794e+00
1.852938044481928870e+01 -1.289351952844961957e+00
2.199000361006390847e+00 3.923937554976078435e+00
4.689944604735510225e+00 -4.381535887541751606e+00
9.885950934009368751e-01 -4.757478106555508290e-01
6.378841080664398255e+00 -2.592660194804581764e+00
7.956248901613351521e+00 -2.639636235552536903e+00
5.612880769563216354e+00 -1.316963233651856413e+00
8.962748743400398510e+00 -3.675834892841399082e+00
1.449821629498418218e+01 -4.064951015648187393e+00
9.970862064158264815e+00 -2.218288534205058227e+00
1.722842081889256605e+01 -1.159092869437353457e+00
1.259386111283028242e+00 2.818005074565572698e-01
2.112402324199453929e+01 1.981821226285602755e+00
1.756435785480707779e+00 1.056514543818360963e-01
1.049881592450680579e+01 -5.668260181583047341e+00
5.305208903263949338e-01 2.869039784704805029e+00
1.549913639528057274e+00 1.803124000648637981e+00
9.645126215647492174e+00 -3.403470050679192838e+00
1.559582966045951480e+01 -3.045094512784453755e+00
1.301872912413129413e+00 -8.182358867911396771e-01
1.030816149082784960e+01 -3.231132397777466636e+00
-8.544537330331802849e-01 1.496195812328058317e+00
9.532354958487124108e+00 -4.831462607143608423e+00
7.392498234416397196e+00 -1.791620282357230032e+00
1.160288776915477271e+01 -5.832204738023076374e+00
2.180308258177353053e+01 5.874114175304476326e+00
1.484792639278492032e+00 -1.848472403565594391e+00
-1.214772817214591072e-01 4.810882869258907846e-01
2.175608248613276885e+01 3.838170816550086073e+00
1.477314085996010284e+01 -1.074848050767591268e+00
7.910273600102142311e+00 -3.624167194105554657e+00
1.090492264299216885e+01 -3.749301533162658018e+00
1.743493176824004465e+01 3.017380366705069150e-02
1.766245104310964820e+01 2.973690582578116359e+00
4.185254132521937898e+00 -1.789872042033755939e+00
2.782323438141154348e+00 7.922707829619035635e-02
1.781103817408286716e+00 -1.927924038656969152e+00
1.720574527202893478e+01 8.439122673668810748e-01
1.358637593602794169e+01 -4.426828382279039076e+00
4.174772499720847740e+00 -2.323034476419701733e+00
-9.876913217709510917e-01 5.456019832950637749e+00
1.273318328746178629e+01 -4.657541457465640633e+00
9.872447132939656811e+00 -5.075996532748831669e+00
1.780362043920485604e+01 3.518907770365158338e+00
1.900876068171758604e+01 2.926335410636334178e+00
1.886842299256884559e+01 -1.117783098341395664e+00
1.965794862290994871e+01 1.354569876393787453e-01
1.522222244996980933e+01 -1.719326327894203033e+00
8.664147371408597920e+00 -5.869586955122812810e+00
2.170045573684451057e+01 3.555923763517306657e+00
4.087741073206998088e+00 -2.464927286739504453e+00
1.960137286801519707e+01 9.742154912346077111e-01
1.507176961807571658e+01 -3.058647753676273950e+00
2.116178728261762032e+01 2.012779507748321706e+00
6.425234004612292438e-01 2.882564358692075501e+00
1.721625119165498319e+00 4.619939785614419314e+00
5.225655929498459251e+00 -1.054633396647085775e+00
6.846564168346660040e+00 -2.913842254806398913e+00
1.430883817252742674e+01 -4.713525452442638652e+00
1.012905594746602311e+01 -3.147254059956738459e+00
9.339302459805768564e+00 -5.072778669693501996e+00
1.320704673906154270e+01 -4.661347099493156065e+00
1.270046502732013494e+01 -1.672984189819350043e+00
1.742618741324773879e+01 1.871685086648392726e+00
8.742591992429964876e+00 -4.562910658949553167e+00
2.319823064643543375e+00 1.722757149011321154e+00
-9.390965629017617999e-01 5.043715523328888395e+00
2.001795760313348183e+01 1.289908663851318416e+00
6.328196631853413301e+00 -4.342044169449579272e+00
4.572785484742510675e+00 -3.269935024861730710e+00
-6.524628579725568756e-01 5.998451740374695085e+00
1.109945238601591555e+00 -1.544053905769632529e+00
1.851091174047531140e+01 -1.251048986419399434e+00
4.418993429112096472e+00 -3.390977515246765606e+00
3.095577366058916979e+00 -8.725489637573859980e-01
1.762228575448980195e+01 9.990811680311395548e-01
1.551136218959431723e+01 -2.286245306675347422e+00
1.751735826740636526e+01 1.778169135300624148e+00
1.843261819239627286e+00 3.249091866926683281e+00
2.102328549302558969e+01 2.516943886034810340e+00
6.299979881019027061e+00 -3.792806816679835435e+00
6.602377729772022974e+00 -1.645595606930241317e+00
1.287909672332286348e+01 -4.151449788976075084e+00
2.262381749111897378e+00 8.857379778413854154e-02
1.062313858273352452e+00 2.796976107380760634e+00
1.527324852359935825e+01 -4.680397431492535176e+00
1.061541510232624219e+00 2.595676762913684321e+00
4.370918820022552609e+00 -3.728898566270707704e+00
2.818836088933142747e+00 1.160312716771980668e+00
1.747646564535109093e+01 -7.109159943427272310e-01
-8.213058429655930581e-01 5.488412773668967404e+00
6.456255801914585035e+00 -2.043302723785235031e+00
8.400032142231045995e+00 -5.146537733841851647e+00
1.839501763722308425e+01 1.053946130862881247e+00
1.921060536195170698e+01 1.373509372305483645e+00
7.908455352724472753e+00 -4.939158239002219730e+00
1.558939998998834398e+00 5.834934947033733721e+00
1.359643622413921449e+00 4.119570138773221757e+00
4.999417619971302074e+00 -2.034496335370301168e+00
4.367588097375530332e+00 -4.454714195243495212e+00
1.814093257577098939e+01 5.961908773985076238e+00
8.962496627257502624e+00 -2.609853812597632938e+00
2.688755372368074603e+00 5.514972987644428670e-01
1.448787420086828703e+01 -7.666402801496330355e-01
1.839174404070147517e+01 2.266077120081380070e+00
1.684653853690026182e+00 2.436909390095880035e+00
2.191971584264591044e+00 -4.928004959131424556e-01
1.396047677311408108e+00 3.025359638322029365e+00
1.847798842949702092e+00 4.261870704038015489e-01
9.514020399615425561e+00 -2.215526702944954351e+00
8.390021073282042607e+00 -4.188148506725738685e+00
7.346996355152262126e+00 -2.699966435516445884e+00
1.646207891237225951e+01 -8.858227416459492076e-01
1.232676674319601062e+01 -2.150872678453080056e+00
3.528732134693985500e+00 8.355931249189296750e-01
4.511971782624039307e+00 -4.233362519265757129e+00
1.311064639097950923e+01 -3.001749348048930344e+00
7.957659529623259509e+00 -3.321167675064279123e+00
1.882249840391541440e+01 5.947936442726308393e+00
2.071820280209008303e+01 2.491321090746452693e+00
6.736256612494520013e+00 -4.773671368709747398e+00
3.409070200344072710e+00 -6.021467394237269843e-01
6.155120901398491995e+00 -4.174004485872805148e+00
1.760349574606644296e+01 2.322772696126919723e+00
2.402471201688051394e+00 2.092114624565877712e+00
4.215933471645557873e+00 -3.907240926823909888e+00
1.116569058177779183e+00 2.099061236226432481e+00
-3.861317186161397075e-01 1.648608347330189794e+00
9.023815661082501549e-02 3.515312062809800242e+00
5.926295890449511106e+00 -2.427786108309916813e+00
4.602746832185279580e+00 -2.488082862459807032e+00
1.894729015177143339e+01 3.638881739610137611e+00
2.043345514612360603e+01 9.434579889760019711e-01
2.010420218684538085e+01 2.764224075282894599e+00
1.021026444871829852e+01 -4.816653295829786074e+00
1.765344427513083048e+01 -2.768792610746979577e-01
4.146917036192184547e+00 -3.314971024307739711e+00
7.387144638767010107e+00 -3.129020830584645196e+00
1.822233814536815544e+01 1.039655014006278577e+00
7.589010541251921538e+00 -4.513681957493268726e+00
1.971071213515776677e+01 3.168739035835067774e+00
1.680013084344996699e+01 -2.686123064974657026e+00
1.723123192469508780e+01 -1.328864487683717677e+00
1.549465391677903625e+01 -1.236282249857958426e+00
1.984635044895757261e+00 3.030028512855628353e+00
5.764128961799492856e-01 3.426889600854072349e+00
1.314628289066344280e+01 -2.126506927997350971e+00
2.030011476214689914e+00 2.059613322859676021e+00
1.869629799728007669e+01 4.531343030372096514e+00
2.530973325237326321e+00 2.209062400557915140e-01
5.402492352356924599e+00 -3.076193490532162400e+00
1.877510972600758521e+01 2.794389867433795693e+00
3.617045375945090235e+00 -3.497629580803067739e+00
2.556143409916707299e+00 -2.264042657028392469e+00
1.813676811680246104e+01 6.081651074832272741e-02
2.775357853297570010e+00 1.806339921647521329e+00
1.926509171954380761e+01 6.079844596955652491e-01
1.489944865387461626e+01 -4.236172260522582889e+00
4.189035396730936611e+00 -3.765288649697891898e+00
2.053827261620561728e+01 2.864945226192078920e+00
2.027006298614947077e+00 -1.271025255508823726e+00
4.016180523191242635e+00 -3.925231833671869452e-01
1.308643900545725103e-01 3.579597648445207891e+00
1.128028993695021853e+01 -3.288426938631387131e+00
-1.626183750173263221e+00 3.344810098117863006e+00
1.582436292147738399e+01 -2.130091885588676348e+00
7.906637480802967133e+00 -4.666261480330096134e+00
7.667417558023831958e+00 -1.952301191626478527e+00
1.614564710378624568e+01 -3.121830965733561669e+00
5.827538000290118703e+00 -1.512586291289199636e+00
7.184000244725172735e-01 3.139880597114501626e+00
1.351384334210402471e+01 -2.023858119746137163e+00
2.195720616700194583e+00 2.898119714899911603e+00
2.619182692168150695e+00 1.839287252804216344e+00
1.398896927507655263e+01 -3.759674110492852606e+00
2.372237243241690052e+00 1.966927508623654397e+00
4.713207480817729333e+00 -9.551617214233170117e-01
1.774144078069291197e+00 -2.168309798264607124e-01
2.137825065226883225e+01 5.385834683357699326e+00
1.905019366868562258e+01 5.682652963657670142e+00
7.787613142381531794e+00 -4.538745553889247830e+00
1.598127901606608248e+01 2.853881276915677390e-01
1.243555067917001544e+01 -3.149054868428089904e+00
1.750015655660419611e+01 2.079314407069421833e+00
1.443905679029796119e+01 -2.932979587896133111e+00
4.785969679178769809e+00 -9.508529069255313715e-01
-1.183878681506948638e+00 2.432299746809791774e+00
2.097531758578201178e+01 2.913326132090400478e+00
1.729670284085588250e+01 2.103912924541660789e+00
1.918554291204153728e+01 9.384744502663950882e-01
1.294787911185050788e+01 -4.847110097392906880e+00
-9.560559593407287338e-01 1.515259808554453080e+00
6.662964424018286813e+00 -3.662101719953051671e+00
1.062192240418950995e+01 -2.861791853497761551e+00
1.111582571726614610e+01 -4.293392260728703391e+00
5.094440225456277282e+00 -3.134564694944478092e+00
1.052380003962062993e+01 -4.304777048376985604e+00
7.483426792383752968e+00 -3.841483335908197461e+00
8.467163155198893065e+00 -5.664878304836909351e+00
9.926949217288131067e+00 -2.348865019243802976e+00
7.896435728807251309e+00 -5.324754433530481279e+00
1.838379365405366883e+01 -1.215169830859508693e+00
2.448944493414360934e+00 1.028669893130683910e+00
2.005120382871005802e+01 5.147265636877127903e+00
1.535765834601130919e+00 5.711582905822803369e+00
1.308433205741082084e+01 -3.953059783202434119e+00
8.460945673097093334e-01 3.419124056977640436e-02
1.941006406847597177e+01 1.490299128600780065e+00
1.709413661262215456e+01 -4.080961901676332104e-01
-1.732119380558765798e+00 5.796014895071728290e+00
2.009134127306106521e+01 2.555205169322820602e+00
1.114276521324076974e+01 -2.098089874733611637e+00
2.078030221404930344e+01 2.700896160209050212e+00
7.528395892579256454e+00 -3.825891730643984801e+00
5.641202564170362699e+00 -2.361670309204596307e+00
1.185414157348458986e+01 -5.030012021099325992e+00
4.148367638992341178e+00 -3.498685868933828047e+00
1.875786500451301464e+00 1.197247823181706750e+00
2.039080488370726840e+01 3.598188961868142410e+00
1.946398802572495157e+01 2.436753536707611190e+00
1.450096940897822329e+01 -3.788373214043659232e+00
8.410538261222578527e+00 -4.441892153444033653e+00
3.226459091907420529e+00 -3.612857833559216303e+00
-1.459152099985022488e+00 4.320470242277077766e+00
7.622820185523027092e+00 -3.778039003239063831e+00
5.619392065073078868e+00 -2.325138832482030793e+00
3.786518032300682179e+00 -2.503676882257819258e+00
-1.173606663112785498e+00 1.642790555391294482e+00
1.690587054711708248e+01 -5.619152249729930659e-01
2.102584251622140243e+01 2.884580222978114783e+00
1.527228964288319268e+01 -6.137955501683585169e-01
6.718380994105501713e-01 -1.202766066716840498e+00
1.176539853237835054e+01 -3.164478029514340207e+00
1.492659499372880205e+01 -4.617543244601678865e+00
1.160986440768830619e+00 7.349449702749808466e-01
1.454096399544854279e+01 -3.750328512715958240e+00
3.163557247181026710e+00 -3.353898215879162592e+00
8.075558513487278489e+00 -4.697432328575477101e+00
5.069338221558355784e+00 -2.012846444849236249e+00
1.853816607129839866e+01 1.255112090237492595e+00
8.463553874819272238e+00 -4.032734559969791022e+00
1.715824870427352522e+01 -1.793697654950378251e+00
1.932232080939101593e+01 8.222636009389194811e-01
7.177893957736033670e+00 -2.070500626690256141e+00
1.491242385178142271e+01 -1.902733903498410761e+00
-8.110019098116545422e-01 3.895824486752968774e+00
3.035449232660667462e-01 2.770744518815634549e+00
6.629525579848325023e+00 -3.240753208646943051e+00
7.339172583728305277e+00 -2.680418318698217561e+00
7.544714765710629933e+00 -1.947213433418070849e+00
6.076606211199338858e+00 -5.155155217265308565e+00
2.076244837958199341e+01 5.421386037499098087e+00
7.907086131141303653e+00 -3.806985523211322331e+00
4.094151111452892344e+00 -4.104078569711107960e+00
5.681785367314565072e+00 -5.102209277665826548e+00
1.366684293743757905e+01 -1.740451378296977047e+00
4.327331734332543256e+00 -3.916832323026412155e+00
3.722496115468054256e+00 -1.410278638936008022e+00
1.073689879681671400e+00 -9.295013088143004865e-01
1.989194133969764522e+01 -2.023250853742837307e-01
5.203677786550956696e+00 -2.442049129634630944e+00
1.484282780666677937e+01 -6.257081141195524054e-01
1.047388601455399382e+01 -5.827728197793062392e+00
1.142506005100263167e+01 -3.593231570147246146e+00
8.664407610656857273e+00 -2.488920908193030357e+00
-1.959096968481807366e+00 5.338998006795561579e+00
5.340538919279746111e+00 -4.497414995577171837e+00
1.442798757590993830e+01 -2.340469171663029258e+00
1.469254922248955708e+00 2.581351222683698765e-01
2.148215952769809078e+01 5.920907815958966758e+00
3.818862589793301510e-01 -2.459124378200483463e-01
1.402269210914935726e+01 -3.822878950631530159e+00
1.787606973695885060e+01 -2.450708146614406502e-01
1.234375515035499582e+01 -1.818737078945829921e+00
5.647425721157826928e+00 -4.671720752423059508e+00
1.566777549538585390e+01 -1.529058805645952646e+00
1.906274714875504372e+01 1.173095164261717116e-02
4.191861110145897129e+00 -5.500752001391271406e-01
1.056902949213482046e+01 -2.460007628576557082e+00
1.530996317152608199e+01 -1.157293460484142500e+00
4.241238326099366240e+00 -2.724944609129135387e+00
-1.000767057304630114e+00 3.734699346961669608e+00
4.701688037118367802e+00 -1.927457690508262544e+00
1.437384117495264668e+01 -8.903929102829728492e-01
1.568856264401126666e+01 -2.982000717507229837e+00
1.798158645628431529e+00 1.798526183194426586e+00
1.845041444098272621e+01 3.468221993219264387e+00
6.514568968520988435e+00 -3.984802328454774667e+00
2.413664400385435727e+00 -2.536708940953266378e+00
7.905256450931073431e+00 -3.407877347018116510e+00
9.062771681444212746e+00 -1.977665847567156909e+00
1.848849452076941446e+01 3.592277093430938262e+00
1.292079027836069471e+01 -4.255420426144638668e+00
1.436207896803148998e+01 -4.674603729865589585e+00
1.608159588672696927e+01 2.894689899203584105e-02
1.805880254860620937e+01 -1.435931409174481033e+00
8.523681982697656423e+00 -5.863177531932612041e+00
4.376702585290152214e+00 -1.134683812982574480e+00
8.437678345322424889e+00 -4.382222278044475061e+00
1.554967035490564697e+00 1.883281634992484577e+00
-3.145300179906520555e-01 3.415506175187148052e+00
7.823522452344002787e+00 -2.724799949812780397e+00
2.731480294186047431e+00 2.333570361994936615e+00
2.066743378115304175e+00 1.264836255660872766e+00
6.702222203573342085e+00 -1.397621315179015333e+00
8.863255256112086755e+00 -3.765804643883956970e+00
1.117756096919473841e+01 -5.550467931162312851e+00
3.487350119728344744e+00 -1.772256058133482526e+00
1.828977012533888313e+01 4.564574829341479401e+00
3.451792950559817719e+00 -3.421874681790805894e+00
2.251324798513731906e-01 4.846337668557659129e+00
1.951990560098512972e+01 -2.650149540386728120e-01
1.535642019280037829e+01 -4.696867016899778591e+00
1.580793279124947937e+01 -2.216588099251140420e+00
2.082243776449085537e+00 3.527247354225737652e+00
6.216493234220736852e+00 -1.408405914902474798e+00
1.557270846953894861e+01 -4.490547957380064403e+00
2.852980926130473271e+00 -4.040845537060633319e-03
1.380905182808556475e+01 -4.419086426668066281e+00
1.675160699948583698e+01 -1.935560802129930202e+00
1.670351844191637625e+00 3.882013843068508940e+00
1.859970864702862769e+00 5.492070101094809864e+00
1.026769994541272446e+01 -4.649108258639261138e+00
4.910246623731698179e+00 -2.486674283065195112e+00
1.731144658963364336e+00 4.104576538155151333e+00
1.487555146342288737e+01 -1.940239695548744869e+00
-4.344714999616350326e-01 3.932690389917685270e+00
2.036043959326650565e+01 5.737627548578713821e+00
4.502241080115645389e-01 1.926233955142495624e+00
1.770770692206887631e+01 2.934172363005527640e+00
1.899216527322277770e+01 4.313643541033795437e+00
-1.123141553707718288e-02 2.025497437059595729e+00
1.146595868904277538e+01 -1.915191024007025788e+00
-7.501160743249624119e-01 3.562574092213389942e+00
4.974683926273192114e+00 -3.327474723378649912e+00
2.462760131670307828e+00 3.126485528739628705e-01
1.524501540059064197e+01 -3.395256953897755281e+00
8.486690195362131206e+00 -3.846073934416255113e+00
1.888746017007697731e+00 2.040418736786466347e+00
-1.482063596539097361e+00 3.137794947514648936e+00
2.048222367182319914e+01 9.170485701699044867e-01
-1.499109805518802574e+00 3.836606755904942379e+00
1.739900785120477167e+01 -5.507380795578820099e-01
-7.403608408164501498e-01 1.695456892967849072e+00
1.937110360788731001e+00 2.994761446549995654e+00
1.035605375169671305e+01 -4.666656473600983901e+00
1.691541792136235145e+01 1.205470922937181832e+00
1.081272794035632145e+01 -1.981995692525183372e+00
2.071402614815673360e+01 5.508830467334049352e+00
9.211678773053815661e+00 -3.752844045727750100e+00
-3.516269753774459161e-01 5.895596214541217961e+00
1.450336938814255383e+01 -3.536223982681383049e+00
1.920752457828479720e+01 5.899164924555766021e+00
2.058797833447864534e+01 3.728632490332384641e+00
1.653622989525726794e+01 -7.058807029211777717e-02
5.181504777958588548e+00 -2.789123030912627144e+00
1.133125539439589602e+00 2.384617480911814802e+00
2.144948656385427199e+01 4.627050101224510215e+00
-1.447656830245104942e+00 4.450478259378742862e+00
9.935196020103056469e-01 3.159331879735554960e+00
1.745958758362930752e+01 -2.624984017334831776e+00
9.453931581707415432e-01 4.802945480002032141e+00
1.976551144860920317e+01 8.199253117129119417e-01
4.048047424580651032e+00 -7.083783091457007686e-02
1.854692289447499576e+01 7.062268932244464281e-01
3.944780755468442202e+00 -2.885774177199541768e+00
-7.829103820915133127e-01 4.650476918984839614e+00
1.656176824549919857e+01 -1.934092340982241254e+00
2.257008352833298481e+00 -1.094497961185273205e+00
1.372660267157382208e+00 4.611932356101666741e+00
1.275628326462676654e+01 -2.505383880943135466e+00
6.796848643807612333e+00 -3.247861608577379045e+00
1.146654167569357341e+01 -5.422951411371823127e+00
1.774231394811902263e+01 9.131010338922518343e-01
5.060508487991128845e-01 2.713953819522749278e+00
1.813202938128481634e+01 5.420129351974376064e+00
1.808268008459927856e+01 1.861433238142566893e-01
-3.830339987582505046e-01 3.687920405337827390e+00
2.158064427087952097e+00 -1.663350594010957195e+00
1.153913626003833670e+01 -5.832665496611868505e+00
1.415793857018503843e+01 -9.239747473725872240e-01
1.529307886603670852e+01 -1.314026765343902170e+00
1.783368044337316860e+01 2.050479849691284606e+00
1.591838684855821384e+01 -3.739882182913378372e+00
1.773110429872026828e+00 -2.111534596397516950e+00
1.211393054610502418e+01 -1.969109898938760317e+00
6.492429757988807282e+00 -4.828851140376590578e+00
5.945336639390623290e+00 -3.249772780867008493e+00
1.881132916175992165e+01 4.621236310082715626e+00
1.309793438348767936e+00 1.582032215467990888e+00
2.334888669825611274e+00 -1.077899360618427949e+00
1.028220239496703492e+01 -3.252252543482347491e+00
7.427168310879705970e+00 -1.921957343524792527e+00
1.771154552343475075e+01 -9.260491494408107371e-01
1.409020166040278355e+00 1.628543023449537053e+00
2.060621252533184844e+01 5.814589946205765969e+00
8.445927611413361902e+00 -2.008241106012615518e+00
-1.232986504493835511e+00 4.292073546847949395e+00
3.756790064955644048e+00 -3.752918774106063893e+00
5.190907201454060704e+00 -2.080262236947934440e+00
-1.548384170603965160e+00 3.120941306375113911e+00
1.118505951852055347e+01 -2.195447352025016841e+00
1.587967942813935807e+01 4.935755974374815835e-01
1.931238126623518525e+01 4.843491715700099398e+00
1.526127419801187912e+01 -1.313551832933686825e+00
1.358392651550268404e+01 -2.381978738944136254e+00
5.099579057368297086e+00 -2.772766084008791765e+00
7.117397647028558261e+00 -2.151374967564862573e+00
1.089155624778402220e+01 -3.317345046686984489e+00
2.447925611078329844e+00 -8.709038956009891308e-01
6.119510640124786072e+00 -1.120649263888599201e+00
2.039017443201808888e+01 5.823405999253871812e+00
2.333285866114527707e+00 4.811414136019278587e-01
9.340994954236162329e+00 -5.609198090166762185e+00
1.191086669699580369e+01 -4.469737277897907646e+00
1.183529128080005322e+01 -1.828313486192584492e+00
1.185133866870444308e+01 -3.517806930631886431e+00
1.677809981462240074e+01 1.311156649003797803e+00
1.038201355654173597e+01 -2.611893566676446454e+00
9.784290749559206191e+00 -3.097097514143637653e+00
1.712448724713783221e+01 -1.921197745293934389e+00
2.103491681291989934e+00 2.025719393522936063e+00
1.890200476394085882e+01 2.287364599152545086e+00
5.688798278456187241e+00 -9.892838690085703490e-01
1.187554223417605392e+01 -1.987029959181274563e+00
2.769189365919284107e+00 1.001106214673161077e+00
5.722862732494265359e+00 -1.762740894085949250e+00
1.904919367725993240e+01 5.593684559773361542e+00
1.969522857901986868e+01 1.967297357957655812e+00
1.525241586481260114e+01 -1.242409826243177307e+00
1.341098551099594260e+01 -2.626215758930966260e+00
1.873128954098700660e+01 -1.670643376419917558e+00
1.812987767443991061e+01 5.731680424370264149e+00
2.524626878394164109e+00 -1.728158301919195949e-01
1.792901127203064959e+01 3.675247540681275904e+00
6.306662232295390247e+00 -1.104553655040349192e+00
1.085085718919301279e+01 -4.493349273254130694e+00
1.959793418886895822e+01 3.633636216397427621e+00
3.137864115283131916e+00 -2.359554046362404733e+00
1.369008595706164577e+01 -4.319033043474350464e+00
2.484120115802376461e+00 2.622745844156634032e+00
1.875709777143249468e+01 -2.024119176536148146e+00
1.944051544535764364e+01 3.271342713139377967e+00
1.377879723460558736e+01 -4.686007904483115993e+00
2.918865980022649076e+00 8.682694898323788379e-01
1.552317656356761688e+01 -5.666092017585366847e-01
1.377261217179017017e+01 -5.372774147984991089e+00
5.631199995881773113e+00 -4.113732907787257531e+00
1.942447265010876123e+01 4.564421554890692789e+00
4.284006228023089946e+00 -3.632354248163450094e+00
1.537410866221093997e+01 -1.269949349845339803e+00
1.762712676838518178e+01 -8.655930964485492041e-01
1.290443619195484537e+01 -4.530630949018453535e+00
1.982339870873211751e+01 4.124458643583453821e+00
5.846366517565441789e+00 -1.243209301322054650e+00
1.458105102893565608e+01 -1.546502041248933423e+00
1.832619293089126700e+01 3.960511325454388665e+00
7.769174763429793629e+00 -5.216473860217298864e+00
1.279705499214752429e+01 -1.957458718843181344e+00
1.641082910338445444e+01 -3.457210547943935453e+00
3.303758907593543626e-01 5.201413027219088825e+00
1.018348872629376167e+01 -3.123594984753681914e+00
2.164027466436117919e+01 4.342223429142181956e+00
1.625436600515008934e+01 4.704791784760109508e-01
4.494213274597465002e+00 -1.512595095212629914e+00
3.258477516427197962e+00 1.449970257459938239e-01
1.444257580985388145e+01 -1.087760663690485963e+00
9.873189189186037495e+00 -4.082661676868907463e+00
1.465085446687648485e+01 -1.077479851840682734e+00
2.069148079068175150e+01 5.417245505658400795e+00
2.153024055128562608e+01 4.060629064997106852e+00
1.540762796432929349e+00 2.665882380571634958e+00
-1.752780472434292136e-01 1.712894109959918865e+00
2.004137683379263990e+01 5.834106237511696769e+00
1.844096182612872070e+01 1.107916312730244712e+00
1.175237261089937491e+01 -4.778254565029886436e+00
1.770521977129366675e+01 -1.191730647539426258e-01
2.442652846799451716e+00 3.061453995694215280e+00
2.086368828229976913e+01 4.478490673660763477e+00
1.785976067826818081e+01 -1.750728331626483225e+00
1.607304219035647819e+01 2.654805022801056680e-01
1.065078418752771228e+01 -4.712154819940129968e+00
1.816496865570665875e+01 4.208137840648499051e+00
5.068583008123072275e+00 -3.181470384235888460e+00
9.572621289584057891e+00 -4.497189269515379451e+00
6.814169797042088916e+00 -2.001134890330531491e+00
1.663604183939234105e+01 1.465916536839059425e+00
2.120057915910186708e+01 4.824856244637517833e+00
1.924866376675027624e+01 5.325201046140304761e+00
-8.687483888539730970e-01 5.377007949676302800e+00
1.824025308406261203e+01 4.135418245855426278e+00
4.434861405635897036e+00 -9.387406916880598473e-01
1.964214111843469723e+01 1.288670383045514178e+00
