1.030883901386886592e+01 3.828251494644857367e+00
-7.928095379600523351e+00 6.736535231599358298e+00
-9.019747608018326090e+00 3.297199164856538189e+00
-6.296263931885064835e+00 6.643692693748414868e+00
8.682394134777149830e+00 6.301366652134057667e+00
5.598726259765463453e+00 1.011840264766077802e+01
8.222267174364079168e+00 5.523865243503465194e+00
4.388416972318424314e+00 9.189062777895262712e+00
-3.763518351224707015e+00 9.708804452395867202e+00
-1.097560330320280997e+01 2.630112034335999383e+00
8.650401474491900444e+00 1.391065664806779401e+00
-1.404099659756689933e+00 8.856197272790556241e+00
8.343676070754078467e+00 7.069104439390716976e+00
7.722522534049339527e+00 4.640122573110741833e+00
4.838758247991120420e+00 1.071564819409107372e+01
-9.469245706489184400e+00 3.910618756867429546e+00
3.973471469331339989e+00 8.370973018858858694e+00
-7.263114756764652569e+00 4.713178476363839131e+00
-8.476888881009260857e+00 4.577973942716660360e+00
-3.921022514320835484e-01 1.192003669325203852e+01
-7.366740471958364900e+00 6.322983977143661782e+00
-6.169398532989189832e+00 6.004345522381729694e+00
-3.680632685528746340e+00 8.114333677889378649e+00
9.950387337873197069e+00 4.304822278073864972e+00
4.343565427776472809e+00 7.669019588131078535e+00
-8.241925744248629337e-01 8.509643652774050437e+00
-5.979330260846662526e+00 7.331599486105564445e+00
2.253389878944497937e+00 1.106051595766452955e+01
-2.102163056204046310e+00 1.077898832937202300e+01
-9.060168875098552732e+00 6.914491113096019603e+00
7.356803165630800834e+00 5.278289251540257965e+00
-1.052575187579623694e+01 5.624773053623139951e+00
3.165253016537003528e-01 1.061138184031755749e+01
-2.003977755441826991e-02 9.054928140446135032e+00
-4.005771838203694202e+00 7.033020722102808264e+00
-7.045186002386107482e+00 5.769807037485025880e+00
1.016203218089157367e+00 8.762402132153951584e+00
4.582229413875120727e+00 7.019672212002810774e+00
3.263477779806829737e+00 8.629425679125125370e+00
2.537819217015423678e+00 9.295088128900953706e+00
9.976225215072089370e+00 5.680144364165367499e+00
-7.839922366903134154e+00 7.048589899732389696e+00
7.609246069525698708e+00 4.610343057359260754e+00
-7.947136767552957615e+00 4.794602336768399198e+00
8.476647219652116760e+00 3.656665000425891598e+00
4.881836860317966043e+00 6.869623250415028082e+00
-6.911396378632495008e+00 7.520270480759959852e+00
2.939229413166262184e+00 8.882615336207244638e+00
3.443143265515390627e+00 1.063337828589665435e+01
-1.691551067908592998e+00 8.559154155981362422e+00
4.113819371523538493e+00 1.070447613562661537e+01
-4.124417482365429599e+00 9.653931968896648286e+00
9.590626520239839081e+00 6.579401159577650482e+00
-1.047370687394739086e+01 3.979090419334956885e-01
-8.579387320430262864e-01 9.183984880555621899e+00
1.152793518959210672e+01 2.832890157588987101e+00
5.311214469136130489e+00 6.048412462066065309e+00
5.570611530789162380e+00 9.718190532277068527e+00
-7.100532196764627990e+00 4.633311969359881211e+00
-2.585695114550686791e-01 8.130532800536098392e+00
1.085752844289563868e+01 2.258139882480425520e-01
-1.008666762886799972e+01 3.589152952896420778e+00
1.082095497389614991e+01 3.194222052786042543e+00
6.605598345766656720e+00 5.531758103222694345e+00
3.487800005426447303e+00 1.142356956022090131e+01
-6.808015382314644981e+00 6.611137801343540232e+00
1.018477696168627489e+01 5.220522531154482948e+00
-4.927491193158436644e+00 8.937842286235705203e+00
-9.188171464092759422e+00 4.202099794297414093e+00
-4.676195734017063010e+00 1.066741319716181380e+01
5.408235684736845350e+00 9.993724067175893566e+00
-7.328217943984458138e+00 8.705728327023104285e+00
-1.588124497632816157e+00 9.586663737119089035e+00
-7.574338295784011521e+00 7.831885231632300659e+00
9.638334441126072960e+00 5.885549609527665815e+00
8.929223769867295601e+00 1.317830205612662064e+00
-1.056531964160405401e+01 3.793546635850401083e-01
-8.113714085100502516e+00 3.168560791984315617e-01
-5.104059861103615425e+00 7.889046187702077439e+00
2.611450184387217544e+00 1.149366977404473644e+01
6.613719837788798461e-01 1.185347686681829238e+01
8.012628326950267166e+00 6.736068620913882476e+00
-6.580296507477394030e+00 6.593600774459616787e+00
1.028999346424567474e+00 9.750681733403361307e+00
-4.493629716253416007e+00 7.542569806118479825e+00
1.107171546009849550e+01 1.433288414039659564e+00
-8.537981991081549538e+00 5.364893342082366345e+00
1.110806224819105381e+01 1.354377587342616929e+00
-9.461225163412450456e+00 2.159141633128377258e+00
-9.802700848213250495e+00 4.527817540510894467e-01
-3.818401382391281906e+00 7.629210738940662040e+00
-4.014111148205675050e+00 1.061117119406804576e+01
1.027059866035052060e+01 3.706344219716486421e-01
-4.000622698938240518e+00 9.103886750475908229e+00
-2.684507119920034324e+00 7.578324057630002386e+00
1.821141255961145955e+00 8.189759977884463638e+00
2.515225641450344440e+00 1.120927395719066411e+01
-8.520079134690194067e+00 3.297190459017440567e+00
-1.182432018683062225e+01 9.249041040857113316e-01
-2.742365705188132718e+00 8.352528075192340751e+00
-6.553985346582448912e+00 5.788223038692382083e+00
2.678846254446766828e+00 9.899959223346707304e+00
-3.688067418406901332e+00 9.054967078729657004e+00
-1.917148807470127503e+00 1.147855638930453814e+01
-5.517916162324858043e+00 7.148095365200363815e+00
2.039266752568085650e+00 7.893988825790962949e+00
-8.738230786725347699e+00 4.907425076795579599e+00
-8.507732257029561040e+00 6.013160218576303784e+00
-1.025186687199816404e+01 1.900051345677365111e+00
-1.780651266371798380e+00 8.431657754629966917e+00
5.433079838767413960e+00 8.437682954023200566e+00
-7.082348161853364132e+00 8.065370621254388084e+00
2.438657071960192546e+00 9.895387024092299200e+00
-8.844368706608047859e+00 5.684927287188483724e+00
5.042676585367013686e+00 6.258643409615700648e+00
-4.332266957503881244e+00 9.223965928345968734e+00
7.836791306926633283e+00 5.283111251566541711e+00
-6.802877518974815629e+00 4.350555588440808030e+00
-4.655545188534472523e+00 7.183454941249124204e+00
-8.367970281413401601e-01 1.161129543639798456e+01
-7.146747660630083487e+00 4.778658748089896768e+00
8.459282144617429111e+00 6.030531791303469724e+00
-1.078083411978587414e+01 3.790144586786396430e-01
6.477812836955931353e+00 9.562332398400156919e+00
4.442876314331794529e-01 1.179304439967839890e+01
-7.592488942775091898e-01 1.022442279810419485e+01
7.409316536959632771e+00 5.727064143507808680e+00
-7.128565520257695631e+00 9.000729088970398806e+00
6.452681985195837022e+00 8.950030950985972567e+00
-8.447032489291480317e+00 8.622616147092643235e-01
-1.075987020973244945e+01 1.070460113724129636e+00
8.122924470287301801e+00 6.238227036186942520e+00
3.101427510191252956e+00 7.374916311337357477e+00
-5.633874695486450257e+00 7.001149237068205800e+00
-1.171144936848415341e+01 7.305302891942294652e-01
8.797832889700156755e+00 4.431565026817886555e+00
-8.532209221917060660e+00 3.352530417913887728e+00
5.021832498169552572e+00 9.322037280679179361e+00
-4.002773530672769198e+00 9.865056608699187990e+00
-8.234922892017126017e+00 7.267689057902652294e+00
-9.189075959176697950e+00 2.276265980129436262e+00
-8.891739662814460488e+00 5.538793351508272345e+00
1.069374623720504758e+01 4.319497540162284821e+00
-1.863649188573408277e-01 1.160655292637521541e+01
-7.526529500790361205e+00 7.447621418067586596e+00
3.915892646573646108e+00 1.058579577895424606e+01
4.021080781829302175e+00 8.162325768760117839e+00
-1.045094234986770232e+01 3.597461671050504961e+00
8.379003999832395522e+00 4.673962422081735291e+00
1.021055817086232764e+01 6.082132879733949338e+00
-8.349945937138659957e+00 2.284113241363610491e+00
9.506329452522596313e+00 1.176371491601126307e+00
-8.293072246288258897e-01 1.121662760765033262e+01
-9.513025966736172734e+00 5.427124689554898573e+00
9.464727642735136115e+00 6.050083464424298896e+00
-7.485850774435879984e+00 4.906934676030578757e+00
-6.986382351975350957e+00 7.923427561081314074e+00
4.316217007320280352e+00 7.929073124498185798e+00
-5.123060179000349379e+00 1.002062459018050511e+01
5.011270319065017631e-01 1.028587867675018330e+01
-2.079519403265686073e+00 1.118846376065641479e+01
8.655138262420649653e+00 2.834729504442096371e+00
-8.328987243187919276e+00 7.819244554183760521e+00
-1.055389565524523299e+01 5.100725712196161332e+00
-6.143813218449596825e+00 9.992703923888637263e+00
-8.598695440117303690e+00 5.105770070170443375e+00
-6.284491216577873907e+00 7.155562172931400511e+00
-8.574113298908637049e+00 6.771717164872550043e+00
6.021805700375833403e+00 8.118680996022009211e+00
9.405482038990211180e+00 4.688339298222799378e+00
-1.970919517347453853e+00 1.094596556007128818e+01
5.519928132787463859e+00 5.958745258865893568e+00
-6.408835044105334333e+00 8.523479698723612330e+00
-1.045132714762172021e+01 5.489942457447403612e+00
2.318359269469688400e+00 8.616378404272575509e+00
-7.926497722426843140e+00 6.627489225744358059e+00
9.261378750474300037e-02 9.431790335079242027e+00
4.829025614873985184e+00 6.401674922882865992e+00
8.960034049806198553e+00 3.596728776370749503e-01
5.556954778192186417e+00 8.659557634996641440e+00
-1.051650336968018529e+01 2.889488530712585046e+00
-7.853938461197173204e+00 7.940425742038192958e+00
9.955361857127879688e+00 8.979338426932011175e-02
-9.888674734657083576e+00 9.353108351789897468e-02
7.271148824194818339e+00 5.564710541475721861e+00
1.126332130897401562e+01 4.014474962874190034e+00
-1.040944498379740679e+01 2.439701597555286927e+00
1.143069169663936613e+01 2.457917206767261220e+00
-2.169710875337432510e-01 9.795359666555194522e+00
7.949774735277196136e+00 3.940053209753560548e+00
-6.141889475117785935e+00 6.767155479604912038e+00
-6.319805993549152845e+00 5.525568889048625643e+00
8.965161597313430875e+00 1.120513194598707463e+00
-5.188758033761296851e+00 6.329438060782460518e+00
-1.654153791606757684e+00 1.159638877068399765e+01
1.106654842739340783e+00 1.024730455196631063e+01
2.513466597928280866e+00 1.121056642715520191e+01
-9.847856544356769604e+00 4.941879210658607136e+00
1.087910000838876634e+01 3.158777786664099807e+00
-6.016051853325772747e+00 6.119696196886908801e+00
8.411376394876885598e+00 4.266769644279250429e+00
-7.437642345906807506e+00 9.186334046755813887e+00
7.400952845141403280e+00 7.455670347401448517e+00
7.013869064882814364e+00 6.758163495375182350e+00
-8.466474109029405781e+00 6.412727128560939072e+00
-8.576896606224407194e+00 2.079784790797710059e+00
1.096376471744136438e+01 1.860794935914629411e+00
-2.583258404387119178e+00 1.035163110151172283e+01
-1.044257994665174039e+01 3.264730332590119133e+00
4.341610942911331428e+00 1.065411759016957660e+01
-6.313223855157148456e+00 7.749537208682927947e+00
-6.039705118334761202e+00 8.164954064945080248e+00
-1.051547607946822538e+01 2.003983026082069241e+00
1.573253407171915919e-01 1.134468633784336333e+01
-4.871054203875646138e+00 9.986676670100573361e+00
-9.117426517507288608e+00 6.348472359330779469e+00
-7.448600038830850423e+00 3.894370783224650356e+00
-6.468774022337671958e+00 9.084205473100356087e+00
-8.710991546223063153e+00 1.908768063579834973e+00
-4.054393292995454701e+00 7.530445888132047294e+00
-5.462090266646572267e+00 7.702348149784523201e+00
4.659533018730911635e+00 9.732559632923811321e+00
3.139930092960623753e+00 7.397818507795819620e+00
9.913367903869742648e+00 3.936478874394265137e+00
-1.244411952847378711e+00 1.191886042499456266e+01
4.545605096014318391e+00 7.943171526150212713e+00
1.965225883843542964e-01 1.183951186305798764e+01
-1.713710677634262269e-01 1.010027755880725664e+01
5.688253989502083385e-01 1.101579216294928187e+01
-8.340982334373530094e+00 4.219520797958358216e+00
-7.253072864468455450e+00 5.394052182635713955e+00
6.103961096294767685e+00 6.642231978570838358e+00
5.982721662348676972e+00 8.332207315066391118e+00
3.220502582712379880e+00 8.024153374242773751e+00
-7.468314923630698932e-01 8.299553722880355977e+00
6.183928587835334945e+00 9.222205107581617156e+00
-6.257889956513009722e+00 6.057848664517664794e+00
6.467474066642203923e+00 5.431360726748961198e+00
-5.148232634202548397e+00 8.582382346783385074e+00
1.147419473905977227e+01 3.225667419557652682e+00
-8.009753684110469507e+00 2.447595903012578233e+00
-6.133581506218508395e+00 7.194396763109907056e+00
2.521664527494129171e+00 8.426760490306030249e+00
6.679195908613685617e+00 4.869401112499689432e+00
7.882268157171621326e+00 3.629337166203923104e+00
2.305627693369025177e+00 1.139677356542129694e+01
6.684324184021540383e+00 6.469469799601542448e+00
2.180862297192517563e+00 8.229346508914595404e+00
-2.270529354905355124e+00 7.903593753171878511e+00
-2.383468554000683637e-01 1.198411589228381402e+01
-3.888086284725191799e+00 8.021080787487427699e+00
6.537274572285695307e+00 8.077357718717268042e+00
-1.011555641429899310e+01 5.388303486723052593e+00
8.265571614650943033e+00 2.046384819144017264e+00
-9.584113496697106882e+00 7.684297398665348444e-01
9.335776919264873186e+00 3.594971220997036809e+00
-8.480966175338879864e+00 2.072033733923092313e+00
-9.056431002591603274e+00 1.091926070036797869e+00
6.695044233632659214e+00 9.063774601177147616e+00
6.950525743004810630e-01 9.017701414029231088e+00
-2.156280382494001557e+00 1.164470542861087132e+01
-4.566501572836772382e+00 8.896203439011566516e+00
2.881928422220677799e+00 8.700493904764631026e+00
-1.113499010634980690e+00 1.193903340296756710e+01
9.616189129159543825e+00 1.140904555923097252e+00
-9.700227582073516430e+00 1.345618364606882666e+00
8.715668939982155194e+00 7.891974303124417389e+00
8.809394450368621676e+00 3.675515958900297253e+00
1.504233192766379013e+00 1.088468108410365431e+01
8.315303242326335109e+00 9.628314330614511085e-02
6.136276373919753446e+00 7.206359966125223337e+00
-1.533256266752812902e+00 7.966246975528621377e+00
-1.159661997867382688e+01 2.586787632717420404e+00
7.875774295504752054e+00 3.770238119132807597e+00
9.180955541718299528e+00 2.362328260632137411e+00
-1.168354609050678583e+01 6.702133168599017435e-03
-4.913402714482980826e+00 9.739407715189065229e+00
1.180743137069057269e+01 6.387629407707434703e-02
2.758162959325331620e+00 9.654525963046069137e+00
-8.255158959707234345e+00 1.114467898298004522e+00
1.421895920221899257e+00 9.855664004334540707e+00
-8.207268478857441707e+00 5.790930117791088350e+00
6.825694650425779386e+00 7.473653098443681309e+00
7.679524591790705124e+00 4.144101841109642415e+00
2.480663518630247033e+00 8.054684506282280054e+00
7.041725044400690692e+00 9.506237540144979903e+00
-3.412208363909972508e+00 8.068071960937853504e+00
8.100944033370073072e+00 2.431365006534098594e+00
1.316287399146743198e+00 1.072299736525323155e+01
6.050896917023266930e+00 8.053035203903270656e+00
5.161199587758211749e-01 8.287549729633218121e+00
9.702303777568786813e+00 5.453077796324346416e+00
-7.812212767680967396e+00 7.219629295897335375e+00
7.628881901913075581e+00 7.734506625950954728e+00
7.678284007513515697e+00 7.196747569848898962e+00
-8.634655535495525669e+00 6.590128385058960703e+00
-7.657062231156676724e+00 6.642972090854056155e+00
3.272804364272532962e-01 1.037520669541304130e+01
-7.758442745155271325e+00 4.741934309479558074e+00
-1.025467505113829603e+01 2.707412265354757874e+00
-7.598443006657257470e+00 5.884900274519803354e+00
-1.179817030544126766e+01 7.374917019695917952e-01
7.407902403064306363e+00 6.770466704530631041e+00
8.028450331461778333e+00 3.970531380500003760e+00
-3.105860349315352931e+00 1.063743810050892868e+01
3.794963159054343116e+00 8.826211026702107887e+00
-3.305553784437938791e+00 1.091643327424413457e+01
-9.709773295639202217e+00 6.125622963484849137e+00
2.519848806272481756e+00 8.483465993789669923e+00
-5.594105698554066031e+00 9.549692989224382700e+00
6.389376703586093775e+00 7.553856410069046845e+00
6.423363995011486249e-01 1.090658190524259119e+01
-2.068537462599711496e+00 1.033640750060732216e+01
1.228490322939876256e+00 1.068827735160856740e+01
-5.790651190480023303e+00 9.555151664871333494e+00
6.060656982408100468e+00 1.001517360387079059e+01
7.525510995930877911e+00 6.318090598696915805e+00
6.631564921369980325e+00 6.269792176612839718e+00
-1.554639216445579786e+00 8.644920873818294993e+00
1.003869912524160313e+01 3.030289991162444796e+00
-4.664835536977162356e+00 9.059769595196602410e+00
8.756462532188924897e+00 2.285198068445249753e+00
1.808327249204672471e+00 1.054542815251225463e+01
-9.261418448049331786e+00 3.418299545505567139e+00
2.376751114373503171e+00 1.043817048546355153e+01
9.650394716719029375e+00 6.885419160419749218e+00
9.544699972857847992e-02 9.311641264298685883e+00
-8.826628190619448588e+00 2.732818017101478758e-01
1.080517115420778573e+01 2.395369596296602066e-01
-1.358321590151339464e+00 1.040806952272242469e+01
8.977187214537185156e+00 6.319863625258347106e+00
8.580872769873295169e+00 8.191114700183497632e+00
-8.638334185756246342e+00 9.754524203717778175e-01
6.125767348690898118e+00 9.649822759495572555e+00
1.147727853340632898e+01 4.815687779188506656e-01
-5.775216231608248485e+00 7.813586265740792847e+00
9.312273647421376310e+00 5.328434579654800274e+00
-2.831101262579086786e+00 8.176637441083981273e+00
6.141238570747827197e+00 7.113293447118337554e+00
1.344815024262443759e-01 1.124604220431838186e+01
-8.288788507255999249e+00 4.619187565062121692e+00
-7.979350784741144231e+00 4.275442704207812028e+00
3.905301043278440742e-01 1.112598135837447799e+01
2.622600866059171754e+00 7.708044469102078189e+00
6.645881944043960488e+00 6.337719027193321253e+00
-4.189701901913809756e+00 9.883354815166049079e+00
8.428352223695089407e+00 3.005005621744702538e+00
-9.521506049003575001e+00 4.268576680632190090e+00
8.732646106653946916e+00 2.087672368853495275e+00
-5.881926346945148154e+00 8.309294611542973996e+00
6.878391684594499234e-01 8.338042861063104993e+00
8.908164607305103289e+00 6.630588168313867214e+00
-8.376638502559993427e+00 4.286097808400846532e+00
7.709924379158448637e+00 2.322346137089658313e+00
1.128881721541620564e+01 1.693073365038368028e+00
8.286032068846488130e+00 7.945103079657413581e+00
-7.614084924706908453e+00 4.959172683561297923e+00
6.499302741240702730e+00 8.388931184086704462e+00
-9.636032714324583637e+00 5.091025879412153898e+00
8.120920327495957380e+00 8.453726556246214940e+00
9.249773797131725317e+00 3.783780808178261790e+00
5.302555206162570256e-01 1.017452210392500689e+01
-5.079737782834683468e-01 1.013434046872461458e+01
-8.660101790132230803e+00 4.661434905826708497e-01
-3.266714385289399836e-01 8.801670020995633337e+00
5.526505099791335418e+00 8.238051181788248911e+00
4.263636220951697808e+00 1.088152061015072114e+01
-1.171149483956993897e+01 2.258708373499676902e+00
-3.416569307956415447e+00 1.049679184555273181e+01
7.823910229012691175e+00 3.384068023595955932e+00
-9.025068862343006870e+00 4.037835475557694842e+00
-8.785126045899891878e+00 7.656372320407656140e-01
-1.014887527361094577e+01 3.389460900454653647e+00
1.321649028938335357e+00 9.079757750736376920e+00
-4.298806884677202511e+00 8.786082224454665024e+00
-9.792904178233220236e+00 7.341420083491966286e-01
-2.069903510005300706e+00 8.028252102880829355e+00
7.761567093508125126e+00 4.556700317976437375e+00
9.304427254308437867e+00 1.187760008762308139e+00
5.743029885597657369e+00 1.006440746837800404e+01
6.952010534957031140e+00 9.126517271842601531e+00
-1.809451374168103976e+00 9.957632096165104585e+00
1.077034010466160474e+01 1.679195568557696694e+00
-1.011757287797494165e+01 3.426755061374071154e+00
2.870170613911863899e+00 1.050654763031669781e+01
-5.239129572149374248e+00 6.938181975809013302e+00
2.547797531404166982e+00 9.846241730460183916e+00
1.103810291474656680e+01 2.548850140266128328e+00
-6.015437834705285702e+00 6.847524669511932949e+00
9.529957736126082324e+00 5.307149182923962094e+00
-9.690801689208223380e+00 6.999042259915107422e+00
-3.497523564677597063e-01 8.785309872342049076e+00
7.321161463564522798e+00 4.452621990681284281e+00
1.896211521541094625e+00 1.012121201546250582e+01
-8.322371936684742622e+00 7.338868886261650459e+00
-1.072514219994897466e+01 7.529448924239554586e-01
6.208896751083760712e+00 6.574876511438290549e+00
6.062051162446852715e+00 9.583653591864608856e+00
-5.132829146308056423e+00 1.068893998468845830e+01
-9.065250079715626796e+00 6.206128206089122301e+00
-1.059965882472981669e+01 2.325868032186201972e+00
-1.083154069960707666e+01 3.832459095637721358e+00
8.506359610902704205e+00 5.640017159012098436e-01
-6.282437004050547280e+00 9.410848973981426724e+00
-4.427439061056656300e+00 7.043770984494130083e+00
-9.069258247255299610e-01 1.120568302480985601e+01
-8.228895666815905230e+00 4.220901178475266136e+00
-8.108790088580821731e+00 2.784801738019486272e+00
1.094889526587664008e+01 3.938708838104248433e-01
-7.930647858208493162e+00 1.677502736439532738e+00
9.468336955928046805e+00 3.222787578580537105e+00
1.097496862066618206e+01 2.997627510231367420e+00
2.345241546012593048e+00 9.196477180079208225e+00
-5.493098120112664517e+00 7.510968775986097690e+00
-4.030775849829212554e+00 9.119234830796063562e+00
5.128941657442508628e+00 6.765044505137328912e+00
5.739601686696078620e-01 1.089589865649578471e+01
-5.010278216576778298e+00 8.394114422970273992e+00
-2.837270047684775864e+00 7.752061021765962678e+00
-8.130581025018827290e+00 8.733046650099707264e+00
-3.003700898918779671e+00 8.439999611146655312e+00
4.058170100519268964e+00 9.977209548591044808e+00
8.196726455969850278e+00 1.379458409360262428e+00
7.827130413534205466e+00 2.809750132535457467e+00
1.195454830390902279e+00 1.053121598310484330e+01
5.710101199714106457e+00 8.486408316222252779e+00
9.950168195974338659e+00 2.426762936625525668e+00
-5.984638549206435343e+00 6.596618373172932870e+00
1.084455472674769538e+01 3.888488154457620638e+00
-1.074556406270612285e+01 3.183601915766951063e+00
9.489291179615850780e+00 5.969009778093215424e+00
4.063362202786073851e+00 8.123035857245323399e+00
-1.317083073135707938e+00 1.100572771785516402e+01
-3.960466528231019634e+00 9.827447714456789996e+00
6.844258301095869079e+00 4.648019061298383825e+00
-2.878537305945223945e+00 8.514740301494576613e+00
2.817653799201152331e+00 8.606548820339106953e+00
-7.901498492515081296e+00 1.968433183341114612e+00
5.099305325631026120e-01 1.020588080348693261e+01
3.032069435198228469e+00 9.340342352897376799e+00
-1.086080704721722334e+01 1.938151097404236856e+00
4.986806415556116256e+00 1.044619382042922773e+01
8.576968456354231662e+00 3.582481040948061746e-01
8.976810379584508226e+00 1.647722254148921150e+00
-1.260225745462540958e+00 9.849319351398728273e+00
-1.351008183283039621e+00 1.137202071559890726e+01
5.416291130308279911e+00 6.196567903493584772e+00
-5.527707219692894469e+00 8.232555458044283014e+00
6.788993438611042208e+00 7.718508647380851073e+00
1.126034471536210546e+01 2.055364100727402832e+00
4.098412051001936618e+00 9.444783749057425126e+00
-6.612369533844510983e+00 9.778995950968621287e+00
-9.044986976368404541e+00 2.022617544024320146e+00
-1.771475676395938503e+00 9.004183854183526847e+00
5.980971321657325035e+00 6.492526222034717520e+00
3.681987875318633474e+00 9.892150929958383188e+00
-1.161913059164171713e+01 8.307058758162130241e-01
-8.394363294380793317e-01 1.030307653322740791e+01
-7.274446263045353689e+00 3.769310889120631725e+00
-1.119136523407399864e+01 1.743008076597809763e+00
9.116392258542809657e+00 2.200022058457484775e+00
9.454718768562190290e-01 8.321878458524386346e+00
-8.280853586432048274e+00 6.069313167104306572e+00
1.122874929855463222e+01 3.976973558213359183e+00
-8.127415407820199889e+00 2.409742708180954818e+00
-5.142982175509223097e+00 7.864926198960580095e+00
-2.349263310074808153e+00 1.147909046013486467e+01
-2.605593304394666188e+00 1.017064605395677290e+01
-6.972657915758999625e-01 1.030247740666676748e+01
6.487691824055235479e+00 8.053068899306573769e+00
8.469018812285982634e+00 8.319100915162275456e+00
-9.711061449621869457e+00 2.898140346855296201e+00
4.015474825998727182e-01 9.613577835042507402e+00
-1.155208930983900650e+01 1.383107628978543335e+00
-4.100786155077191353e+00 8.205759571599774205e+00
2.684755849846942599e+00 9.286314845591837397e+00
-1.035610350297235982e+01 1.787400480762661559e+00
7.904764725353216726e+00 6.880156025687563570e+00
7.952562781983878892e+00 8.518043095438029511e+00
7.660917859885079118e+00 4.444855274079956509e+00
-8.526816506469105050e+00 8.950386820298540380e-01
-9.022538206682039430e+00 1.252566358059875817e+00
9.697839486561992572e+00 1.377274084360867290e+00
5.169858284105050217e+00 9.072967555383765870e+00
-8.782420832024023127e+00 8.042570251029948381e+00
-8.642772215756277632e+00 6.322285768818671770e+00
8.600493756088670949e+00 6.765473682403999156e+00
-8.590380245147150262e+00 1.827662936599595556e-01
-5.633830845350489280e-01 1.102278201790467627e+01
7.806714886229767281e+00 2.098283841586388476e+00
-4.964231286877732741e-01 1.188214659781895222e+01
2.363126669444730155e+00 1.003724906156519481e+01
-2.990446343717047206e+00 7.724092939881353814e+00
-4.685081544125279329e+00 6.854037846842161663e+00
2.083811681518975334e+00 8.188715992422942236e+00
-1.075832964231378419e+01 3.124319211366039517e-01
-3.438850244990245386e+00 9.553881943687072109e+00
-5.561486299824168533e+00 9.019794661638552924e+00
4.458273800898958084e-01 8.778408521193902914e+00
-4.877461067182796484e+00 6.668183775987829520e+00
2.030883901386886592e+01 -3.828251494644857367e+00
2.071904620399476649e+00 -6.736535231599358298e+00
9.802523919816739095e-01 -3.297199164856538189e+00
3.703736068114935165e+00 -6.643692693748414868e+00
1.868239413477714805e+01 -6.301366652134057667e+00
1.559872625976546345e+01 -1.011840264766077802e+01
1.822226717436407739e+01 -5.523865243503465194e+00
1.438841697231842431e+01 -9.189062777895262712e+00
6.236481648775292541e+00 -9.708804452395867202e+00
-9.756033032028099683e-01 -2.630112034335999383e+00
1.865040147449190044e+01 -1.391065664806779401e+00
8.595900340243309401e+00 -8.856197272790556241e+00
1.834367607075407847e+01 -7.069104439390716976e+00
1.772252253404933953e+01 -4.640122573110741833e+00
1.483875824799111953e+01 -1.071564819409107372e+01
5.307542935108156001e-01 -3.910618756867429546e+00
1.397347146933133999e+01 -8.370973018858858694e+00
2.736885243235347431e+00 -4.713178476363839131e+00
1.523111118990739143e+00 -4.577973942716660360e+00
9.607897748567916452e+00 -1.192003669325203852e+01
2.633259528041635100e+00 -6.322983977143661782e+00
3.830601467010810168e+00 -6.004345522381729694e+00
6.319367314471254105e+00 -8.114333677889378649e+00
1.995038733787319529e+01 -4.304822278073864972e+00
1.434356542777647192e+01 -7.669019588131078535e+00
9.175807425575136733e+00 -8.509643652774050437e+00
4.020669739153337474e+00 -7.331599486105564445e+00
1.225338987894449794e+01 -1.106051595766452955e+01
7.897836943795953246e+00 -1.077898832937202300e+01
9.398311249014472679e-01 -6.914491113096019603e+00
1.735680316563080083e+01 -5.278289251540257965e+00
-5.257518757962369449e-01 -5.624773053623139951e+00
1.031652530165369974e+01 -1.061138184031755749e+01
9.979960222445582119e+00 -9.054928140446135032e+00
5.994228161796305798e+00 -7.033020722102808264e+00
2.954813997613892518e+00 -5.769807037485025880e+00
1.101620321808915648e+01 -8.762402132153951584e+00
1.458222941387512073e+01 -7.019672212002810774e+00
1.326347777980683063e+01 -8.629425679125125370e+00
1.253781921701542323e+01 -9.295088128900953706e+00
1.997622521507209115e+01 -5.680144364165367499e+00
2.160077633096865846e+00 -7.048589899732389696e+00
1.760924606952569960e+01 -4.610343057359260754e+00
2.052863232447042385e+00 -4.794602336768399198e+00
1.847664721965211498e+01 -3.656665000425891598e+00
1.488183686031796604e+01 -6.869623250415028082e+00
3.088603621367504992e+00 -7.520270480759959852e+00
1.293922941316626307e+01 -8.882615336207244638e+00
1.344314326551539018e+01 -1.063337828589665435e+01
8.308448932091407002e+00 -8.559154155981362422e+00
1.411381937152353849e+01 -1.070447613562661537e+01
5.875582517634570401e+00 -9.653931968896648286e+00
1.959062652023983730e+01 -6.579401159577650482e+00
-4.737068739473908607e-01 -3.979090419334956885e-01
9.142061267956973936e+00 -9.183984880555621899e+00
2.152793518959210672e+01 -2.832890157588987101e+00
1.531121446913613049e+01 -6.048412462066065309e+00
1.557061153078916149e+01 -9.718190532277068527e+00
2.899467803235372010e+00 -4.633311969359881211e+00
9.741430488544931876e+00 -8.130532800536098392e+00
2.085752844289563868e+01 -2.258139882480425520e-01
-8.666762886799972421e-02 -3.589152952896420778e+00
2.082095497389614991e+01 -3.194222052786042543e+00
1.660559834576665850e+01 -5.531758103222694345e+00
1.348780000542644686e+01 -1.142356956022090131e+01
3.191984617685355019e+00 -6.611137801343540232e+00
2.018477696168627489e+01 -5.220522531154482948e+00
5.072508806841563356e+00 -8.937842286235705203e+00
8.118285359072405782e-01 -4.202099794297414093e+00
5.323804265982936990e+00 -1.066741319716181380e+01
1.540823568473684446e+01 -9.993724067175893566e+00
2.671782056015541862e+00 -8.705728327023104285e+00
8.411875502367184509e+00 -9.586663737119089035e+00
2.425661704215988479e+00 -7.831885231632300659e+00
1.963833444112607296e+01 -5.885549609527665815e+00
1.892922376986729560e+01 -1.317830205612662064e+00
-5.653196416040540129e-01 -3.793546635850401083e-01
1.886285914899497484e+00 -3.168560791984315617e-01
4.895940138896384575e+00 -7.889046187702077439e+00
1.261145018438721799e+01 -1.149366977404473644e+01
1.066137198377887962e+01 -1.185347686681829238e+01
1.801262832695026717e+01 -6.736068620913882476e+00
3.419703492522605970e+00 -6.593600774459616787e+00
1.102899934642456792e+01 -9.750681733403361307e+00
5.506370283746583993e+00 -7.542569806118479825e+00
2.107171546009849550e+01 -1.433288414039659564e+00
1.462018008918450462e+00 -5.364893342082366345e+00
2.110806224819105381e+01 -1.354377587342616929e+00
5.387748365875495438e-01 -2.159141633128377258e+00
1.972991517867495048e-01 -4.527817540510894467e-01
6.181598617608718094e+00 -7.629210738940662040e+00
5.985888851794324950e+00 -1.061117119406804576e+01
2.027059866035052238e+01 -3.706344219716486421e-01
5.999377301061759482e+00 -9.103886750475908229e+00
7.315492880079965232e+00 -7.578324057630002386e+00
1.182114125596114640e+01 -8.189759977884463638e+00
1.251522564145034444e+01 -1.120927395719066411e+01
1.479920865309805933e+00 -3.297190459017440567e+00
-1.824320186830622248e+00 -9.249041040857113316e-01
7.257634294811866837e+00 -8.352528075192340751e+00
3.446014653417551088e+00 -5.788223038692382083e+00
1.267884625444676772e+01 -9.899959223346707304e+00
6.311932581593098668e+00 -9.054967078729657004e+00
8.082851192529872719e+00 -1.147855638930453814e+01
4.482083837675141957e+00 -7.148095365200363815e+00
1.203926675256808565e+01 -7.893988825790962949e+00
1.261769213274652301e+00 -4.907425076795579599e+00
1.492267742970438960e+00 -6.013160218576303784e+00
-2.518668719981640436e-01 -1.900051345677365111e+00
8.219348733628201842e+00 -8.431657754629966917e+00
1.543307983876741396e+01 -8.437682954023200566e+00
2.917651838146635868e+00 -8.065370621254388084e+00
1.243865707196019343e+01 -9.895387024092299200e+00
1.155631293391952141e+00 -5.684927287188483724e+00
1.504267658536701369e+01 -6.258643409615700648e+00
5.667733042496118756e+00 -9.223965928345968734e+00
1.783679130692663506e+01 -5.283111251566541711e+00
3.197122481025184371e+00 -4.350555588440808030e+00
5.344454811465527477e+00 -7.183454941249124204e+00
9.163202971858659396e+00 -1.161129543639798456e+01
2.853252339369916513e+00 -4.778658748089896768e+00
1.845928214461742911e+01 -6.030531791303469724e+00
-7.808341197858741367e-01 -3.790144586786396430e-01
1.647781283695593046e+01 -9.562332398400156919e+00
1.044428763143317873e+01 -1.179304439967839890e+01
9.240751105722491587e+00 -1.022442279810419485e+01
1.740931653695963277e+01 -5.727064143507808680e+00
2.871434479742304369e+00 -9.000729088970398806e+00
1.645268198519583791e+01 -8.950030950985972567e+00
1.552967510708519683e+00 -8.622616147092643235e-01
-7.598702097324494531e-01 -1.070460113724129636e+00
1.812292447028730180e+01 -6.238227036186942520e+00
1.310142751019125384e+01 -7.374916311337357477e+00
4.366125304513549743e+00 -7.001149237068205800e+00
-1.711449368484153410e+00 -7.305302891942294652e-01
1.879783288970015676e+01 -4.431565026817886555e+00
1.467790778082939340e+00 -3.352530417913887728e+00
1.502183249816955168e+01 -9.322037280679179361e+00
5.997226469327230802e+00 -9.865056608699187990e+00
1.765077107982873983e+00 -7.267689057902652294e+00
8.109240408233020503e-01 -2.276265980129436262e+00
1.108260337185539512e+00 -5.538793351508272345e+00
2.069374623720504758e+01 -4.319497540162284821e+00
9.813635081142658478e+00 -1.160655292637521541e+01
2.473470499209638795e+00 -7.447621418067586596e+00
1.391589264657364566e+01 -1.058579577895424606e+01
1.402108078182930129e+01 -8.162325768760117839e+00
-4.509423498677023190e-01 -3.597461671050504961e+00
1.837900399983239552e+01 -4.673962422081735291e+00
2.021055817086232764e+01 -6.082132879733949338e+00
1.650054062861340043e+00 -2.284113241363610491e+00
1.950632945252259631e+01 -1.176371491601126307e+00
9.170692775371174221e+00 -1.121662760765033262e+01
4.869740332638272662e-01 -5.427124689554898573e+00
1.946472764273513434e+01 -6.050083464424298896e+00
2.514149225564120016e+00 -4.906934676030578757e+00
3.013617648024649043e+00 -7.923427561081314074e+00
1.431621700732027946e+01 -7.929073124498185798e+00
4.876939820999650621e+00 -1.002062459018050511e+01
1.050112703190650265e+01 -1.028587867675018330e+01
7.920480596734313927e+00 -1.118846376065641479e+01
1.865513826242064965e+01 -2.834729504442096371e+00
1.671012756812080724e+00 -7.819244554183760521e+00
-5.538956552452329873e-01 -5.100725712196161332e+00
3.856186781550403175e+00 -9.992703923888637263e+00
1.401304559882696310e+00 -5.105770070170443375e+00
3.715508783422126093e+00 -7.155562172931400511e+00
1.425886701091362951e+00 -6.771717164872550043e+00
1.602180570037583252e+01 -8.118680996022009211e+00
1.940548203899021118e+01 -4.688339298222799378e+00
8.029080482652545925e+00 -1.094596556007128818e+01
1.551992813278746297e+01 -5.958745258865893568e+00
3.591164955894665667e+00 -8.523479698723612330e+00
-4.513271476217202149e-01 -5.489942457447403612e+00
1.231835926946968840e+01 -8.616378404272575509e+00
2.073502277573156860e+00 -6.627489225744358059e+00
1.009261378750474236e+01 -9.431790335079242027e+00
1.482902561487398430e+01 -6.401674922882865992e+00
1.896003404980619678e+01 -3.596728776370749503e-01
1.555695477819218553e+01 -8.659557634996641440e+00
-5.165033696801852869e-01 -2.889488530712585046e+00
2.146061538802826796e+00 -7.940425742038192958e+00
1.995536185712787969e+01 -8.979338426932011175e-02
1.113252653429164241e-01 -9.353108351789897468e-02
1.727114882419481745e+01 -5.564710541475721861e+00
2.126332130897401385e+01 -4.014474962874190034e+00
-4.094449837974067918e-01 -2.439701597555286927e+00
2.143069169663936435e+01 -2.457917206767261220e+00
9.783028912466257054e+00 -9.795359666555194522e+00
1.794977473527719525e+01 -3.940053209753560548e+00
3.858110524882214065e+00 -6.767155479604912038e+00
3.680194006450847155e+00 -5.525568889048625643e+00
1.896516159731343265e+01 -1.120513194598707463e+00
4.811241966238703149e+00 -6.329438060782460518e+00
8.345846208393242094e+00 -1.159638877068399765e+01
1.110665484273934034e+01 -1.024730455196631063e+01
1.251346659792828042e+01 -1.121056642715520191e+01
1.521434556432303964e-01 -4.941879210658607136e+00
2.087910000838876812e+01 -3.158777786664099807e+00
3.983948146674227253e+00 -6.119696196886908801e+00
1.841137639487688560e+01 -4.266769644279250429e+00
2.562357654093192494e+00 -9.186334046755813887e+00
1.740095284514140417e+01 -7.455670347401448517e+00
1.701386906488281525e+01 -6.758163495375182350e+00
1.533525890970594219e+00 -6.412727128560939072e+00
1.423103393775592806e+00 -2.079784790797710059e+00
2.096376471744136438e+01 -1.860794935914629411e+00
7.416741595612880822e+00 -1.035163110151172283e+01
-4.425799466517403857e-01 -3.264730332590119133e+00
1.434161094291133054e+01 -1.065411759016957660e+01
3.686776144842851544e+00 -7.749537208682927947e+00
3.960294881665238798e+00 -8.164954064945080248e+00
-5.154760794682253788e-01 -2.003983026082069241e+00
1.015732534071719151e+01 -1.134468633784336333e+01
5.128945796124353862e+00 -9.986676670100573361e+00
8.825734824927113920e-01 -6.348472359330779469e+00
2.551399961169149577e+00 -3.894370783224650356e+00
3.531225977662328042e+00 -9.084205473100356087e+00
1.289008453776936847e+00 -1.908768063579834973e+00
5.945606707004545299e+00 -7.530445888132047294e+00
4.537909733353427733e+00 -7.702348149784523201e+00
1.465953301873091164e+01 -9.732559632923811321e+00
1.313993009296062375e+01 -7.397818507795819620e+00
1.991336790386974087e+01 -3.936478874394265137e+00
8.755588047152620845e+00 -1.191886042499456266e+01
1.454560509601431839e+01 -7.943171526150212713e+00
1.019652258838435444e+01 -1.183951186305798764e+01
9.828628932236574300e+00 -1.010027755880725664e+01
1.056882539895020834e+01 -1.101579216294928187e+01
1.659017665626469906e+00 -4.219520797958358216e+00
2.746927135531544550e+00 -5.394052182635713955e+00
1.610396109629476769e+01 -6.642231978570838358e+00
1.598272166234867697e+01 -8.332207315066391118e+00
1.322050258271237944e+01 -8.024153374242773751e+00
9.253168507636930329e+00 -8.299553722880355977e+00
1.618392858783533583e+01 -9.222205107581617156e+00
3.742110043486990278e+00 -6.057848664517664794e+00
1.646747406664220392e+01 -5.431360726748961198e+00
4.851767365797451603e+00 -8.582382346783385074e+00
2.147419473905977227e+01 -3.225667419557652682e+00
1.990246315889530493e+00 -2.447595903012578233e+00
3.866418493781491605e+00 -7.194396763109907056e+00
1.252166452749412962e+01 -8.426760490306030249e+00
1.667919590861368562e+01 -4.869401112499689432e+00
1.788226815717162310e+01 -3.629337166203923104e+00
1.230562769336902562e+01 -1.139677356542129694e+01
1.668432418402154127e+01 -6.469469799601542448e+00
1.218086229719251712e+01 -8.229346508914595404e+00
7.729470645094645320e+00 -7.903593753171878511e+00
9.761653144599931053e+00 -1.198411589228381402e+01
6.111913715274807757e+00 -8.021080787487427699e+00
1.653727457228569619e+01 -8.077357718717268042e+00
-1.155564142989931042e-01 -5.388303486723052593e+00
1.826557161465094481e+01 -2.046384819144017264e+00
4.158865033028931180e-01 -7.684297398665348444e-01
1.933577691926487319e+01 -3.594971220997036809e+00
1.519033824661120136e+00 -2.072033733923092313e+00
9.435689974083967257e-01 -1.091926070036797869e+00
1.669504423363265744e+01 -9.063774601177147616e+00
1.069505257430048140e+01 -9.017701414029231088e+00
7.843719617505998443e+00 -1.164470542861087132e+01
5.433498427163227618e+00 -8.896203439011566516e+00
1.288192842222067824e+01 -8.700493904764631026e+00
8.886500989365019976e+00 -1.193903340296756710e+01
1.961618912915954382e+01 -1.140904555923097252e+00
2.997724179264835698e-01 -1.345618364606882666e+00
1.871566893998215519e+01 -7.891974303124417389e+00
1.880939445036862168e+01 -3.675515958900297253e+00
1.150423319276637812e+01 -1.088468108410365431e+01
1.831530324232633689e+01 -9.628314330614511085e-02
1.613627637391975256e+01 -7.206359966125223337e+00
8.466743733247186654e+00 -7.966246975528621377e+00
-1.596619978673826878e+00 -2.586787632717420404e+00
1.787577429550475117e+01 -3.770238119132807597e+00
1.918095554171829775e+01 -2.362328260632137411e+00
-1.683546090506785831e+00 -6.702133168599017435e-03
5.086597285517019174e+00 -9.739407715189065229e+00
2.180743137069057269e+01 -6.387629407707434703e-02
1.275816295932533251e+01 -9.654525963046069137e+00
1.744841040292765655e+00 -1.114467898298004522e+00
1.142189592022189970e+01 -9.855664004334540707e+00
1.792731521142558293e+00 -5.790930117791088350e+00
1.682569465042578116e+01 -7.473653098443681309e+00
1.767952459179070601e+01 -4.144101841109642415e+00
1.248066351863024792e+01 -8.054684506282280054e+00
1.704172504440069247e+01 -9.506237540144979903e+00
6.587791636090027936e+00 -8.068071960937853504e+00
1.810094403337007307e+01 -2.431365006534098594e+00
1.131628739914674320e+01 -1.072299736525323155e+01
1.605089691702326604e+01 -8.053035203903270656e+00
1.051611995877582117e+01 -8.287549729633218121e+00
1.970230377756878681e+01 -5.453077796324346416e+00
2.187787232319032604e+00 -7.219629295897335375e+00
1.762888190191307558e+01 -7.734506625950954728e+00
1.767828400751351481e+01 -7.196747569848898962e+00
1.365344464504474331e+00 -6.590128385058960703e+00
2.342937768843323276e+00 -6.642972090854056155e+00
1.032728043642725346e+01 -1.037520669541304130e+01
2.241557254844728675e+00 -4.741934309479558074e+00
-2.546750511382960269e-01 -2.707412265354757874e+00
2.401556993342742530e+00 -5.884900274519803354e+00
-1.798170305441267658e+00 -7.374917019695917952e-01
1.740790240306430547e+01 -6.770466704530631041e+00
1.802845033146177656e+01 -3.970531380500003760e+00
6.894139650684646625e+00 -1.063743810050892868e+01
1.379496315905434400e+01 -8.826211026702107887e+00
6.694446215562061653e+00 -1.091643327424413457e+01
2.902267043607977826e-01 -6.125622963484849137e+00
1.251984880627248131e+01 -8.483465993789669923e+00
4.405894301445933969e+00 -9.549692989224382700e+00
1.638937670358609466e+01 -7.553856410069046845e+00
1.064233639950114885e+01 -1.090658190524259119e+01
7.931462537400288504e+00 -1.033640750060732216e+01
1.122849032293987648e+01 -1.068827735160856740e+01
4.209348809519976697e+00 -9.555151664871333494e+00
1.606065698240810136e+01 -1.001517360387079059e+01
1.752551099593087969e+01 -6.318090598696915805e+00
1.663156492136997855e+01 -6.269792176612839718e+00
8.445360783554420436e+00 -8.644920873818294993e+00
2.003869912524160313e+01 -3.030289991162444796e+00
5.335164463022837644e+00 -9.059769595196602410e+00
1.875646253218892667e+01 -2.285198068445249753e+00
1.180832724920467314e+01 -1.054542815251225463e+01
7.385815519506682136e-01 -3.418299545505567139e+00
1.237675111437350317e+01 -1.043817048546355153e+01
1.965039471671902760e+01 -6.885419160419749218e+00
1.009544699972857806e+01 -9.311641264298685883e+00
1.173371809380551412e+00 -2.732818017101478758e-01
2.080517115420778396e+01 -2.395369596296602066e-01
8.641678409848660536e+00 -1.040806952272242469e+01
1.897718721453718516e+01 -6.319863625258347106e+00
1.858087276987329517e+01 -8.191114700183497632e+00
1.361665814243753658e+00 -9.754524203717778175e-01
1.612576734869089989e+01 -9.649822759495572555e+00
2.147727853340632720e+01 -4.815687779188506656e-01
4.224783768391751515e+00 -7.813586265740792847e+00
1.931227364742137809e+01 -5.328434579654800274e+00
7.168898737420913214e+00 -8.176637441083981273e+00
1.614123857074782720e+01 -7.113293447118337554e+00
1.013448150242624379e+01 -1.124604220431838186e+01
1.711211492744000751e+00 -4.619187565062121692e+00
2.020649215258855769e+00 -4.275442704207812028e+00
1.039053010432784419e+01 -1.112598135837447799e+01
1.262260086605917131e+01 -7.708044469102078189e+00
1.664588194404396049e+01 -6.337719027193321253e+00
5.810298098086190244e+00 -9.883354815166049079e+00
1.842835222369508941e+01 -3.005005621744702538e+00
4.784939509964249993e-01 -4.268576680632190090e+00
1.873264610665394514e+01 -2.087672368853495275e+00
4.118073653054851846e+00 -8.309294611542973996e+00
1.068783916845944937e+01 -8.338042861063104993e+00
1.890816460730510329e+01 -6.630588168313867214e+00
1.623361497440006573e+00 -4.286097808400846532e+00
1.770992437915844775e+01 -2.322346137089658313e+00
2.128881721541620564e+01 -1.693073365038368028e+00
1.828603206884648813e+01 -7.945103079657413581e+00
2.385915075293091547e+00 -4.959172683561297923e+00
1.649930274124070451e+01 -8.388931184086704462e+00
3.639672856754163632e-01 -5.091025879412153898e+00
1.812092032749595916e+01 -8.453726556246214940e+00
1.924977379713172354e+01 -3.783780808178261790e+00
1.053025552061625625e+01 -1.017452210392500689e+01
9.492026221716532319e+00 -1.013434046872461458e+01
1.339898209867769197e+00 -4.661434905826708497e-01
9.673328561471059572e+00 -8.801670020995633337e+00
1.552650509979133631e+01 -8.238051181788248911e+00
1.426363622095169781e+01 -1.088152061015072114e+01
-1.711494839569938975e+00 -2.258708373499676902e+00
6.583430692043584997e+00 -1.049679184555273181e+01
1.782391022901268940e+01 -3.384068023595955932e+00
9.749311376569931298e-01 -4.037835475557694842e+00
1.214873954100108122e+00 -7.656372320407656140e-01
-1.488752736109457686e-01 -3.389460900454653647e+00
1.132164902893833514e+01 -9.079757750736376920e+00
5.701193115322797489e+00 -8.786082224454665024e+00
2.070958217667797641e-01 -7.341420083491966286e-01
7.930096489994699738e+00 -8.028252102880829355e+00
1.776156709350812690e+01 -4.556700317976437375e+00
1.930442725430843609e+01 -1.187760008762308139e+00
1.574302988559765737e+01 -1.006440746837800404e+01
1.695201053495703292e+01 -9.126517271842601531e+00
8.190548625831896246e+00 -9.957632096165104585e+00
2.077034010466160652e+01 -1.679195568557696694e+00
-1.175728779749416475e-01 -3.426755061374071154e+00
1.287017061391186346e+01 -1.050654763031669781e+01
4.760870427850625752e+00 -6.938181975809013302e+00
1.254779753140416787e+01 -9.846241730460183916e+00
2.103810291474656680e+01 -2.548850140266128328e+00
3.984562165294714298e+00 -6.847524669511932949e+00
1.952995773612608232e+01 -5.307149182923962094e+00
3.091983107917766205e-01 -6.999042259915107422e+00
9.650247643532241071e+00 -8.785309872342049076e+00
1.732116146356452191e+01 -4.452621990681284281e+00
1.189621152154109396e+01 -1.012121201546250582e+01
1.677628063315257378e+00 -7.338868886261650459e+00
-7.251421999489746639e-01 -7.529448924239554586e-01
1.620889675108375982e+01 -6.574876511438290549e+00
1.606205116244685271e+01 -9.583653591864608856e+00
4.867170853691943577e+00 -1.068893998468845830e+01
9.347499202843732036e-01 -6.206128206089122301e+00
-5.996588247298166863e-01 -2.325868032186201972e+00
-8.315406996070766610e-01 -3.832459095637721358e+00
1.850635961090270598e+01 -5.640017159012098436e-01
3.717562995949452720e+00 -9.410848973981426724e+00
5.572560938943343700e+00 -7.043770984494130083e+00
9.093074175274470150e+00 -1.120568302480985601e+01
1.771104333184094770e+00 -4.220901178475266136e+00
1.891209911419178269e+00 -2.784801738019486272e+00
2.094889526587664008e+01 -3.938708838104248433e-01
2.069352141791506838e+00 -1.677502736439532738e+00
1.946833695592804503e+01 -3.222787578580537105e+00
2.097496862066618206e+01 -2.997627510231367420e+00
1.234524154601259305e+01 -9.196477180079208225e+00
4.506901879887335483e+00 -7.510968775986097690e+00
5.969224150170787446e+00 -9.119234830796063562e+00
1.512894165744250863e+01 -6.765044505137328912e+00
1.057396016866960764e+01 -1.089589865649578471e+01
4.989721783423221702e+00 -8.394114422970273992e+00
7.162729952315224580e+00 -7.752061021765962678e+00
1.869418974981172710e+00 -8.733046650099707264e+00
6.996299101081220329e+00 -8.439999611146655312e+00
1.405817010051926985e+01 -9.977209548591044808e+00
1.819672645596985205e+01 -1.379458409360262428e+00
1.782713041353420635e+01 -2.809750132535457467e+00
1.119545483039090250e+01 -1.053121598310484330e+01
1.571010119971410646e+01 -8.486408316222252779e+00
1.995016819597433866e+01 -2.426762936625525668e+00
4.015361450793564657e+00 -6.596618373172932870e+00
2.084455472674769538e+01 -3.888488154457620638e+00
-7.455640627061228543e-01 -3.183601915766951063e+00
1.948929117961585078e+01 -5.969009778093215424e+00
1.406336220278607385e+01 -8.123035857245323399e+00
8.682916926864292506e+00 -1.100572771785516402e+01
6.039533471768979922e+00 -9.827447714456789996e+00
1.684425830109586997e+01 -4.648019061298383825e+00
7.121462694054775611e+00 -8.514740301494576613e+00
1.281765379920115322e+01 -8.606548820339106953e+00
2.098501507484918704e+00 -1.968433183341114612e+00
1.050993053256310183e+01 -1.020588080348693261e+01
1.303206943519822758e+01 -9.340342352897376799e+00
-8.608070472172233423e-01 -1.938151097404236856e+00
1.498680641555611714e+01 -1.044619382042922773e+01
1.857696845635422989e+01 -3.582481040948061746e-01
1.897681037958450645e+01 -1.647722254148921150e+00
8.739774254537458376e+00 -9.849319351398728273e+00
8.648991816716961267e+00 -1.137202071559890726e+01
1.541629113030828080e+01 -6.196567903493584772e+00
4.472292780307105531e+00 -8.232555458044283014e+00
1.678899343861104398e+01 -7.718508647380851073e+00
2.126034471536210546e+01 -2.055364100727402832e+00
1.409841205100193662e+01 -9.444783749057425126e+00
3.387630466155489017e+00 -9.778995950968621287e+00
9.550130236315954591e-01 -2.022617544024320146e+00
8.228524323604061053e+00 -9.004183854183526847e+00
1.598097132165732503e+01 -6.492526222034717520e+00
1.368198787531863303e+01 -9.892150929958383188e+00
-1.619130591641717132e+00 -8.307058758162130241e-01
9.160563670561920446e+00 -1.030307653322740791e+01
2.725553736954646311e+00 -3.769310889120631725e+00
-1.191365234073998636e+00 -1.743008076597809763e+00
1.911639225854280966e+01 -2.200022058457484775e+00
1.094547187685621914e+01 -8.321878458524386346e+00
1.719146413567951726e+00 -6.069313167104306572e+00
2.122874929855463222e+01 -3.976973558213359183e+00
1.872584592179800111e+00 -2.409742708180954818e+00
4.857017824490776903e+00 -7.864926198960580095e+00
7.650736689925191847e+00 -1.147909046013486467e+01
7.394406695605333368e+00 -1.017064605395677290e+01
9.302734208424100260e+00 -1.030247740666676748e+01
1.648769182405523637e+01 -8.053068899306573769e+00
1.846901881228598086e+01 -8.319100915162275456e+00
2.889385503781305431e-01 -2.898140346855296201e+00
1.040154748259987194e+01 -9.613577835042507402e+00
-1.552089309839006503e+00 -1.383107628978543335e+00
5.899213844922808647e+00 -8.205759571599774205e+00
1.268475584984694216e+01 -9.286314845591837397e+00
-3.561035029723598200e-01 -1.787400480762661559e+00
1.790476472535321761e+01 -6.880156025687563570e+00
1.795256278198387889e+01 -8.518043095438029511e+00
1.766091785988507823e+01 -4.444855274079956509e+00
1.473183493530894950e+00 -8.950386820298540380e-01
9.774617933179605700e-01 -1.252566358059875817e+00
1.969783948656199257e+01 -1.377274084360867290e+00
1.516985828410505022e+01 -9.072967555383765870e+00
1.217579167975976873e+00 -8.042570251029948381e+00
1.357227784243722368e+00 -6.322285768818671770e+00
1.860049375608867095e+01 -6.765473682403999156e+00
1.409619754852849738e+00 -1.827662936599595556e-01
9.436616915464950850e+00 -1.102278201790467627e+01
1.780671488622976639e+01 -2.098283841586388476e+00
9.503576871312226615e+00 -1.188214659781895222e+01
1.236312666944473015e+01 -1.003724906156519481e+01
7.009553656282952794e+00 -7.724092939881353814e+00
5.314918455874720671e+00 -6.854037846842161663e+00
1.208381168151897533e+01 -8.188715992422942236e+00
-7.583296423137841913e-01 -3.124319211366039517e-01
6.561149755009754614e+00 -9.553881943687072109e+00
4.438513700175831467e+00 -9.019794661638552924e+00
1.044582738008989509e+01 -8.778408521193902914e+00
5.122538932817203516e+00 -6.668183775987829520e+00
