5.314169466637760131e+00 8.839486845018626582e+00
-9.438985531536006945e+00 3.737766418675264046e-01
5.366503278607518190e+00 9.850585611469828251e+00
9.797306970703246520e+00 2.211508706804941049e+00
-8.050968892157552403e+00 2.997879457274048143e+00
-1.010910309354967218e+01 5.821877451606801479e+00
8.895058360213598192e+00 4.559828914689542323e+00
-1.056510301627010762e+01 4.773646230353569386e+00
-4.922088168098831540e-02 8.150691732905709586e+00
-9.734557784606855391e-01 8.488238478817251575e+00
-8.211255263067686272e+00 3.505061062523000093e+00
-1.069605412962418534e+01 2.242425044293038017e+00
2.749810798117748867e+00 7.831075014666108558e+00
8.248040959296869090e+00 5.540004646632302077e+00
8.616754824910655586e+00 3.592038798597296800e+00
8.148794182349931248e+00 4.348276858583164817e+00
6.474392027536302940e+00 9.117408110599800608e+00
5.992427060372505387e+00 6.545875536189851296e+00
-9.823630378039094779e+00 2.608461815134012429e+00
-7.474699771079079902e+00 5.434155651443125734e+00
-3.175492878992741907e+00 1.015352209818969342e+01
-7.276078718702766679e+00 5.055246443978034243e+00
-7.406164829055085441e+00 3.401228306502530607e+00
-5.265685107902201345e+00 7.038326039649132504e+00
7.796734565240554637e+00 4.435270297406261442e+00
-8.939727030886189141e+00 4.170794657676268891e+00
9.145095516408551006e+00 1.861449527336497933e+00
1.869108111134925254e+00 8.588792947384447984e+00
-1.143649305484310652e+00 8.799391892762837841e+00
4.060286002254691162e+00 7.851872801785372502e+00
1.006727370382542652e+01 4.798184798340496826e+00
2.895892297414323746e+00 8.507742520075584736e+00
4.168532734129815509e+00 7.670372887695985575e+00
-1.547880379852252686e+00 1.078232424990725136e+01
1.060735559618689727e+01 7.230569890654431342e-01
-8.101581249936311124e+00 2.631756698540124617e+00
-5.197342798699127187e+00 7.969602283937430087e+00
1.177155589158401483e+01 9.145292705469471040e-01
8.711084356211767910e-01 1.003034053869140507e+01
4.753843247664041094e+00 8.401500271534089848e+00
-5.055300251837971715e+00 8.414212296045903372e+00
-3.475213227666738014e+00 9.429110161005004542e+00
2.944684875496788923e+00 9.843049547448162073e+00
-8.349673083831143927e+00 5.099923680106594581e+00
-1.040256004902887454e+01 4.865334089912816684e-01
7.134264010297098224e+00 6.101466054183245724e+00
8.127033552692433105e-01 9.855966782778954993e+00
6.725101421292865922e+00 5.559423346653413311e+00
-9.081641545103813939e+00 5.676729582081663672e+00
2.767593494255618403e+00 8.318060776556510660e+00
2.190597971308206660e+00 8.430111042462590021e+00
9.098213453137375950e+00 4.292449103080464567e+00
-8.372636592752636275e+00 5.107580788520277082e+00
4.009404111468691134e+00 7.998771808554125506e+00
-5.167443378226391104e+00 7.938116596814042580e+00
7.569574742586906879e+00 2.610088124424348344e+00
-7.961350215927036622e+00 7.814573885271763665e+00
1.214927610453743645e+00 1.115436279790394458e+01
1.093882477987376767e+01 2.246950985016238078e-01
-9.102279326267369797e+00 4.834207889411198167e+00
7.394343697173098917e+00 5.605735036608901822e+00
6.782050014898000079e+00 8.629322186081028079e+00
4.090324796837852550e-01 1.142044580385153552e+01
1.116269905169387577e+01 1.828787189136724667e+00
-9.715859355837205058e+00 2.748039785026451742e+00
6.583255316926713618e+00 6.552428256818456198e+00
-5.657942149909651164e+00 8.608998001225961261e+00
-7.266565498698681402e+00 8.040473752385752348e+00
-8.627169001254701541e+00 1.479347948554576853e+00
5.986847366859765707e+00 9.098088559788802598e+00
-7.400001462887411563e+00 7.262253706371827100e+00
-6.760164336905478244e+00 7.883486783281805188e+00
-9.977063714448371812e+00 4.675607355116986774e+00
3.897602990487937902e+00 1.009647753436985518e+01
2.129325754780565294e+00 8.592835349239791753e+00
-9.773308716760530146e+00 1.558019230316737058e+00
4.765922310385093397e+00 8.093313957618256893e+00
7.527417494308490831e+00 7.508690822526307151e+00
-1.076743822297108721e+01 3.160581483365759059e+00
9.143534052858035110e+00 3.450903758903632879e-01
-3.903516079912100256e+00 9.264983461046961466e+00
-1.129098646219228286e+01 1.871083031769129157e+00
-4.030738790258574511e+00 7.430389079187780688e+00
-4.712690847844593911e+00 1.030198299669869222e+01
-1.060702929383931981e+01 3.133854613501768860e+00
7.709576795892144396e+00 3.392318585504364936e+00
7.880037146875640275e+00 6.749727637763206722e+00
9.045903618142224545e+00 6.709010906814944164e+00
-1.057794121300584678e+01 1.439743164226900518e+00
-3.848691635434729363e+00 1.091606199632376217e+01
6.111149742803079654e+00 9.500573474885772640e+00
-9.692641034881898321e+00 4.318997260432766438e+00
-1.531397212155630738e+00 1.050425972713756728e+01
4.807346153233767794e+00 7.731906150077314521e+00
-6.255126374565755043e+00 6.984736241815859614e+00
-6.486680574704616120e+00 7.115031058806783548e+00
5.779309451665844755e+00 6.333505369325281187e+00
5.517478026529492929e+00 8.433398981659967930e+00
-1.202568445982433509e+00 9.629051165690341918e+00
4.772083497376162220e-01 1.011711664532817601e+01
5.411100958188516330e+00 8.767235796741449150e+00
-1.064778954627097640e+01 4.974644348476726208e+00
-1.474527223866218595e+00 9.302898950397276323e+00
1.000513980911662593e+01 4.137204036905651527e+00
-2.466355411336953907e+00 8.666009955585897373e+00
9.202464098341133436e+00 2.519667639793901626e-01
-7.620771972084960488e+00 4.092985600712114369e+00
1.055673304046587724e+01 1.646385206813161695e+00
9.997028401543875731e+00 5.939863461112236287e+00
-7.598319482287636539e+00 2.764403135452732752e+00
8.188328223637716619e+00 5.454070309928969351e+00
8.286621090062297412e+00 3.351410046031285450e+00
-2.575982533906312710e+00 9.520092142413917102e+00
-7.525708539530138630e+00 6.058480319080043586e+00
3.972260274321435691e+00 1.010269902732772351e+01
-5.834784906895024825e+00 9.135623223529803383e+00
-8.225659000148821676e+00 4.242893104326447506e+00
9.143903784157062731e+00 3.329611415205239400e+00
6.624036342952499545e+00 5.217680351141373407e+00
8.075517960321697331e+00 4.114378666758246261e+00
-8.233413801610014460e+00 6.254944170327798147e+00
1.929570524419197186e+00 9.808614485001529104e+00
-6.171180275553763472e+00 5.759872044029999749e+00
-4.078118478909949829e+00 7.537119453857036078e+00
-9.258647941149677152e+00 5.110206061383797405e-01
-5.997613139763987355e+00 7.410949722501495529e+00
-3.670529885800508652e+00 9.601048612595748821e+00
-5.915934714551402962e+00 5.962449739247111857e+00
-7.287962129752600049e+00 6.246138955082915167e+00
-3.243789934462509628e+00 8.038175519325683638e+00
7.883602193050019968e-01 9.497042149930310373e+00
8.933268271826572127e-01 9.454320827133461336e+00
3.692658364468519583e-01 9.177041333130226519e+00
1.662541881647336406e-02 1.171063337351862366e+01
-5.727661985760138741e+00 5.681102099647509007e+00
-2.145121028511762784e+00 9.799125706504584699e+00
6.130340142379584023e+00 9.656053215487055752e+00
2.848134830085747193e+00 1.148216929464235925e+01
-2.199026405909204396e+00 7.892834596188244234e+00
-7.891952691773328254e+00 4.640961621557572414e+00
8.093711159847222447e+00 7.999423344149096060e+00
5.875308728547951276e+00 1.002405984074312606e+01
-9.022489718787291224e+00 2.736068575177684092e+00
-9.313888310027282458e+00 5.681953619945068645e+00
1.624618914914959689e+00 1.028804870861072729e+01
-7.819695380987073952e-01 1.181409334941215938e+01
-4.520316232413255975e+00 1.054235375166262045e+01
3.989023006993103415e+00 9.271185262267840343e+00
7.569230191155064347e+00 5.360601757727683214e+00
-1.050034216939957332e+01 5.558567647169541992e+00
4.262727615868096009e+00 6.896870729074663586e+00
7.587142905874038945e+00 8.843114830412385885e+00
8.495675366814166907e+00 1.993302797331161669e+00
2.665386562422378702e+00 7.682639105488680897e+00
3.499019979943533531e+00 8.410119281820811921e+00
7.979864027818483585e+00 2.202390458577254684e+00
1.081588880024901478e+01 3.455508275331919066e+00
9.684410204433296698e+00 5.472204690067785648e+00
8.284400136590733155e+00 5.718205064497310808e+00
1.000653788578252446e+01 6.572096734828026143e+00
-4.562270065706957034e+00 6.890607547587856985e+00
-5.440772273747975341e+00 9.334661692207088635e+00
5.083010336238447557e+00 1.041451488532620928e+01
-7.065532385921652114e+00 3.885479208222329728e+00
-1.598071092828575290e+00 1.053267298772390959e+01
-2.745765266982897135e+00 7.797717999003924483e+00
-9.886761524639837262e+00 3.406256155295774857e+00
7.993346361374000786e+00 7.884570453859574890e+00
-1.372127249788137160e+00 1.183101696502930267e+01
2.533053742608714742e+00 7.661054946698679480e+00
8.710628290560679110e-01 8.738197567661801557e+00
-1.126076732073156350e+01 3.219571474457854965e+00
7.060896380197250188e+00 6.046008597932161166e+00
-1.112258363768193803e+01 7.957518469072658585e-01
1.124644775353474024e+01 1.004894057649918349e+00
9.715630224886449895e+00 4.733615588825350606e+00
9.414650899050013066e+00 2.351853261226478420e+00
1.031042009299058648e+01 1.147478333427877084e+00
5.423241619190110718e+00 9.814325644377889901e+00
1.019711600029078369e+01 1.251239305261470314e+00
-8.782597410286971495e+00 3.030157751714577241e+00
5.467933225342294090e-01 9.172031908056654359e+00
8.104106621448647019e+00 9.834071953206287020e-01
5.779087691861851894e+00 8.540367171289675596e+00
6.883472147531817242e+00 8.724912109506224311e+00
-9.464348290233145278e+00 3.611288284501730228e+00
-7.974626264397683961e+00 1.354719546338636782e+00
5.490527624296283049e-01 8.998711718098125090e+00
8.054209050821750537e+00 5.687389170438012620e+00
-9.296798922064855475e+00 2.707671763696324341e+00
1.113168487172245591e+01 4.719575256857074241e-01
2.495596482522590698e+00 7.829745538865093835e+00
5.617938147601548415e+00 7.589148346956157809e+00
-7.993908454408536812e+00 5.927880843399909949e+00
5.683519961025545797e+00 7.898246307146937539e+00
-9.773728998807419188e+00 3.383776726837429027e+00
2.546280039850894461e+00 8.197801126138296368e+00
8.234374157416292306e+00 8.503282730336977346e-01
4.681076550519766677e+00 1.001320837773295125e+01
-3.586016525525219656e+00 9.019707102036322866e+00
1.010628536500310481e+01 1.156860553665578939e+00
-8.356764126318518393e+00 4.651538223564252839e+00
1.080117763745357173e+01 3.572063671844095900e+00
-1.027750428786219494e+01 3.196133065528469430e+00
4.879375121694078388e+00 9.160194299926759598e+00
6.012309868507553112e+00 7.083318786672328393e+00
-4.682900959213078806e+00 7.213964860447211969e+00
-1.794535243663891499e+00 1.063428455074417478e+01
6.889768272615689249e+00 6.844522440110935690e+00
1.208434064895215432e+00 9.120973023146593306e+00
2.575162137397898565e+00 8.973721381517499651e+00
-5.937821545350697505e+00 9.468638016880163377e+00
-9.627884169059759856e+00 5.901273385896956825e+00
7.923256334209408669e-01 9.756282398869888794e+00
-1.078161250973047025e+01 1.497422262866773712e+00
-2.404209151216637697e+00 8.664857445610566700e+00
-8.177883794091348690e+00 5.944758515931185983e+00
-2.910716081285113166e+00 8.705141776089888594e+00
-7.428120071046254047e+00 8.733257227432638103e+00
-1.035657943025798211e+01 2.656627025730590841e+00
6.269726680991903223e+00 8.899545147262099221e+00
-1.129273455867699028e+01 2.990668181041869489e-01
7.885194774257525019e+00 6.387365683938242888e+00
8.520594263285826031e+00 5.681099758544845280e+00
-2.207447203682272985e+00 1.143412700991503073e+01
-5.995358469877730023e+00 6.837840226938300070e+00
6.122886919943642425e+00 6.644519821807429949e+00
-4.414122631953685705e+00 7.435029190988739600e+00
4.823635946812113495e+00 9.471086705410737494e+00
-8.200801486703079846e+00 1.779254665640995325e+00
1.077103793080134508e+01 3.869889190829386649e+00
4.161294295575077129e+00 8.447762726359057339e+00
-2.325118539479959612e+00 1.060077879925786881e+01
3.099304779747752203e+00 8.731189239465088292e+00
-2.685075712313528928e+00 1.025951905137133835e+01
-4.755051102470245761e-01 9.079300981844861340e+00
-3.888004914755436747e+00 8.906534803433604708e+00
-6.499807593913740078e+00 6.376953477542238069e+00
5.640656702750063145e-02 9.027681269792665830e+00
6.852395375241355779e+00 9.237219810124628339e+00
-1.091561015010082869e+01 4.303705123045264536e+00
-8.255203647785947396e+00 8.692386065119157124e+00
8.300691553598944949e+00 8.243031025189161198e+00
-5.461785097765719854e+00 6.247237509623644769e+00
1.159343965475835292e-01 1.062569086798946216e+01
-5.107008131704096954e+00 6.363242256687950515e+00
-3.046603946940187768e+00 8.185949692907392716e+00
-4.859416661393200165e+00 8.109555707559291449e+00
2.079052353838745759e+00 1.146566264002081503e+01
7.852495164199879696e+00 3.956664480003733164e+00
1.833170272581534421e+00 1.148933866370684065e+01
-7.675663781537595654e+00 8.047944031821661071e+00
-3.734792167207135805e+00 1.109772285344431353e+01
5.306523744225415840e+00 8.119614293941189942e+00
5.176635760324535873e+00 7.198484627111433554e+00
-6.767656679119655294e+00 5.326611138336082796e+00
-9.716152981357462082e+00 6.174222989832731656e-01
-8.575222208931688073e+00 3.577549672329250807e+00
9.914195114557410093e+00 4.019890520736264961e+00
-8.646549635711910042e+00 1.904410708512997985e+00
6.753737748074065017e+00 8.195481115241138426e+00
2.747434474098745305e+00 1.021742171057039528e+01
6.194683812875125817e+00 6.101455804145058615e+00
1.165000799959409683e+01 1.971709834448440724e+00
8.737803805032246629e+00 4.396171817769547019e+00
3.989722133599370224e+00 1.110465087942591822e+01
-5.075144059461849100e-01 1.106010394127316410e+01
8.610783617206324791e+00 4.479344087241280192e+00
-7.738700805217096246e+00 6.951000967962961852e+00
-3.528049553654599713e+00 8.569654309760997180e+00
-6.772593335985057195e+00 7.615046499765732335e+00
1.378363712902197058e+00 8.147278067222998743e+00
-7.238037883666659233e+00 7.713400320401631483e+00
-3.084810327435813626e+00 8.117437934334020611e+00
7.741215445475170931e+00 5.975063723455049214e+00
-9.212542265062035440e+00 6.237895696263971779e+00
-6.118311137014891266e+00 6.669490194548687079e+00
-1.057066509279049704e+01 6.802437387172772798e-01
2.657578430540912695e+00 7.577825680232106009e+00
-6.795888800449156442e+00 4.849085749027033820e+00
8.003488005153050366e+00 1.983333889341585499e+00
-7.232986525894794738e+00 5.601826514128849688e+00
-1.186746168418433456e+01 8.827540149714870887e-01
5.735963723409398973e+00 6.738857393073732993e+00
7.436911790311626191e+00 4.258028734508871871e+00
-8.524645100361478711e+00 2.604844739589866620e+00
1.114811300665279070e+01 1.499369679938505895e+00
-1.058034364142353745e+01 4.412063235050514010e+00
8.775060346597930661e+00 7.063558570163571915e+00
-5.532711767987719576e+00 6.436656446327170045e+00
-8.125270417808387879e-01 1.053871772510472304e+01
-1.033382355398824615e+01 4.911039274388190989e+00
9.583048783039110674e+00 4.682666172321053644e+00
7.703033505223602084e+00 4.125470854526384734e+00
9.688714054365529238e-01 1.054761222646839158e+01
-7.987879743773659946e+00 3.949997326922265017e+00
-3.270691560098291983e+00 1.142342882443914220e+01
-9.842540081387337381e+00 3.978710304031452427e+00
-8.694234884350340309e+00 8.185222860882241491e+00
-2.105677624897380973e+00 8.468566112481189734e+00
-9.862810395760266857e+00 1.178687564277010269e+00
-7.501028122993497860e+00 7.329146975033836497e+00
-8.883035786439645420e+00 2.950994451189414836e+00
4.058734987846451148e+00 7.236057525067163709e+00
1.178895073828377171e+01 1.870644876286662039e-01
-8.897509205196794113e+00 2.265488996044570769e+00
-2.538714227269282198e+00 9.294165326820763795e+00
4.301787845459721815e+00 8.528689323689492952e+00
-4.803155281103479446e+00 1.055174019252514128e+01
-1.005018388940441554e+01 2.442153076069373707e+00
-7.804389797245533167e+00 6.776191086667221697e+00
-2.613328387682992471e+00 1.065855385184696402e+01
-1.104667551731803954e+01 4.055213458463082232e-01
-5.893925676637690181e+00 6.906737679177425093e+00
8.566372580042463269e+00 1.938334153958174211e+00
1.050282168619800416e+01 1.948069184046515578e-01
3.962932515752390028e+00 8.251555549051492022e+00
-9.022333210548751481e+00 6.137859726864537180e+00
1.867920509339714430e+00 1.073407728989581500e+01
-9.521917740842669176e+00 5.117682963223105119e+00
-9.833942999188737488e+00 4.197159171309647441e+00
8.891005372050790001e+00 1.756200583504591295e+00
-1.048816228776528359e+00 7.952733105645298117e+00
-2.153106142423435010e+00 9.642236998341129350e+00
-5.655664784473477535e-01 1.102210673649844175e+01
4.339264310542737313e+00 7.548763133892759214e+00
-1.138981434414314187e+01 3.672291626176621193e+00
1.415554953647867320e+00 1.031775211611597953e+01
2.562979554801592563e+00 8.256883786735290442e+00
3.923572777192931849e+00 8.302117069878596212e+00
-8.843487140163409421e+00 1.102422033672742080e-01
8.631311988171225025e+00 4.638589358463010015e+00
-9.847259205720776620e+00 3.071997497625812645e+00
-1.066906065293391670e+01 1.490020904545553915e+00
-3.040245409522974174e-01 8.429481923915906449e+00
4.977507568674913729e-01 9.238952875996885084e+00
-9.562103871292965351e+00 7.044029364255474102e-01
1.959941333524719775e+00 7.915758875127961502e+00
-5.833768451045306946e+00 1.020440950184855922e+01
-6.701622819624255989e+00 4.495454308818440659e+00
8.657555031567786941e+00 2.391333976805613215e+00
6.262974844757557058e+00 7.888317076749562951e+00
-4.966845358556184475e-01 1.098775004976928749e+01
8.000742990668832988e+00 2.844074544899477086e+00
-1.978316352794389221e-01 8.696564534720062412e+00
-8.653862888686848720e+00 1.237198467649470501e+00
-1.034501148890333866e+01 5.194912584748403006e+00
-8.170471448712310902e+00 7.867204552828684250e+00
-1.023645697262811360e+01 1.303363422671025118e+00
-1.110063234925861408e+01 2.333609881834524113e+00
6.399205583635287908e+00 7.513914072606420191e+00
1.047954967624411182e+01 1.945088666502480690e+00
3.472428802791312497e-01 9.183103904572606169e+00
9.122669122344573722e+00 1.876031903773675902e+00
5.263950344805687909e-01 9.433559449843725631e+00
-8.950316963480595689e+00 3.988915745447207506e+00
9.057456031447749467e+00 4.983735675478980554e+00
-6.627705979002963765e+00 7.191530612580211645e+00
-5.755237615702820442e+00 7.385311632697463935e+00
-7.166868276866369847e+00 5.734967949631127659e+00
3.272712268415372883e+00 8.683619693718201304e+00
-6.336353028620119510e+00 6.765394364119710957e+00
1.081098539531801528e+01 2.614640052987276420e+00
6.037198712881950868e+00 9.185597992275761570e+00
-6.968236054545548619e+00 5.769040263611874053e+00
4.296080930057587288e+00 7.267700399786174437e+00
-7.574712442772582932e+00 3.171486615311778667e+00
-6.726938913892957395e+00 8.273662161062453890e+00
-6.358131699561222483e+00 6.197116653325999813e+00
-5.451063465864653068e+00 8.515630557502516851e+00
8.716971082001041538e+00 6.283962637153057251e+00
-4.519206235539332539e+00 7.348715721124372102e+00
-5.411240181153431195e+00 1.015163524867719147e+01
3.735209058525770676e+00 8.699495510059339409e+00
9.512550590344799772e+00 5.437431470238884401e+00
-6.840461588804000570e+00 8.858320059255431644e+00
-7.588106845096264763e+00 7.734731213426230489e+00
-1.164472330421062729e+01 2.393298570294371430e+00
-9.652349948328897256e+00 5.609659285535260054e+00
-3.556877298342413063e+00 9.972056309805042318e+00
6.724536022194930185e-01 1.102927648548740613e+01
1.010905708012697701e+01 3.862534493210711073e+00
-2.365378306480565573e+00 1.169773533897735618e+01
-9.650692581204321385e+00 8.096790464551728572e-01
9.292091975138703219e+00 3.324864851539284683e+00
-1.260117519891325033e+00 9.358164379013205192e+00
-2.331061223312733688e-01 1.147788564579111892e+01
8.968485259555267319e+00 4.254166787840332198e+00
8.933281157171325759e+00 7.267146299533481013e+00
7.213465894851172955e+00 4.401897838478578961e+00
2.031453546726730952e+00 9.949511383134582942e+00
5.927923782073668768e+00 7.702435212414221688e+00
6.146958925124855533e+00 6.451269574984809019e+00
4.114439690457665222e+00 1.043882886542845334e+01
3.625158860129833904e+00 8.602991004725177859e+00
7.544434664563457460e+00 5.142102546205270741e+00
-9.919372642217505476e-01 8.433809187565653787e+00
2.757894393809260603e+00 8.774536434774645954e+00
-4.993620829635269764e+00 9.542342632287134307e+00
-7.057480208377238995e+00 8.125959670118957590e+00
5.903006240599260046e+00 6.559340203339650621e+00
7.413080226542665407e+00 3.316375480474796245e+00
2.896784919094191224e+00 1.096785348896867340e+01
-5.594900030161380045e+00 7.305595311726367669e+00
-9.466741119235374313e+00 5.364330995849693196e+00
-5.244677787077248077e+00 1.067777480914078936e+01
8.581492698951569409e+00 1.686653522392439708e+00
-7.216771418539146055e+00 5.294091244858515566e+00
7.320639006095378321e+00 8.876688937834206428e+00
-8.782061773404485905e+00 4.339708638587439715e+00
9.667026643155441690e+00 1.419676283086111601e+00
9.170800980190703555e+00 6.894417191536787115e+00
1.380181880078345635e+00 7.907031894386118864e+00
1.013322782761333940e+01 5.761317630487437391e+00
-7.029345756700214665e+00 4.830515114417668343e+00
-1.529158642937386681e+00 8.042247845554314267e+00
1.005422069694123977e+01 2.172231130308380997e+00
-7.150431108502819377e+00 6.177711618748046973e+00
3.811898294634171069e+00 7.198880288382917492e+00
-1.071591963592444152e+01 2.422682099394328326e+00
-3.623212874874861544e-01 8.657463169732531938e+00
-4.855144424294207894e+00 9.989482080790111240e+00
-8.685772548593543974e+00 6.875451278490245954e+00
-6.640465080457023994e+00 9.438930202184721452e+00
9.809802489856190633e+00 1.010672491959685892e+00
7.496574895187048782e+00 3.268357882047036700e+00
-6.509663699517790114e+00 7.564440597573971026e+00
5.453887147470806163e+00 7.517007905111294797e+00
9.339906879871328726e+00 6.564308313065606804e+00
1.140668178388794729e+01 1.919335760296904114e+00
-2.390180476955092281e+00 9.975414238027592972e+00
-2.582983139236508130e+00 7.919352232887100662e+00
-3.277156193071268486e+00 8.364989924865573911e+00
-5.404853543884932776e+00 9.800690902363141888e+00
2.725972643913154414e+00 1.095053780112736419e+01
2.695435090594609839e+00 1.117926801572673945e+01
-1.027447727285337820e+01 3.605397139766869152e+00
9.724467516666585709e+00 2.335843900448605570e+00
-7.394576190198462129e+00 3.769331557454827841e+00
8.761658667523880339e+00 3.554820944195289378e+00
2.159906473325143406e+00 9.938134863266748553e+00
-6.775328045504299901e+00 5.966305257069051571e+00
-9.529709570928112328e+00 1.510009687012374924e+00
5.270526681635802291e+00 1.043324161049654819e+01
1.345944613487932484e+00 1.170228921788397791e+01
6.770905692281286470e+00 8.496655944628267676e+00
7.536321776542053819e+00 5.382560257067246390e+00
1.066857068025700350e+01 7.494223432039983646e-01
-6.661769793716128873e+00 7.171301824562235971e+00
-1.136348055632996967e+01 2.228438823981519601e+00
5.934883046011197649e+00 8.441801532273879971e+00
1.640467642572633222e+00 1.152369587653116767e+01
8.222407950499304619e+00 8.642419790604847663e+00
2.819708249059557748e+00 1.004572260533225680e+01
5.612034528484878493e+00 8.976945470966144924e+00
-8.362465911569273658e+00 6.013391856003437397e+00
-1.331484798142855919e+00 1.171209897852320125e+01
2.184154649125146008e+00 8.481609033991498237e+00
-4.118668365327156522e+00 7.698743140716370448e+00
8.303019821471508521e+00 5.530961278438005557e+00
-6.904639846490647770e-01 1.085801034777729690e+01
2.639233589971631933e+00 9.219539171970696501e+00
7.739248942711538959e+00 5.104299382057455148e+00
6.108673037394318328e+00 6.374513246187176740e+00
-5.272279874681633949e+00 9.032784757346513871e+00
8.442915297340691794e+00 5.132366840535539154e+00
8.799030497890125702e+00 4.526205685202024043e+00
-8.084648025445693165e+00 6.262947096838618055e-01
3.167335372139393979e+00 1.037234262648873084e+01
-9.416999517547253618e+00 1.399036557130511893e+00
-8.062889369004929918e+00 6.403039559111237899e+00
1.051351800059876496e+01 2.577207501258250988e-02
-1.057153831178804460e+01 1.999345799261222245e+00
5.662924445987655986e+00 7.158061304229623723e+00
-1.087929842152117521e+00 8.420851196021397200e+00
8.281076529606638204e+00 9.557603672606512779e-01
8.354201333181487499e+00 5.022753039719924928e+00
-8.525931278597164820e+00 2.454218168732114069e+00
8.640414059356803733e+00 1.290450738516540907e+00
6.662666371141625632e+00 7.700469869994472027e+00
-6.997612937980897563e+00 7.899851010240444005e+00
-4.408990939322549707e+00 8.547612463165915386e+00
8.839128566088602312e+00 7.727372795921356285e+00
-6.423543317145854914e+00 8.906335362861993232e+00
-2.959153952778375452e+00 8.154456150754358035e+00
-4.915999237773140962e-01 1.110039011093245165e+01
-7.937297963779989196e+00 4.418267875787567078e+00
6.743570130144604491e+00 8.950590648047827003e+00
-8.632536115828308709e+00 3.385807471246154998e-02
4.170305137171120613e+00 1.061990120184074549e+01
-9.980608517811809577e+00 2.394924914064278987e+00
8.279108574754545202e+00 5.294219818350918594e+00
5.300180866591903239e+00 9.762621283125989535e+00
-1.090819461055034267e+01 3.565734797347073215e+00
-4.513670534551182278e+00 1.071348060576844397e+01
9.584547714975434118e+00 4.002578001216847703e+00
-3.148347791076554270e+00 1.062279972390834004e+01
-1.020129220385923219e+01 5.640448977243489814e+00
4.544256300935072268e+00 1.050793943960993992e+01
-4.405611026547720854e+00 8.583781365226744953e+00
1.531416946663776102e+01 -7.839486845018626582e+00
5.610144684639930546e-01 6.262233581324736509e-01
1.536650327860751730e+01 -8.850585611469828251e+00
1.979730697070324652e+01 -1.211508706804941049e+00
1.949031107842447597e+00 -1.997879457274048143e+00
-1.091030935496721810e-01 -4.821877451606801479e+00
1.889505836021359642e+01 -3.559828914689542323e+00
-5.651030162701076165e-01 -3.773646230353569386e+00
9.950779118319012184e+00 -7.150691732905709586e+00
9.026544221539314350e+00 -7.488238478817251575e+00
1.788744736932313728e+00 -2.505061062523000093e+00
-6.960541296241853360e-01 -1.242425044293038017e+00
1.274981079811774975e+01 -6.831075014666108558e+00
1.824804095929686909e+01 -4.540004646632302077e+00
1.861675482491065736e+01 -2.592038798597296800e+00
1.814879418234993125e+01 -3.348276858583164817e+00
1.647439202753630383e+01 -8.117408110599800608e+00
1.599242706037250628e+01 -5.545875536189851296e+00
1.763696219609052207e-01 -1.608461815134012429e+00
2.525300228920920098e+00 -4.434155651443125734e+00
6.824507121007258093e+00 -9.153522098189693423e+00
2.723921281297233321e+00 -4.055246443978034243e+00
2.593835170944914559e+00 -2.401228306502530607e+00
4.734314892097798655e+00 -6.038326039649132504e+00
1.779673456524055553e+01 -3.435270297406261442e+00
1.060272969113810859e+00 -3.170794657676268891e+00
1.914509551640855278e+01 -8.614495273364979333e-01
1.186910811113492592e+01 -7.588792947384447984e+00
8.856350694515690236e+00 -7.799391892762837841e+00
1.406028600225469205e+01 -6.851872801785372502e+00
2.006727370382542830e+01 -3.798184798340496826e+00
1.289589229741432419e+01 -7.507742520075584736e+00
1.416853273412981551e+01 -6.670372887695985575e+00
8.452119620147747980e+00 -9.782324249907251357e+00
2.060735559618689905e+01 2.769430109345568658e-01
1.898418750063688876e+00 -1.631756698540124617e+00
4.802657201300872813e+00 -6.969602283937430087e+00
2.177155589158401483e+01 8.547072945305289604e-02
1.087110843562117601e+01 -9.030340538691405072e+00
1.475384324766404021e+01 -7.401500271534089848e+00
4.944699748162028285e+00 -7.414212296045903372e+00
6.524786772333261986e+00 -8.429110161005004542e+00
1.294468487549678848e+01 -8.843049547448162073e+00
1.650326916168856073e+00 -4.099923680106594581e+00
-4.025600490288745448e-01 5.134665910087183871e-01
1.713426401029709822e+01 -5.101466054183245724e+00
1.081270335526924242e+01 -8.855966782778954993e+00
1.672510142129286592e+01 -4.559423346653413311e+00
9.183584548961860605e-01 -4.676729582081663672e+00
1.276759349425561751e+01 -7.318060776556510660e+00
1.219059797130820755e+01 -7.430111042462590021e+00
1.909821345313737595e+01 -3.292449103080464567e+00
1.627363407247363725e+00 -4.107580788520277082e+00
1.400940411146869025e+01 -6.998771808554125506e+00
4.832556621773608896e+00 -6.938116596814042580e+00
1.756957474258690866e+01 -1.610088124424348344e+00
2.038649784072963378e+00 -6.814573885271763665e+00
1.121492761045374387e+01 -1.015436279790394458e+01
2.093882477987376944e+01 7.753049014983761644e-01
8.977206737326302033e-01 -3.834207889411198167e+00
1.739434369717309892e+01 -4.605735036608901822e+00
1.678205001489800097e+01 -7.629322186081028079e+00
1.040903247968378587e+01 -1.042044580385153552e+01
2.116269905169387755e+01 -8.287871891367246668e-01
2.841406441627949420e-01 -1.748039785026451742e+00
1.658325531692671362e+01 -5.552428256818456198e+00
4.342057850090348836e+00 -7.608998001225961261e+00
2.733434501301318598e+00 -7.040473752385752348e+00
1.372830998745298459e+00 -4.793479485545768526e-01
1.598684736685976659e+01 -8.098088559788802598e+00
2.599998537112588437e+00 -6.262253706371827100e+00
3.239835663094521756e+00 -6.883486783281805188e+00
2.293628555162818827e-02 -3.675607355116986774e+00
1.389760299048793790e+01 -9.096477534369855178e+00
1.212932575478056485e+01 -7.592835349239791753e+00
2.266912832394698540e-01 -5.580192303167370582e-01
1.476592231038509340e+01 -7.093313957618256893e+00
1.752741749430849083e+01 -6.508690822526307151e+00
-7.674382229710872139e-01 -2.160581483365759059e+00
1.914353405285803689e+01 6.549096241096367121e-01
6.096483920087900188e+00 -8.264983461046961466e+00
-1.290986462192282858e+00 -8.710830317691291569e-01
5.969261209741425489e+00 -6.430389079187780688e+00
5.287309152155406089e+00 -9.301982996698692219e+00
-6.070292938393198057e-01 -2.133854613501768860e+00
1.770957679589214351e+01 -2.392318585504364936e+00
1.788003714687564027e+01 -5.749727637763206722e+00
1.904590361814222632e+01 -5.709010906814944164e+00
-5.779412130058467767e-01 -4.397431642269005181e-01
6.151308364565270637e+00 -9.916061996323762173e+00
1.611114974280307877e+01 -8.500573474885772640e+00
3.073589651181016791e-01 -3.318997260432766438e+00
8.468602787844369928e+00 -9.504259727137567282e+00
1.480734615323376779e+01 -6.731906150077314521e+00
3.744873625434244957e+00 -5.984736241815859614e+00
3.513319425295383880e+00 -6.115031058806783548e+00
1.577930945166584564e+01 -5.333505369325281187e+00
1.551747802652949204e+01 -7.433398981659967930e+00
8.797431554017567379e+00 -8.629051165690341918e+00
1.047720834973761583e+01 -9.117116645328176006e+00
1.541110095818851633e+01 -7.767235796741449150e+00
-6.477895462709764018e-01 -3.974644348476726208e+00
8.525472776133781849e+00 -8.302898950397276323e+00
2.000513980911662770e+01 -3.137204036905651527e+00
7.533644588663046093e+00 -7.666009955585897373e+00
1.920246409834113166e+01 7.480332360206098929e-01
2.379228027915039512e+00 -3.092985600712114369e+00
2.055673304046587901e+01 -6.463852068131616946e-01
1.999702840154387573e+01 -4.939863461112236287e+00
2.401680517712363461e+00 -1.764403135452732752e+00
1.818832822363771839e+01 -4.454070309928969351e+00
1.828662109006229741e+01 -2.351410046031285450e+00
7.424017466093687290e+00 -8.520092142413917102e+00
2.474291460469861370e+00 -5.058480319080043586e+00
1.397226027432143525e+01 -9.102699027327723513e+00
4.165215093104975175e+00 -8.135623223529803383e+00
1.774340999851178324e+00 -3.242893104326447506e+00
1.914390378415706095e+01 -2.329611415205239400e+00
1.662403634295250043e+01 -4.217680351141373407e+00
1.807551796032169733e+01 -3.114378666758246261e+00
1.766586198389985540e+00 -5.254944170327798147e+00
1.192957052441919785e+01 -8.808614485001529104e+00
3.828819724446236528e+00 -4.759872044029999749e+00
5.921881521090050171e+00 -6.537119453857036078e+00
7.413520588503228481e-01 4.889793938616202595e-01
4.002386860236012645e+00 -6.410949722501495529e+00
6.329470114199491348e+00 -8.601048612595748821e+00
4.084065285448597038e+00 -4.962449739247111857e+00
2.712037870247399951e+00 -5.246138955082915167e+00
6.756210065537490372e+00 -7.038175519325683638e+00
1.078836021930500166e+01 -8.497042149930310373e+00
1.089332682718265666e+01 -8.454320827133461336e+00
1.036926583644685174e+01 -8.177041333130226519e+00
1.001662541881647250e+01 -1.071063337351862366e+01
4.272338014239861259e+00 -4.681102099647509007e+00
7.854878971488236772e+00 -8.799125706504584699e+00
1.613034014237958402e+01 -8.656053215487055752e+00
1.284813483008574764e+01 -1.048216929464235925e+01
7.800973594090795160e+00 -6.892834596188244234e+00
2.108047308226671746e+00 -3.640961621557572414e+00
1.809371115984722422e+01 -6.999423344149096060e+00
1.587530872854795128e+01 -9.024059840743126060e+00
9.775102812127087759e-01 -1.736068575177684092e+00
6.861116899727175422e-01 -4.681953619945068645e+00
1.162461891491495969e+01 -9.288048708610727289e+00
9.218030461901292938e+00 -1.081409334941215938e+01
5.479683767586744025e+00 -9.542353751662620454e+00
1.398902300699310430e+01 -8.271185262267840343e+00
1.756923019115506435e+01 -4.360601757727683214e+00
-5.003421693995733222e-01 -4.558567647169541992e+00
1.426272761586809601e+01 -5.896870729074663586e+00
1.758714290587403895e+01 -7.843114830412385885e+00
1.849567536681416868e+01 -9.933027973311616687e-01
1.266538656242237870e+01 -6.682639105488680897e+00
1.349901997994353309e+01 -7.410119281820811921e+00
1.797986402781848270e+01 -1.202390458577254684e+00
2.081588880024901300e+01 -2.455508275331919066e+00
1.968441020443329847e+01 -4.472204690067785648e+00
1.828440013659073315e+01 -4.718205064497310808e+00
2.000653788578252446e+01 -5.572096734828026143e+00
5.437729934293042966e+00 -5.890607547587856985e+00
4.559227726252024659e+00 -8.334661692207088635e+00
1.508301033623844845e+01 -9.414514885326209281e+00
2.934467614078347886e+00 -2.885479208222329728e+00
8.401928907171424044e+00 -9.532672987723909586e+00
7.254234733017103309e+00 -6.797717999003924483e+00
1.132384753601627381e-01 -2.406256155295774857e+00
1.799334636137400167e+01 -6.884570453859574890e+00
8.627872750211862396e+00 -1.083101696502930267e+01
1.253305374260871474e+01 -6.661054946698679480e+00
1.087106282905606847e+01 -7.738197567661801557e+00
-1.260767320731563501e+00 -2.219571474457854965e+00
1.706089638019724930e+01 -5.046008597932161166e+00
-1.122583637681938029e+00 2.042481530927341415e-01
2.124644775353473847e+01 -4.894057649918348574e-03
1.971563022488644989e+01 -3.733615588825350606e+00
1.941465089905001307e+01 -1.351853261226478420e+00
2.031042009299058648e+01 -1.474783334278770841e-01
1.542324161919011161e+01 -8.814325644377889901e+00
2.019711600029078369e+01 -2.512393052614703137e-01
1.217402589713028505e+00 -2.030157751714577241e+00
1.054679332253422963e+01 -8.172031908056654359e+00
1.810410662144864702e+01 1.659280467937129799e-02
1.577908769186185189e+01 -7.540367171289675596e+00
1.688347214753181902e+01 -7.724912109506224311e+00
5.356517097668547223e-01 -2.611288284501730228e+00
2.025373735602316039e+00 -3.547195463386367820e-01
1.054905276242962842e+01 -7.998711718098125090e+00
1.805420905082175054e+01 -4.687389170438012620e+00
7.032010779351445251e-01 -1.707671763696324341e+00
2.113168487172245591e+01 5.280424743142926314e-01
1.249559648252258981e+01 -6.829745538865093835e+00
1.561793814760154930e+01 -6.589148346956157809e+00
2.006091545591463188e+00 -4.927880843399909949e+00
1.568351996102554580e+01 -6.898246307146937539e+00
2.262710011925808118e-01 -2.383776726837429027e+00
1.254628003985089535e+01 -7.197801126138296368e+00
1.823437415741629053e+01 1.496717269663022654e-01
1.468107655051976579e+01 -9.013208377732951249e+00
6.413983474474780344e+00 -8.019707102036322866e+00
2.010628536500310304e+01 -1.568605536655789390e-01
1.643235873681481607e+00 -3.651538223564252839e+00
2.080117763745356996e+01 -2.572063671844095900e+00
-2.775042878621949427e-01 -2.196133065528469430e+00
1.487937512169407839e+01 -8.160194299926759598e+00
1.601230986850755400e+01 -6.083318786672328393e+00
5.317099040786921194e+00 -6.213964860447211969e+00
8.205464756336109389e+00 -9.634284550744174780e+00
1.688976827261569014e+01 -5.844522440110935690e+00
1.120843406489521499e+01 -8.120973023146593306e+00
1.257516213739789812e+01 -7.973721381517499651e+00
4.062178454649302495e+00 -8.468638016880163377e+00
3.721158309402401443e-01 -4.901273385896956825e+00
1.079232563342094053e+01 -8.756282398869888794e+00
-7.816125097304702507e-01 -4.974222628667737123e-01
7.595790848783362748e+00 -7.664857445610566700e+00
1.822116205908651310e+00 -4.944758515931185983e+00
7.089283918714887278e+00 -7.705141776089888594e+00
2.571879928953745953e+00 -7.733257227432638103e+00
-3.565794302579821107e-01 -1.656627025730590841e+00
1.626972668099190145e+01 -7.899545147262099221e+00
-1.292734558676990275e+00 7.009331818958131066e-01
1.788519477425752413e+01 -5.387365683938242888e+00
1.852059426328582603e+01 -4.681099758544845280e+00
7.792552796317727015e+00 -1.043412700991503073e+01
4.004641530122269977e+00 -5.837840226938300070e+00
1.612288691994364243e+01 -5.644519821807429949e+00
5.585877368046314295e+00 -6.435029190988739600e+00
1.482363594681211438e+01 -8.471086705410737494e+00
1.799198513296920154e+00 -7.792546656409953254e-01
2.077103793080134508e+01 -2.869889190829386649e+00
1.416129429557507713e+01 -7.447762726359057339e+00
7.674881460520040832e+00 -9.600778799257868812e+00
1.309930477974775265e+01 -7.731189239465088292e+00
7.314924287686471516e+00 -9.259519051371338350e+00
9.524494889752975979e+00 -8.079300981844861340e+00
6.111995085244563697e+00 -7.906534803433604708e+00
3.500192406086259922e+00 -5.376953477542238069e+00
1.005640656702750135e+01 -8.027681269792665830e+00
1.685239537524135756e+01 -8.237219810124628339e+00
-9.156101501008286903e-01 -3.303705123045264536e+00
1.744796352214052604e+00 -7.692386065119157124e+00
1.830069155359894495e+01 -7.243031025189161198e+00
4.538214902234280146e+00 -5.247237509623644769e+00
1.011593439654758342e+01 -9.625690867989462163e+00
4.892991868295903046e+00 -5.363242256687950515e+00
6.953396053059812232e+00 -7.185949692907392716e+00
5.140583338606799835e+00 -7.109555707559291449e+00
1.207905235383874576e+01 -1.046566264002081503e+01
1.785249516419987970e+01 -2.956664480003733164e+00
1.183317027258153509e+01 -1.048933866370684065e+01
2.324336218462404346e+00 -7.047944031821661071e+00
6.265207832792864195e+00 -1.009772285344431353e+01
1.530652374422541584e+01 -7.119614293941189942e+00
1.517663576032453676e+01 -6.198484627111433554e+00
3.232343320880344706e+00 -4.326611138336082796e+00
2.838470186425379183e-01 3.825777010167268344e-01
1.424777791068311927e+00 -2.577549672329250807e+00
1.991419511455740832e+01 -3.019890520736264961e+00
1.353450364288089958e+00 -9.044107085129979851e-01
1.675373774807406591e+01 -7.195481115241138426e+00
1.274743447409874619e+01 -9.217421710570395277e+00
1.619468381287512670e+01 -5.101455804145058615e+00
2.165000799959409505e+01 -9.717098344484407235e-01
1.873780380503224663e+01 -3.396171817769547019e+00
1.398972213359937022e+01 -1.010465087942591822e+01
9.492485594053814424e+00 -1.006010394127316410e+01
1.861078361720632302e+01 -3.479344087241280192e+00
2.261299194782903754e+00 -5.951000967962961852e+00
6.471950446345400287e+00 -7.569654309760997180e+00
3.227406664014942805e+00 -6.615046499765732335e+00
1.137836371290219617e+01 -7.147278067222998743e+00
2.761962116333340767e+00 -6.713400320401631483e+00
6.915189672564186374e+00 -7.117437934334020611e+00
1.774121544547517004e+01 -4.975063723455049214e+00
7.874577349379645597e-01 -5.237895696263971779e+00
3.881688862985108734e+00 -5.669490194548687079e+00
-5.706650927904970416e-01 3.197562612827227202e-01
1.265757843054091225e+01 -6.577825680232106009e+00
3.204111199550843558e+00 -3.849085749027033820e+00
1.800348800515305214e+01 -9.833338893415854987e-01
2.767013474105205262e+00 -4.601826514128849688e+00
-1.867461684184334558e+00 1.172459850285129113e-01
1.573596372340939809e+01 -5.738857393073732993e+00
1.743691179031162619e+01 -3.258028734508871871e+00
1.475354899638521289e+00 -1.604844739589866620e+00
2.114811300665279248e+01 -4.993696799385058949e-01
-5.803436414235374485e-01 -3.412063235050514010e+00
1.877506034659793244e+01 -6.063558570163571915e+00
4.467288232012280424e+00 -5.436656446327170045e+00
9.187472958219160546e+00 -9.538717725104723044e+00
-3.338235539882461467e-01 -3.911039274388190989e+00
1.958304878303911067e+01 -3.682666172321053644e+00
1.770303350522360120e+01 -3.125470854526384734e+00
1.096887140543655370e+01 -9.547612226468391583e+00
2.012120256226340054e+00 -2.949997326922265017e+00
6.729308439901707573e+00 -1.042342882443914220e+01
1.574599186126626194e-01 -2.978710304031452427e+00
1.305765115649659691e+00 -7.185222860882241491e+00
7.894322375102619027e+00 -7.468566112481189734e+00
1.371896042397331428e-01 -1.786875642770102690e-01
2.498971877006502140e+00 -6.329146975033836497e+00
1.116964213560354580e+00 -1.950994451189414836e+00
1.405873498784645115e+01 -6.236057525067163709e+00
2.178895073828377349e+01 8.129355123713337683e-01
1.102490794803205887e+00 -1.265488996044570769e+00
7.461285772730717802e+00 -8.294165326820763795e+00
1.430178784545972093e+01 -7.528689323689492952e+00
5.196844718896520554e+00 -9.551740192525141282e+00
-5.018388940441553814e-02 -1.442153076069373707e+00
2.195610202754466833e+00 -5.776191086667221697e+00
7.386671612317007529e+00 -9.658553851846964022e+00
-1.046675517318039539e+00 5.944786541536917213e-01
4.106074323362309819e+00 -5.906737679177425093e+00
1.856637258004246149e+01 -9.383341539581742108e-01
2.050282168619800416e+01 8.051930815953484144e-01
1.396293251575239047e+01 -7.251555549051492022e+00
9.776667894512485191e-01 -5.137859726864537180e+00
1.186792050933971510e+01 -9.734077289895814999e+00
4.780822591573308245e-01 -4.117682963223105119e+00
1.660570008112625118e-01 -3.197159171309647441e+00
1.889100537205079178e+01 -7.562005835045912949e-01
8.951183771223471197e+00 -6.952733105645298117e+00
7.846893857576564990e+00 -8.642236998341129350e+00
9.434433521552652024e+00 -1.002210673649844175e+01
1.433926431054273820e+01 -6.548763133892759214e+00
-1.389814344143141867e+00 -2.672291626176621193e+00
1.141555495364786665e+01 -9.317752116115979533e+00
1.256297955480159345e+01 -7.256883786735290442e+00
1.392357277719293229e+01 -7.302117069878596212e+00
1.156512859836590579e+00 8.897577966327258059e-01
1.863131198817122680e+01 -3.638589358463010015e+00
1.527407942792233797e-01 -2.071997497625812645e+00
-6.690606529339166997e-01 -4.900209045455539147e-01
9.695975459047701861e+00 -7.429481923915906449e+00
1.049775075686749126e+01 -8.238952875996885084e+00
4.378961287070346486e-01 2.955970635744525898e-01
1.195994133352471955e+01 -6.915758875127961502e+00
4.166231548954693054e+00 -9.204409501848559216e+00
3.298377180375744011e+00 -3.495454308818440659e+00
1.865755503156778872e+01 -1.391333976805613215e+00
1.626297484475755795e+01 -6.888317076749562951e+00
9.503315464144382219e+00 -9.987750049769287486e+00
1.800074299066883299e+01 -1.844074544899477086e+00
9.802168364720561300e+00 -7.696564534720062412e+00
1.346137111313151280e+00 -2.371984676494705013e-01
-3.450114889033386589e-01 -4.194912584748403006e+00
1.829528551287689098e+00 -6.867204552828684250e+00
-2.364569726281136042e-01 -3.033634226710251180e-01
-1.100632349258614084e+00 -1.333609881834524113e+00
1.639920558363528613e+01 -6.513914072606420191e+00
2.047954967624411182e+01 -9.450886665024806899e-01
1.034724288027913097e+01 -8.183103904572606169e+00
1.912266912234457550e+01 -8.760319037736759018e-01
1.052639503448056857e+01 -8.433559449843725631e+00
1.049683036519404311e+00 -2.988915745447207506e+00
1.905745603144774947e+01 -3.983735675478980554e+00
3.372294020997036235e+00 -6.191530612580211645e+00
4.244762384297179558e+00 -6.385311632697463935e+00
2.833131723133630153e+00 -4.734967949631127659e+00
1.327271226841537199e+01 -7.683619693718201304e+00
3.663646971379880490e+00 -5.765394364119710957e+00
2.081098539531801350e+01 -1.614640052987276420e+00
1.603719871288195264e+01 -8.185597992275761570e+00
3.031763945454451381e+00 -4.769040263611874053e+00
1.429608093005758818e+01 -6.267700399786174437e+00
2.425287557227417068e+00 -2.171486615311778667e+00
3.273061086107042605e+00 -7.273662161062453890e+00
3.641868300438777517e+00 -5.197116653325999813e+00
4.548936534135346932e+00 -7.515630557502516851e+00
1.871697108200104154e+01 -5.283962637153057251e+00
5.480793764460667461e+00 -6.348715721124372102e+00
4.588759818846568805e+00 -9.151635248677191470e+00
1.373520905852577023e+01 -7.699495510059339409e+00
1.951255059034480155e+01 -4.437431470238884401e+00
3.159538411195999430e+00 -7.858320059255431644e+00
2.411893154903735237e+00 -6.734731213426230489e+00
-1.644723304210627290e+00 -1.393298570294371430e+00
3.476500516711027444e-01 -4.609659285535260054e+00
6.443122701657586937e+00 -8.972056309805042318e+00
1.067245360221949291e+01 -1.002927648548740613e+01
2.010905708012697701e+01 -2.862534493210711073e+00
7.634621693519434871e+00 -1.069773533897735618e+01
3.493074187956786147e-01 1.903209535448271428e-01
1.929209197513870322e+01 -2.324864851539284683e+00
8.739882480108674301e+00 -8.358164379013205192e+00
9.766893877668726631e+00 -1.047788564579111892e+01
1.896848525955526554e+01 -3.254166787840332198e+00
1.893328115717132576e+01 -6.267146299533481013e+00
1.721346589485117207e+01 -3.401897838478578961e+00
1.203145354672673051e+01 -8.949511383134582942e+00
1.592792378207366966e+01 -6.702435212414221688e+00
1.614695892512485642e+01 -5.451269574984809019e+00
1.411443969045766522e+01 -9.438828865428453341e+00
1.362515886012983302e+01 -7.602991004725177859e+00
1.754443466456345746e+01 -4.142102546205270741e+00
9.008062735778249674e+00 -7.433809187565653787e+00
1.275789439380926105e+01 -7.774536434774645954e+00
5.006379170364730236e+00 -8.542342632287134307e+00
2.942519791622761005e+00 -7.125959670118957590e+00
1.590300624059926093e+01 -5.559340203339650621e+00
1.741308022654266452e+01 -2.316375480474796245e+00
1.289678491909419122e+01 -9.967853488968673403e+00
4.405099969838619955e+00 -6.305595311726367669e+00
5.332588807646256868e-01 -4.364330995849693196e+00
4.755322212922751923e+00 -9.677774809140789358e+00
1.858149269895157119e+01 -6.866535223924397080e-01
2.783228581460853945e+00 -4.294091244858515566e+00
1.732063900609537654e+01 -7.876688937834206428e+00
1.217938226595514095e+00 -3.339708638587439715e+00
1.966702664315544169e+01 -4.196762830861116012e-01
1.917080098019070533e+01 -5.894417191536787115e+00
1.138018188007834652e+01 -6.907031894386118864e+00
2.013322782761333940e+01 -4.761317630487437391e+00
2.970654243299785335e+00 -3.830515114417668343e+00
8.470841357062614208e+00 -7.042247845554314267e+00
2.005422069694123977e+01 -1.172231130308380997e+00
2.849568891497180623e+00 -5.177711618748046973e+00
1.381189829463417063e+01 -6.198880288382917492e+00
-7.159196359244415220e-01 -1.422682099394328326e+00
9.637678712512514068e+00 -7.657463169732531938e+00
5.144855575705792106e+00 -8.989482080790111240e+00
1.314227451406456026e+00 -5.875451278490245954e+00
3.359534919542976006e+00 -8.438930202184721452e+00
1.980980248985618886e+01 -1.067249195968589248e-02
1.749657489518704878e+01 -2.268357882047036700e+00
3.490336300482209886e+00 -6.564440597573971026e+00
1.545388714747080527e+01 -6.517007905111294797e+00
1.933990687987132873e+01 -5.564308313065606804e+00
2.140668178388794729e+01 -9.193357602969041142e-01
7.609819523044907719e+00 -8.975414238027592972e+00
7.417016860763491870e+00 -6.919352232887100662e+00
6.722843806928731070e+00 -7.364989924865573911e+00
4.595146456115067224e+00 -8.800690902363141888e+00
1.272597264391315441e+01 -9.950537801127364190e+00
1.269543509059461073e+01 -1.017926801572673945e+01
-2.744772728533781958e-01 -2.605397139766869152e+00
1.972446751666658571e+01 -1.335843900448605570e+00
2.605423809801537871e+00 -2.769331557454827841e+00
1.876165866752388212e+01 -2.554820944195289378e+00
1.215990647332514385e+01 -8.938134863266748553e+00
3.224671954495700099e+00 -4.966305257069051571e+00
4.702904290718876723e-01 -5.100096870123749238e-01
1.527052668163580229e+01 -9.433241610496548191e+00
1.134594461348793182e+01 -1.070228921788397791e+01
1.677090569228128558e+01 -7.496655944628267676e+00
1.753632177654205293e+01 -4.382560257067246390e+00
2.066857068025700528e+01 2.505776567960016354e-01
3.338230206283871127e+00 -6.171301824562235971e+00
-1.363480556329969673e+00 -1.228438823981519601e+00
1.593488304601119765e+01 -7.441801532273879971e+00
1.164046764257263256e+01 -1.052369587653116767e+01
1.822240795049930284e+01 -7.642419790604847663e+00
1.281970824905955730e+01 -9.045722605332256805e+00
1.561203452848487849e+01 -7.976945470966144924e+00
1.637534088430726342e+00 -5.013391856003437397e+00
8.668515201857143637e+00 -1.071209897852320125e+01
1.218415464912514601e+01 -7.481609033991498237e+00
5.881331634672843478e+00 -6.698743140716370448e+00
1.830301982147150852e+01 -4.530961278438005557e+00
9.309536015350936111e+00 -9.858010347777296900e+00
1.263923358997163149e+01 -8.219539171970696501e+00
1.773924894271154074e+01 -4.104299382057455148e+00
1.610867303739431833e+01 -5.374513246187176740e+00
4.727720125318366051e+00 -8.032784757346513871e+00
1.844291529734069002e+01 -4.132366840535539154e+00
1.879903049789012570e+01 -3.526205685202024043e+00
1.915351974554306835e+00 3.737052903161381945e-01
1.316733537213939442e+01 -9.372342626488730843e+00
5.830004824527463825e-01 -3.990365571305118930e-01
1.937110630995070082e+00 -5.403039559111237899e+00
2.051351800059876496e+01 9.742279249874175040e-01
-5.715383117880445951e-01 -9.993457992612222451e-01
1.566292444598765599e+01 -6.158061304229623723e+00
8.912070157847882257e+00 -7.420851196021397200e+00
1.828107652960663643e+01 4.423963273934872209e-02
1.835420133318148572e+01 -4.022753039719924928e+00
1.474068721402835180e+00 -1.454218168732114069e+00
1.864041405935680373e+01 -2.904507385165409072e-01
1.666266637114162563e+01 -6.700469869994472027e+00
3.002387062019102437e+00 -6.899851010240444005e+00
5.591009060677450293e+00 -7.547612463165915386e+00
1.883912856608860409e+01 -6.727372795921356285e+00
3.576456682854145086e+00 -7.906335362861993232e+00
7.040846047221624104e+00 -7.154456150754358035e+00
9.508400076222685016e+00 -1.010039011093245165e+01
2.062702036220010804e+00 -3.418267875787567078e+00
1.674357013014460449e+01 -7.950590648047827003e+00
1.367463884171691291e+00 9.661419252875385055e-01
1.417030513717111972e+01 -9.619901201840745486e+00
1.939148218819042313e-02 -1.394924914064278987e+00
1.827910857475454520e+01 -4.294219818350918594e+00
1.530018086659190324e+01 -8.762621283125989535e+00
-9.081946105503426736e-01 -2.565734797347073215e+00
5.486329465448817722e+00 -9.713480605768443965e+00
1.958454771497543589e+01 -3.002578001216847703e+00
6.851652208923445286e+00 -9.622799723908340042e+00
-2.012922038592321883e-01 -4.640448977243489814e+00
1.454425630093507138e+01 -9.507939439609939924e+00
5.594388973452279146e+00 -7.583781365226744953e+00
