0.000000000000000000e+00 3.340733947956815442e+00
0.000000000000000000e+00 9.745883047073063965e-01
0.000000000000000000e+00 1.490384510983302491e+00
0.000000000000000000e+00 3.327471283802762692e+00
0.000000000000000000e+00 3.074043495948286964e+00
0.000000000000000000e+00 2.633872719680680152e+00
5.000000000000000000e+00 1.224760900032658029e+00
0.000000000000000000e+00 4.933150124151639559e+00
5.000000000000000000e+00 2.350090213602548772e+00
0.000000000000000000e+00 1.699748831006518079e+00
0.000000000000000000e+00 3.306233719243497848e+00
2.000000000000000000e+00 2.846976111196701797e+00
2.000000000000000000e+00 2.743384451544495839e+00
5.000000000000000000e+00 2.966227244736986179e+00
2.000000000000000000e+00 7.847883985988796107e-01
4.000000000000000000e+00 4.866589878080826992e+00
5.000000000000000000e+00 4.572491261498035975e+00
2.000000000000000000e+00 4.265431660176997930e+00
2.000000000000000000e+00 4.781903531447966316e+00
5.000000000000000000e+00 3.284726477409702472e+00
0.000000000000000000e+00 3.653092949921988186e+00
0.000000000000000000e+00 1.863266177003016555e+00
2.000000000000000000e+00 1.669461830012776371e+00
0.000000000000000000e+00 1.143812184539186205e+00
0.000000000000000000e+00 3.912988466086635864e+00
2.000000000000000000e+00 1.416662457429349598e+00
2.000000000000000000e+00 3.772368899964884115e+00
2.000000000000000000e+00 2.524412913961185279e+00
5.000000000000000000e+00 7.068690803985347992e-01
2.000000000000000000e+00 2.678060405384519171e+00
0.000000000000000000e+00 2.873322373738766977e+00
0.000000000000000000e+00 1.181584276771706854e+00
0.000000000000000000e+00 3.053013190802148280e+00
2.000000000000000000e+00 2.566023525262133287e+00
5.000000000000000000e+00 3.333537555942801323e+00
5.000000000000000000e+00 3.108389379847216638e+00
4.000000000000000000e+00 4.816784830390824723e+00
5.000000000000000000e+00 2.582525231188705028e+00
5.000000000000000000e+00 3.286598649153908536e+00
2.000000000000000000e+00 4.476993955232654088e+00
5.000000000000000000e+00 3.699176302319187926e+00
2.000000000000000000e+00 4.864549431956644021e+00
2.000000000000000000e+00 3.442245373232891037e+00
5.000000000000000000e+00 5.119449068397748936e-01
0.000000000000000000e+00 2.920306748753449089e+00
0.000000000000000000e+00 3.389489447079677920e+00
0.000000000000000000e+00 4.174345843467644479e-01
2.000000000000000000e+00 3.835957303541827734e+00
0.000000000000000000e+00 2.763369629039202913e+00
5.000000000000000000e+00 3.698938129508731798e+00
2.000000000000000000e+00 3.176171923512187689e+00
5.000000000000000000e+00 4.398793294197277604e+00
0.000000000000000000e+00 1.771150682003350463e+00
5.000000000000000000e+00 1.026147196138963658e+00
0.000000000000000000e+00 2.018533617383114542e+00
5.000000000000000000e+00 2.123703483730409403e+00
2.000000000000000000e+00 3.799034632360269281e+00
0.000000000000000000e+00 2.637301732255263875e+00
0.000000000000000000e+00 6.180389089394053848e-01
5.000000000000000000e+00 9.234246157436294400e-01
2.000000000000000000e+00 1.850931300296731807e+00
0.000000000000000000e+00 4.724896934359116507e+00
5.000000000000000000e+00 4.243327645895194955e+00
2.000000000000000000e+00 1.706248904523502141e-01
0.000000000000000000e+00 3.088573036625357204e+00
0.000000000000000000e+00 4.696023590146140236e+00
5.000000000000000000e+00 3.089711208241451956e+00
5.000000000000000000e+00 7.898536259854745945e-01
2.000000000000000000e+00 9.857057750488773529e-01
0.000000000000000000e+00 2.661025270996022929e+00
2.000000000000000000e+00 3.190970527141067326e+00
0.000000000000000000e+00 2.914142055127457720e+00
2.000000000000000000e+00 1.638599086259009185e+00
0.000000000000000000e+00 1.113651355580660862e+00
4.000000000000000000e+00 4.873620378456998026e+00
0.000000000000000000e+00 4.993701271840113698e+00
0.000000000000000000e+00 2.844496213992610656e+00
5.000000000000000000e+00 3.727969303949701274e+00
0.000000000000000000e+00 4.930414941883482172e+00
2.000000000000000000e+00 2.242286115009287428e+00
0.000000000000000000e+00 4.794405705651264782e+00
2.000000000000000000e+00 4.691890243147922135e+00
0.000000000000000000e+00 1.491993856885543757e+00
2.000000000000000000e+00 1.634616972950004632e+00
2.000000000000000000e+00 3.986174672616209502e+00
5.000000000000000000e+00 3.809928415476500074e+00
0.000000000000000000e+00 2.808341570715585434e+00
0.000000000000000000e+00 2.368515004869671703e+00
5.000000000000000000e+00 1.374437428845539655e+00
5.000000000000000000e+00 2.747558391573779346e+00
5.000000000000000000e+00 1.905554413846778372e+00
2.000000000000000000e+00 1.739559767705705307e+00
2.000000000000000000e+00 2.593887641639287978e+00
2.000000000000000000e+00 2.460221195754598522e+00
2.000000000000000000e+00 3.044658513904078490e+00
0.000000000000000000e+00 9.635329538879153777e-01
0.000000000000000000e+00 2.058165522580589268e+00
0.000000000000000000e+00 2.672464703262161123e+00
0.000000000000000000e+00 1.663485796476428247e+00
5.000000000000000000e+00 7.357686269799592615e-01
2.000000000000000000e+00 2.675489848222927236e+00
0.000000000000000000e+00 4.468985447234467223e+00
2.000000000000000000e+00 7.513993769850862980e-01
0.000000000000000000e+00 3.878147754330346419e+00
5.000000000000000000e+00 2.433789549871530955e+00
5.000000000000000000e+00 1.120795513054467563e+00
5.000000000000000000e+00 2.230478340908769397e+00
0.000000000000000000e+00 7.509406130809022084e-01
0.000000000000000000e+00 2.063420377990337506e+00
5.000000000000000000e+00 1.515717424737644370e+00
5.000000000000000000e+00 3.794679429091279310e+00
0.000000000000000000e+00 4.293498625377513811e+00
5.000000000000000000e+00 2.546387873360151488e+00
0.000000000000000000e+00 2.042709097841431731e+00
0.000000000000000000e+00 2.387102375051912251e+00
0.000000000000000000e+00 4.718240982296576291e+00
2.000000000000000000e+00 1.996349722713395947e+00
2.000000000000000000e+00 2.150129919764206310e+00
5.000000000000000000e+00 1.610432081442551233e+00
2.000000000000000000e+00 2.344261961240588832e+00
5.000000000000000000e+00 7.234337648784534558e-01
0.000000000000000000e+00 2.925866265487095053e+00
0.000000000000000000e+00 3.615423236731872603e+00
2.000000000000000000e+00 3.898355203913088207e+00
2.000000000000000000e+00 4.558849263169947541e+00
2.000000000000000000e+00 2.882402999243861563e-01
5.000000000000000000e+00 3.303404231228095345e+00
2.000000000000000000e+00 3.300967639990481484e+00
0.000000000000000000e+00 5.679621411570207279e+00
2.000000000000000000e+00 5.002995493803506832e+00
5.000000000000000000e+00 5.529672682453479204e+00
2.000000000000000000e+00 1.870719398682272772e+00
0.000000000000000000e+00 4.420496759767397421e+00
2.000000000000000000e+00 2.301471620545321173e+00
5.000000000000000000e+00 5.390319687354244493e+00
2.000000000000000000e+00 2.819445701601940524e+00
0.000000000000000000e+00 1.380628329725494874e+00
5.000000000000000000e+00 5.237819219916704405e+00
0.000000000000000000e+00 3.567169118555388430e+00
0.000000000000000000e+00 1.981983766199300057e+00
5.000000000000000000e+00 2.555909593616151554e+00
2.000000000000000000e+00 1.809145005211145296e+00
0.000000000000000000e+00 4.726975750765529227e+00
2.000000000000000000e+00 2.505985213227881037e+00
5.000000000000000000e+00 2.581880044094175375e+00
2.000000000000000000e+00 2.694686905737024851e+00
2.000000000000000000e+00 1.798344499142023434e+00
2.000000000000000000e+00 4.476997553279318254e+00
2.000000000000000000e+00 2.255446815580696818e+00
0.000000000000000000e+00 4.842824080751446658e+00
0.000000000000000000e+00 1.993749657539038989e+00
5.000000000000000000e+00 1.053887546805046371e+00
5.000000000000000000e+00 1.830519534162294404e+00
5.000000000000000000e+00 2.128778977176632559e+00
2.000000000000000000e+00 2.162827527176489184e+00
0.000000000000000000e+00 1.896268828180484478e+00
5.000000000000000000e+00 4.904335160324276188e+00
2.000000000000000000e+00 1.940275018368325943e+00
2.000000000000000000e+00 1.231244072397862821e+00
2.000000000000000000e+00 3.477133534785911695e-01
5.000000000000000000e+00 4.895174886765229161e+00
0.000000000000000000e+00 4.134267655551798093e+00
2.000000000000000000e+00 3.439820012570971031e+00
0.000000000000000000e+00 1.146534171945699621e+00
0.000000000000000000e+00 3.017363166652227147e+00
2.000000000000000000e+00 2.790729537067242916e+00
2.000000000000000000e+00 2.254611124556583857e+00
0.000000000000000000e+00 3.408030762671163671e+00
0.000000000000000000e+00 2.806820926336149657e+00
0.000000000000000000e+00 1.721255688474860879e+00
0.000000000000000000e+00 2.480453093169346257e+00
5.000000000000000000e+00 1.640264055394957898e+00
0.000000000000000000e+00 2.222855530749549668e+00
0.000000000000000000e+00 3.679102927252961841e+00
0.000000000000000000e+00 2.815533539868103841e+00
0.000000000000000000e+00 5.244456193825021373e+00
2.000000000000000000e+00 3.941152258602241165e+00
0.000000000000000000e+00 3.648502669722354597e+00
5.000000000000000000e+00 4.147300907170439643e+00
2.000000000000000000e+00 1.747964853521199124e+00
2.000000000000000000e+00 4.223199868630384657e+00
5.000000000000000000e+00 3.802267662765614453e+00
2.000000000000000000e+00 1.236137596176924980e+00
0.000000000000000000e+00 3.094278924636205463e+00
5.000000000000000000e+00 2.458860357538670716e+00
2.000000000000000000e+00 4.139311927686150305e+00
2.000000000000000000e+00 4.255551543591345798e+00
2.000000000000000000e+00 3.353256987127572142e+00
2.000000000000000000e+00 4.259388770014307823e+00
5.000000000000000000e+00 2.561387152105686127e+00
5.000000000000000000e+00 1.020621331851253144e+00
2.000000000000000000e+00 3.095784194029088443e+00
0.000000000000000000e+00 1.562826963182809559e+00
0.000000000000000000e+00 2.560398067686357138e+00
2.000000000000000000e+00 2.206096664419263220e+00
0.000000000000000000e+00 3.124573389772943965e+00
0.000000000000000000e+00 2.395398909586478275e+00
0.000000000000000000e+00 4.282785876812668313e+00
2.000000000000000000e+00 4.206095804982295405e+00
5.000000000000000000e+00 1.676670758345232048e+00
5.000000000000000000e+00 1.768461243591197940e+00
2.000000000000000000e+00 1.134295102555492596e+00
5.000000000000000000e+00 4.559545049909609737e+00
0.000000000000000000e+00 1.129374616263704167e+00
2.000000000000000000e+00 1.305479533323846697e+00
5.000000000000000000e+00 3.624343236203342311e+00
2.000000000000000000e+00 5.517901572393168586e+00
0.000000000000000000e+00 1.374666456755031074e+00
0.000000000000000000e+00 2.390824225918686263e+00
0.000000000000000000e+00 2.242284497113627317e+00
2.000000000000000000e+00 1.756323916544217711e+00
4.000000000000000000e+00 5.321075725477464324e+00
2.000000000000000000e+00 4.052565340826213003e+00
2.000000000000000000e+00 1.842287212133839613e+00
2.000000000000000000e+00 1.402246128321599006e+00
0.000000000000000000e+00 1.112029028559926580e+00
2.000000000000000000e+00 7.549456227822292087e-01
2.000000000000000000e+00 7.514292773350240706e-01
5.000000000000000000e+00 2.820318277658071526e+00
5.000000000000000000e+00 3.519097208030293356e+00
5.000000000000000000e+00 1.442349594811890734e+00
5.000000000000000000e+00 3.256225310599962341e+00
5.000000000000000000e+00 4.799322826446568158e+00
5.000000000000000000e+00 1.846000475584888667e+00
2.000000000000000000e+00 1.263609466018397409e+00
0.000000000000000000e+00 1.857887318927543108e+00
4.000000000000000000e+00 4.856897878613569475e+00
2.000000000000000000e+00 3.015502220096907049e+00
2.000000000000000000e+00 2.403777255227849352e+00
2.000000000000000000e+00 2.978494788688882178e+00
0.000000000000000000e+00 4.083114385349179365e+00
0.000000000000000000e+00 4.283363387451399440e+00
2.000000000000000000e+00 2.972767979685191797e+00
5.000000000000000000e+00 3.187244361598211562e+00
5.000000000000000000e+00 2.159849418457862047e+00
2.000000000000000000e+00 1.846193679555810707e+00
0.000000000000000000e+00 4.103796356068667883e+00
0.000000000000000000e+00 5.319609923540429719e+00
5.000000000000000000e+00 3.147394197161528684e+00
0.000000000000000000e+00 4.672032423715316796e+00
5.000000000000000000e+00 1.721562916530467113e+00
2.000000000000000000e+00 2.711728969360800878e+00
5.000000000000000000e+00 4.385035201182892806e+00
5.000000000000000000e+00 2.863478219705906991e+00
5.000000000000000000e+00 3.448946079746170401e+00
5.000000000000000000e+00 3.754216847266987678e+00
0.000000000000000000e+00 3.667522065685824284e+00
0.000000000000000000e+00 3.304688711359566433e+00
5.000000000000000000e+00 4.085956868052400104e+00
2.000000000000000000e+00 1.263338399088130171e+00
0.000000000000000000e+00 4.085687757696282674e+00
2.000000000000000000e+00 8.994944633361569020e-01
5.000000000000000000e+00 4.505598058504132197e+00
5.000000000000000000e+00 5.468743968588208881e-01
0.000000000000000000e+00 1.277700839698419299e+00
2.000000000000000000e+00 1.890055826255444327e+00
2.000000000000000000e+00 3.696062815541509394e+00
2.000000000000000000e+00 4.975403088612808666e+00
2.000000000000000000e+00 1.536274290192976455e+00
5.000000000000000000e+00 4.663018234860516920e+00
0.000000000000000000e+00 4.692652394193340015e+00
0.000000000000000000e+00 1.864428097114106508e+00
5.000000000000000000e+00 4.159331602976125808e+00
5.000000000000000000e+00 3.309242433206565082e+00
5.000000000000000000e+00 3.896771588220654614e+00
2.000000000000000000e+00 1.201826347352378921e+00
4.000000000000000000e+00 4.584624970281841350e+00
5.000000000000000000e+00 3.001468307116388790e+00
5.000000000000000000e+00 3.569286909209342884e+00
0.000000000000000000e+00 3.746278130330554568e+00
0.000000000000000000e+00 1.129961290286282338e+00
0.000000000000000000e+00 4.845868772530859125e+00
0.000000000000000000e+00 2.750355591198720084e+00
2.000000000000000000e+00 2.467518510775868812e+00
2.000000000000000000e+00 4.007945747883771226e+00
0.000000000000000000e+00 3.978108721091050182e+00
5.000000000000000000e+00 1.699310830786269655e+00
0.000000000000000000e+00 3.971965263847446526e+00
2.000000000000000000e+00 3.056697990491528127e+00
5.000000000000000000e+00 3.876851866765993915e+00
0.000000000000000000e+00 4.816486897345019003e+00
0.000000000000000000e+00 4.327409585001795733e+00
0.000000000000000000e+00 2.378085415995394580e+00
5.000000000000000000e+00 1.465350345886031080e+00
5.000000000000000000e+00 2.993028101203363267e+00
2.000000000000000000e+00 2.695944544303456425e+00
0.000000000000000000e+00 4.147474804202584409e+00
2.000000000000000000e+00 2.287734306546432173e+00
0.000000000000000000e+00 4.782643171569352702e+00
0.000000000000000000e+00 3.943996486578945859e+00
2.000000000000000000e+00 2.016808006815987486e+00
5.000000000000000000e+00 2.025637911300083971e+00
5.000000000000000000e+00 5.920980178202032151e-01
5.000000000000000000e+00 1.757730685137989246e+00
0.000000000000000000e+00 1.466981546900389732e+00
0.000000000000000000e+00 2.567511956199730605e+00
5.000000000000000000e+00 3.961118593182407999e+00
5.000000000000000000e+00 2.950361907560914876e+00
0.000000000000000000e+00 2.492290116889070539e+00
5.000000000000000000e+00 3.740068687398424796e+00
2.000000000000000000e+00 1.378899168761889227e+00
0.000000000000000000e+00 3.862898162473217045e+00
0.000000000000000000e+00 1.467110349480776454e+00
0.000000000000000000e+00 4.711169430990228335e+00
2.000000000000000000e+00 5.489728251242500967e+00
5.000000000000000000e+00 4.267822112154567193e+00
0.000000000000000000e+00 2.982429119157878894e+00
0.000000000000000000e+00 3.846908302158362325e+00
0.000000000000000000e+00 1.224536807400698812e+00
5.000000000000000000e+00 1.424513226503393515e+00
5.000000000000000000e+00 2.419538323853680950e+00
5.000000000000000000e+00 1.189463493968072605e+00
2.000000000000000000e+00 4.485067594547428094e+00
5.000000000000000000e+00 9.066387782786554661e-01
5.000000000000000000e+00 4.301956860539401184e+00
2.000000000000000000e+00 3.127913512287437303e+00
2.000000000000000000e+00 3.365509577930566820e+00
5.000000000000000000e+00 1.796713138894906914e+00
0.000000000000000000e+00 2.845555162342787714e+00
0.000000000000000000e+00 2.798392436054014887e+00
2.000000000000000000e+00 3.628783566525837223e+00
2.000000000000000000e+00 3.184948156660247331e+00
2.000000000000000000e+00 4.237084117422853069e+00
2.000000000000000000e+00 1.835215081698603923e+00
0.000000000000000000e+00 2.452420687853368086e+00
2.000000000000000000e+00 4.183881838362484729e+00
5.000000000000000000e+00 4.191198293094389626e+00
5.000000000000000000e+00 2.170169572653819046e+00
2.000000000000000000e+00 2.499025027785739539e+00
2.000000000000000000e+00 2.876393480668436364e+00
0.000000000000000000e+00 2.823012994922310170e+00
2.000000000000000000e+00 1.387099273313597836e+00
2.000000000000000000e+00 1.569482207937512808e+00
2.000000000000000000e+00 5.324628133550223019e+00
0.000000000000000000e+00 3.908505728347975161e+00
0.000000000000000000e+00 1.142830934029603895e+00
2.000000000000000000e+00 2.578340494594122401e+00
5.000000000000000000e+00 4.575074695517147738e+00
2.000000000000000000e+00 3.105152741083011314e+00
2.000000000000000000e+00 2.414726688548682443e+00
2.000000000000000000e+00 2.813376080606702079e+00
0.000000000000000000e+00 2.359122528571559185e-01
2.000000000000000000e+00 3.278093911281519723e+00
5.000000000000000000e+00 4.608402023667215630e+00
4.000000000000000000e+00 5.224889038556224108e+00
5.000000000000000000e+00 2.121119660730441225e+00
5.000000000000000000e+00 1.847489542969680043e+00
0.000000000000000000e+00 1.862748122871803025e+00
0.000000000000000000e+00 1.029592485034348970e+00
0.000000000000000000e+00 2.693984659873744025e+00
2.000000000000000000e+00 3.579581707946273728e+00
2.000000000000000000e+00 3.849547842632200290e+00
0.000000000000000000e+00 3.103655216471547185e+00
2.000000000000000000e+00 4.671702625277961651e+00
5.000000000000000000e+00 5.526124892116293097e+00
2.000000000000000000e+00 2.466990126057718502e+00
2.000000000000000000e+00 3.165446913280886232e+00
0.000000000000000000e+00 2.374699872886285590e+00
5.000000000000000000e+00 1.689178822082808118e+00
5.000000000000000000e+00 2.530759015919319843e+00
2.000000000000000000e+00 3.953842770147860008e+00
5.000000000000000000e+00 2.216998250901339507e+00
5.000000000000000000e+00 2.797477842084567623e+00
2.000000000000000000e+00 1.062239738074980178e+00
5.000000000000000000e+00 3.394745768986281220e+00
0.000000000000000000e+00 1.444357225243427800e+00
5.000000000000000000e+00 4.663786234161362287e+00
2.000000000000000000e+00 4.575851788359369010e+00
4.000000000000000000e+00 4.844337623506067558e+00
2.000000000000000000e+00 4.711592948729499852e+00
2.000000000000000000e+00 5.249909190997104069e+00
5.000000000000000000e+00 3.781559624769188499e-01
5.000000000000000000e+00 1.676075401964570943e+00
0.000000000000000000e+00 1.065650384112914795e+00
2.000000000000000000e+00 2.363041256746735375e+00
5.000000000000000000e+00 2.639986283337213191e+00
2.000000000000000000e+00 1.042094941769946992e+00
5.000000000000000000e+00 3.148837060362259521e+00
5.000000000000000000e+00 3.583715766259048863e+00
2.000000000000000000e+00 3.354103911760518031e+00
0.000000000000000000e+00 4.530796602825654773e+00
0.000000000000000000e+00 1.070320852983474236e+00
5.000000000000000000e+00 3.808028092061001679e+00
5.000000000000000000e+00 1.587133091613587954e+00
2.000000000000000000e+00 4.462344685734088046e+00
0.000000000000000000e+00 3.431705382470106258e+00
2.000000000000000000e+00 4.811143551222363257e+00
5.000000000000000000e+00 3.511493975394568867e+00
0.000000000000000000e+00 1.276746153976017872e+00
2.000000000000000000e+00 1.328147282760423709e+00
4.000000000000000000e+00 4.706719615740775353e+00
0.000000000000000000e+00 3.634842992824120600e+00
0.000000000000000000e+00 1.362764206568693348e+00
2.000000000000000000e+00 1.139381181375414220e+00
2.000000000000000000e+00 3.513287476701034695e+00
5.000000000000000000e+00 1.679701717987883924e+00
5.000000000000000000e+00 4.614010247947384791e+00
0.000000000000000000e+00 3.447636363010433858e+00
2.000000000000000000e+00 3.762041271614517068e+00
5.000000000000000000e+00 2.381099630897444808e+00
2.000000000000000000e+00 3.065764256351124484e+00
2.000000000000000000e+00 4.005814339131331892e+00
2.000000000000000000e+00 4.070649600485012343e+00
2.000000000000000000e+00 2.715588421085049831e+00
0.000000000000000000e+00 2.519938936348492309e+00
0.000000000000000000e+00 4.230961865762934870e+00
4.000000000000000000e+00 4.637284790872407747e+00
5.000000000000000000e+00 1.166452138486124390e+00
5.000000000000000000e+00 1.824336090521897047e+00
2.000000000000000000e+00 2.770730712226962655e+00
2.000000000000000000e+00 2.174508285996519241e+00
0.000000000000000000e+00 4.566980680732409148e+00
5.000000000000000000e+00 1.108119047068039098e+00
0.000000000000000000e+00 4.010827583166480359e+00
2.000000000000000000e+00 4.392207574061900210e+00
2.000000000000000000e+00 2.069510926458721034e+00
0.000000000000000000e+00 5.245615417287045723e+00
2.000000000000000000e+00 3.335217096459234476e+00
0.000000000000000000e+00 3.469728904417102466e+00
5.000000000000000000e+00 4.408747694952666052e+00
5.000000000000000000e+00 2.215616490843974606e+00
2.000000000000000000e+00 4.126108559481840743e+00
2.000000000000000000e+00 4.774816299655046059e+00
5.000000000000000000e+00 4.642148835416516128e+00
0.000000000000000000e+00 2.422326201803413515e+00
2.000000000000000000e+00 2.661595987629678195e+00
2.000000000000000000e+00 3.766371700932454658e+00
2.000000000000000000e+00 1.424784394975919355e+00
0.000000000000000000e+00 4.623235975299654577e+00
5.000000000000000000e+00 2.615123846827106746e+00
0.000000000000000000e+00 3.566516302865917254e+00
0.000000000000000000e+00 2.971802757521101679e+00
5.000000000000000000e+00 2.460974347242105065e+00
2.000000000000000000e+00 4.454685598686809023e+00
0.000000000000000000e+00 1.293982034407661574e+00
5.000000000000000000e+00 1.941084689861555690e+00
5.000000000000000000e+00 9.882843897631032881e-01
0.000000000000000000e+00 1.866941938221944985e+00
0.000000000000000000e+00 9.072341750197787658e-01
5.000000000000000000e+00 1.819523295246957995e+00
0.000000000000000000e+00 3.683030541760771825e+00
5.000000000000000000e+00 4.464746342904875931e+00
5.000000000000000000e+00 2.947703191087308827e+00
5.000000000000000000e+00 4.092718144075392139e+00
0.000000000000000000e+00 4.169556130636147273e+00
2.000000000000000000e+00 4.334630670567828581e+00
5.000000000000000000e+00 3.460821395182556159e+00
0.000000000000000000e+00 2.390234001562874244e+00
5.000000000000000000e+00 1.866096310375403799e+00
2.000000000000000000e+00 3.323846401932499806e+00
5.000000000000000000e+00 3.594747631811783695e+00
5.000000000000000000e+00 2.965805879034451031e+00
2.000000000000000000e+00 4.061303578538574932e+00
5.000000000000000000e+00 3.507552545838816371e+00
0.000000000000000000e+00 5.335007593919383950e+00
2.000000000000000000e+00 2.034592100456259711e+00
2.000000000000000000e+00 3.733253830901666070e+00
5.000000000000000000e+00 3.837778090768993344e+00
2.000000000000000000e+00 2.237072736852202759e+00
5.000000000000000000e+00 4.462073432476050705e+00
0.000000000000000000e+00 9.768168069019209643e-01
0.000000000000000000e+00 4.639944362733823269e+00
2.000000000000000000e+00 3.029526815098761094e+00
2.000000000000000000e+00 3.824973592314309556e+00
2.000000000000000000e+00 3.437054294401603816e+00
0.000000000000000000e+00 2.325842770315876606e+00
5.000000000000000000e+00 6.105835553992735587e-01
0.000000000000000000e+00 1.897779555705203292e+00
0.000000000000000000e+00 3.047303471973458411e+00
0.000000000000000000e+00 4.377389642957948190e+00
2.000000000000000000e+00 6.379547127925225825e-01
0.000000000000000000e+00 1.544539958818758052e+00
5.000000000000000000e+00 3.045430975634888515e+00
0.000000000000000000e+00 2.513351694675767689e+00
2.000000000000000000e+00 3.566495707684370409e+00
0.000000000000000000e+00 3.128213909043362939e+00
2.000000000000000000e+00 1.991150135965726875e+00
5.000000000000000000e+00 4.785208618512828416e+00
0.000000000000000000e+00 2.397684974248301071e+00
0.000000000000000000e+00 2.861087473234798839e+00
2.000000000000000000e+00 1.705701049320353102e-01
2.000000000000000000e+00 4.519088705714808363e+00
2.000000000000000000e+00 1.067614807049046322e+00
2.000000000000000000e+00 2.321323543432070036e+00
0.000000000000000000e+00 2.344403589183225556e+00
0.000000000000000000e+00 2.361866170152335354e+00
2.000000000000000000e+00 2.797946330409566418e+00
2.000000000000000000e+00 2.117154753997180006e+00
2.000000000000000000e+00 1.035466788859932041e+00
2.000000000000000000e+00 4.187666953422446880e+00
0.000000000000000000e+00 3.770905631229177768e+00
0.000000000000000000e+00 3.639275954622032572e+00
2.000000000000000000e+00 4.122272613883568582e+00
5.000000000000000000e+00 2.439157156595234799e+00
5.000000000000000000e+00 3.616158776768080063e+00
5.000000000000000000e+00 3.514308489796964086e+00
5.000000000000000000e+00 2.631515709973556216e+00
2.000000000000000000e+00 3.380119367611470249e+00
5.000000000000000000e+00 1.154435607464780578e+00
5.000000000000000000e+00 4.805385657435381042e+00
1.000000000000000000e+00 2.698560301677743301e+00
1.000000000000000000e+00 1.180144101754219799e+00
1.000000000000000000e+00 1.123111304372094388e+00
1.000000000000000000e+00 2.733328620256305186e+00
1.000000000000000000e+00 3.669896589535568410e+00
1.000000000000000000e+00 3.113529378370801570e+00
3.000000000000000000e+00 9.133950506375223544e-01
1.000000000000000000e+00 4.298222781405839577e+00
3.000000000000000000e+00 2.763111032208290130e+00
1.000000000000000000e+00 2.127518034206694164e+00
1.000000000000000000e+00 2.800989123585692742e+00
4.000000000000000000e+00 3.453298379720094680e+00
4.000000000000000000e+00 2.122576196162077711e+00
3.000000000000000000e+00 2.541576304600383196e+00
4.000000000000000000e+00 2.207679853320960173e-01
1.000000000000000000e+00 4.624334014995706177e+00
3.000000000000000000e+00 4.178555382871533830e+00
4.000000000000000000e+00 3.714547713992185418e+00
3.000000000000000000e+00 4.900372420212434577e+00
3.000000000000000000e+00 2.885906682369037579e+00
1.000000000000000000e+00 3.094732399317681626e+00
1.000000000000000000e+00 1.233352514575038805e+00
4.000000000000000000e+00 2.226586034000894276e+00
1.000000000000000000e+00 1.561585145681581022e+00
1.000000000000000000e+00 3.350176477850656198e+00
4.000000000000000000e+00 1.416215080013669247e+00
4.000000000000000000e+00 3.277382328365378683e+00
4.000000000000000000e+00 2.350878626190211929e+00
3.000000000000000000e+00 5.537138160331197545e-01
4.000000000000000000e+00 3.242667976211872194e+00
1.000000000000000000e+00 3.409883892722648024e+00
1.000000000000000000e+00 1.825470194380709010e+00
1.000000000000000000e+00 3.618256029942572560e+00
4.000000000000000000e+00 2.651235703253007614e+00
3.000000000000000000e+00 3.715793760477450469e+00
3.000000000000000000e+00 2.767109638120358373e+00
1.000000000000000000e+00 6.216210439773226959e+00
3.000000000000000000e+00 3.002771436956052753e+00
3.000000000000000000e+00 3.705163707089115466e+00
4.000000000000000000e+00 5.062026816659369821e+00
3.000000000000000000e+00 4.122733524182109477e+00
4.000000000000000000e+00 4.384593805075468254e+00
4.000000000000000000e+00 2.866665548911982331e+00
3.000000000000000000e+00 4.987809739921019170e-01
1.000000000000000000e+00 2.361802861183602609e+00
1.000000000000000000e+00 2.859633549750488335e+00
1.000000000000000000e+00 7.289066971873621181e-01
4.000000000000000000e+00 3.210313547135696943e+00
1.000000000000000000e+00 2.254608441603040525e+00
3.000000000000000000e+00 4.060122735237114533e+00
4.000000000000000000e+00 2.620333263786825739e+00
3.000000000000000000e+00 4.772986054772549558e+00
1.000000000000000000e+00 2.359317685493856231e+00
3.000000000000000000e+00 1.308337008505515930e+00
1.000000000000000000e+00 1.560245322924075140e+00
3.000000000000000000e+00 1.698368794801933257e+00
4.000000000000000000e+00 3.297329501372173954e+00
1.000000000000000000e+00 3.283033090125763831e+00
1.000000000000000000e+00 4.323422358384755859e-01
3.000000000000000000e+00 1.244912340902426973e+00
4.000000000000000000e+00 1.226294277199019289e+00
4.000000000000000000e+00 4.259933446990056716e+00
3.000000000000000000e+00 4.667058214007093753e+00
4.000000000000000000e+00 7.815917894354739159e-01
1.000000000000000000e+00 2.533636601553740597e+00
4.000000000000000000e+00 4.786380323597812847e+00
3.000000000000000000e+00 2.669093910560972116e+00
3.000000000000000000e+00 9.361237841211287325e-01
4.000000000000000000e+00 5.679730140172016828e-01
1.000000000000000000e+00 2.032353852878838296e+00
4.000000000000000000e+00 3.608428937918541468e+00
1.000000000000000000e+00 3.537940454012540314e+00
4.000000000000000000e+00 1.084665207468964665e+00
1.000000000000000000e+00 4.909190812934211001e-01
1.000000000000000000e+00 5.087221239752503621e+00
1.000000000000000000e+00 4.354962874760280656e+00
1.000000000000000000e+00 2.384086050246022825e+00
3.000000000000000000e+00 4.140883369597345265e+00
1.000000000000000000e+00 4.340982928568910992e+00
4.000000000000000000e+00 1.731288793007655036e+00
1.000000000000000000e+00 5.436758676856983996e+00
4.000000000000000000e+00 4.066356389475290989e+00
1.000000000000000000e+00 1.298982591087836314e+00
4.000000000000000000e+00 2.155215997070402789e+00
4.000000000000000000e+00 4.607859365135315244e+00
3.000000000000000000e+00 3.392552538989706434e+00
1.000000000000000000e+00 2.162830303338996618e+00
1.000000000000000000e+00 1.801355244327200733e+00
3.000000000000000000e+00 1.767502744925751212e+00
3.000000000000000000e+00 3.172795403808448267e+00
3.000000000000000000e+00 1.679957687350031703e+00
4.000000000000000000e+00 1.166869129008690331e+00
4.000000000000000000e+00 3.146320490660162950e+00
4.000000000000000000e+00 3.036092076721931043e+00
4.000000000000000000e+00 2.630176839313627113e+00
1.000000000000000000e+00 1.604622873263338301e+00
1.000000000000000000e+00 1.491924233155152102e+00
1.000000000000000000e+00 3.254906130998898917e+00
1.000000000000000000e+00 1.100354687875624737e+00
3.000000000000000000e+00 1.141921680938491779e+00
4.000000000000000000e+00 3.298584477310956053e+00
4.000000000000000000e+00 4.425576684791235671e+00
4.000000000000000000e+00 1.124282948699159235e+00
1.000000000000000000e+00 3.343237259040883647e+00
3.000000000000000000e+00 2.079519470624376254e+00
3.000000000000000000e+00 1.456634468518082981e+00
3.000000000000000000e+00 1.872466661003038935e+00
1.000000000000000000e+00 1.272766795048253741e+00
1.000000000000000000e+00 1.631178169087956764e+00
3.000000000000000000e+00 1.929126740970924736e+00
3.000000000000000000e+00 4.213055007930056384e+00
1.000000000000000000e+00 3.646366656378663418e+00
3.000000000000000000e+00 2.448618458692354061e+00
1.000000000000000000e+00 2.131013480372562885e+00
1.000000000000000000e+00 3.034534991903514722e+00
4.000000000000000000e+00 4.215538700988357590e+00
4.000000000000000000e+00 1.438886602533315129e+00
4.000000000000000000e+00 2.681615866141529914e+00
3.000000000000000000e+00 1.398895776146078518e+00
4.000000000000000000e+00 2.924701659630183137e+00
3.000000000000000000e+00 3.357422346435315341e-01
1.000000000000000000e+00 3.506796109573969478e+00
1.000000000000000000e+00 4.246679583396194779e+00
4.000000000000000000e+00 4.417008291577200652e+00
4.000000000000000000e+00 3.980314274926099127e+00
4.000000000000000000e+00 5.500987171345158577e-01
3.000000000000000000e+00 2.878169426527629859e+00
4.000000000000000000e+00 3.742438596360627479e+00
1.000000000000000000e+00 5.040984701387700717e+00
3.000000000000000000e+00 4.904550911824570036e+00
3.000000000000000000e+00 5.119470933494453924e+00
4.000000000000000000e+00 2.368209232338290171e+00
1.000000000000000000e+00 3.783425836286281818e+00
4.000000000000000000e+00 2.876908686044799879e+00
2.000000000000000000e+00 4.862421232149837458e+00
4.000000000000000000e+00 3.445177221134655632e+00
1.000000000000000000e+00 7.329727897189134422e-01
3.000000000000000000e+00 4.817005855340517506e+00
1.000000000000000000e+00 3.060612354433811078e+00
1.000000000000000000e+00 2.585078798943182932e+00
3.000000000000000000e+00 2.930233894782093618e+00
4.000000000000000000e+00 2.232973845899211440e+00
1.000000000000000000e+00 5.363934246577106713e+00
4.000000000000000000e+00 2.593822264103673003e+00
3.000000000000000000e+00 2.808736376539488599e+00
4.000000000000000000e+00 3.256829453914366290e+00
4.000000000000000000e+00 1.177272143077875644e+00
4.000000000000000000e+00 3.852523959313987501e+00
4.000000000000000000e+00 1.657167015920882003e+00
4.000000000000000000e+00 5.468712990430737442e+00
1.000000000000000000e+00 1.379555541302351473e+00
3.000000000000000000e+00 8.279835794665230120e-01
3.000000000000000000e+00 2.053437893585454255e+00
3.000000000000000000e+00 1.744266685617630097e+00
4.000000000000000000e+00 2.785582411279325044e+00
1.000000000000000000e+00 2.534734496569062578e+00
3.000000000000000000e+00 5.316979425587891050e+00
4.000000000000000000e+00 2.131010197551193031e+00
4.000000000000000000e+00 1.321993693500876477e+00
4.000000000000000000e+00 4.590305002869224937e-01
3.000000000000000000e+00 4.470748700187288982e+00
1.000000000000000000e+00 3.489381643479477546e+00
4.000000000000000000e+00 3.872773146609610695e+00
1.000000000000000000e+00 1.550245517472038204e+00
1.000000000000000000e+00 3.562053715241390695e+00
4.000000000000000000e+00 3.226870199045649201e+00
4.000000000000000000e+00 1.705241016027797984e+00
1.000000000000000000e+00 2.760534068064622648e+00
1.000000000000000000e+00 3.437310893211545260e+00
1.000000000000000000e+00 1.111645804770969637e+00
1.000000000000000000e+00 3.099455220677991729e+00
3.000000000000000000e+00 1.229258292735359470e+00
1.000000000000000000e+00 2.715562589196447441e+00
1.000000000000000000e+00 4.320393404718608110e+00
1.000000000000000000e+00 3.463183938414565954e+00
1.000000000000000000e+00 4.596871662461391672e+00
4.000000000000000000e+00 4.438051781663221895e+00
1.000000000000000000e+00 3.003103091932659563e+00
3.000000000000000000e+00 3.727734461489828011e+00
4.000000000000000000e+00 2.370759383036973311e+00
4.000000000000000000e+00 3.605793724952136792e+00
3.000000000000000000e+00 3.394355440521959810e+00
4.000000000000000000e+00 1.840173574200213213e+00
1.000000000000000000e+00 3.630747378104730583e+00
3.000000000000000000e+00 2.883249045891703055e+00
4.000000000000000000e+00 4.741213560685400452e+00
3.000000000000000000e+00 4.665728570185918578e+00
4.000000000000000000e+00 3.856906139575979608e+00
4.000000000000000000e+00 3.741463523039356254e+00
3.000000000000000000e+00 2.961384981227651370e+00
3.000000000000000000e+00 1.306084430694461007e+00
4.000000000000000000e+00 3.719100441385140066e+00
1.000000000000000000e+00 9.202917519517299638e-01
1.000000000000000000e+00 3.107144502549160414e+00
4.000000000000000000e+00 2.831912945158226336e+00
1.000000000000000000e+00 3.766794478093173026e+00
1.000000000000000000e+00 1.970464031715576159e+00
4.000000000000000000e+00 4.599721071811013751e+00
4.000000000000000000e+00 3.580460875854290848e+00
3.000000000000000000e+00 1.977435782555693189e+00
3.000000000000000000e+00 1.466154263474745978e+00
4.000000000000000000e+00 1.151678594814762979e+00
3.000000000000000000e+00 4.984021991716194755e+00
1.000000000000000000e+00 1.367008148281064095e+00
4.000000000000000000e+00 1.411441438655827385e+00
3.000000000000000000e+00 3.207559567574420623e+00
3.000000000000000000e+00 5.127709511973034040e+00
1.000000000000000000e+00 1.959308843448646753e+00
1.000000000000000000e+00 3.035562180105629615e+00
1.000000000000000000e+00 1.638247965932771333e+00
4.000000000000000000e+00 2.194316758661240208e+00
1.000000000000000000e+00 4.836632047044511218e+00
4.000000000000000000e+00 3.527879863475146482e+00
4.000000000000000000e+00 1.777062365842801306e+00
4.000000000000000000e+00 2.026842512863340495e+00
1.000000000000000000e+00 1.310544823185857854e+00
4.000000000000000000e+00 1.217192725156803101e+00
4.000000000000000000e+00 4.669442830795459964e-01
3.000000000000000000e+00 2.465428745049183856e+00
3.000000000000000000e+00 3.163544732501879952e+00
3.000000000000000000e+00 1.797731585938757704e+00
3.000000000000000000e+00 3.663266638415160426e+00
3.000000000000000000e+00 4.399485628319792951e+00
3.000000000000000000e+00 1.428456807070144885e+00
4.000000000000000000e+00 6.531168727885980907e-01
1.000000000000000000e+00 1.595868928048719493e+00
1.000000000000000000e+00 4.669512969149389292e+00
4.000000000000000000e+00 3.589033004761154722e+00
4.000000000000000000e+00 2.197317199717976788e+00
4.000000000000000000e+00 3.586684056112808161e+00
1.000000000000000000e+00 3.451008406422517272e+00
1.000000000000000000e+00 3.700261844345498208e+00
4.000000000000000000e+00 2.372634282748938173e+00
3.000000000000000000e+00 2.768552449084842770e+00
3.000000000000000000e+00 2.562441512517890985e+00
4.000000000000000000e+00 2.336928026673675163e+00
1.000000000000000000e+00 3.527197978167024850e+00
4.000000000000000000e+00 5.547789332960169517e+00
3.000000000000000000e+00 2.760979383818105592e+00
4.000000000000000000e+00 4.210300608929703259e+00
3.000000000000000000e+00 2.146568617011378244e+00
4.000000000000000000e+00 2.324136103635851214e+00
3.000000000000000000e+00 4.802855970813869391e+00
3.000000000000000000e+00 2.473843248121279093e+00
3.000000000000000000e+00 3.868198723348600598e+00
3.000000000000000000e+00 4.172006722827104497e+00
1.000000000000000000e+00 3.052495267449218286e+00
1.000000000000000000e+00 2.778068977727606637e+00
3.000000000000000000e+00 4.511153242666222418e+00
4.000000000000000000e+00 1.390869591109819670e+00
1.000000000000000000e+00 4.684964140308304437e+00
4.000000000000000000e+00 5.413152548685022936e-01
2.000000000000000000e+00 4.775365897270468452e+00
3.000000000000000000e+00 7.056290653004728686e-01
1.000000000000000000e+00 9.012423320681998140e-01
4.000000000000000000e+00 2.081536661999986215e+00
4.000000000000000000e+00 3.130639830563781256e+00
4.000000000000000000e+00 4.379710067838590959e+00
4.000000000000000000e+00 2.094574173980018550e+00
3.000000000000000000e+00 5.082346890967793129e+00
4.000000000000000000e+00 4.735624070619506298e+00
1.000000000000000000e+00 2.214333492179070717e+00
3.000000000000000000e+00 3.802272613504769527e+00
3.000000000000000000e+00 3.713696768234389545e+00
3.000000000000000000e+00 4.321083938416543369e+00
4.000000000000000000e+00 8.181890862851134427e-01
1.000000000000000000e+00 5.502346881332501383e+00
3.000000000000000000e+00 2.653597776786120743e+00
3.000000000000000000e+00 3.940503596033833489e+00
1.000000000000000000e+00 4.391177898967001170e+00
1.000000000000000000e+00 1.739954151430400664e+00
4.000000000000000000e+00 4.417117680225730147e+00
1.000000000000000000e+00 3.373927051294503432e+00
4.000000000000000000e+00 2.721690445955164517e+00
4.000000000000000000e+00 3.381990530703113507e+00
1.000000000000000000e+00 3.339753566257386286e+00
3.000000000000000000e+00 1.302089832543288361e+00
1.000000000000000000e+00 3.383735235870984237e+00
4.000000000000000000e+00 3.524736066047049921e+00
3.000000000000000000e+00 4.302021748585189265e+00
1.000000000000000000e+00 5.450339214076973526e+00
4.000000000000000000e+00 4.749025590411505071e+00
1.000000000000000000e+00 3.025371818900191911e+00
3.000000000000000000e+00 1.097009743642956892e+00
3.000000000000000000e+00 3.377831502646644335e+00
4.000000000000000000e+00 2.716622674960130102e+00
1.000000000000000000e+00 3.547820932404274874e+00
4.000000000000000000e+00 2.767302341124276310e+00
1.000000000000000000e+00 5.427872692917500075e+00
1.000000000000000000e+00 4.584018654169178753e+00
4.000000000000000000e+00 2.372247477782430281e+00
3.000000000000000000e+00 1.826105143158332611e+00
3.000000000000000000e+00 2.597987182220336533e-01
3.000000000000000000e+00 1.523640577367650462e+00
1.000000000000000000e+00 1.273565416847092902e+00
1.000000000000000000e+00 3.185458179130525203e+00
3.000000000000000000e+00 4.382328378877808461e+00
3.000000000000000000e+00 3.272076637614463657e+00
1.000000000000000000e+00 2.699058645344781127e+00
3.000000000000000000e+00 3.314736429220918712e+00
4.000000000000000000e+00 1.609797449462573082e+00
1.000000000000000000e+00 3.257777463421963837e+00
1.000000000000000000e+00 1.929520427964395823e+00
1.000000000000000000e+00 4.064208270735841566e+00
4.000000000000000000e+00 4.948533315812471578e+00
3.000000000000000000e+00 4.646967393501008736e+00
1.000000000000000000e+00 2.500950885263145018e+00
1.000000000000000000e+00 4.423843155033361896e+00
1.000000000000000000e+00 1.138375118701403288e+00
3.000000000000000000e+00 1.761696843731419104e+00
3.000000000000000000e+00 2.538936684199024629e+00
3.000000000000000000e+00 7.981405603954990768e-01
3.000000000000000000e+00 4.386312385439788741e+00
3.000000000000000000e+00 1.319121030876871492e+00
3.000000000000000000e+00 3.876612465583941791e+00
4.000000000000000000e+00 2.675668963326294225e+00
4.000000000000000000e+00 2.759483933233338515e+00
3.000000000000000000e+00 2.220822693704954442e+00
1.000000000000000000e+00 2.283070904448967653e+00
1.000000000000000000e+00 3.439888814660985616e+00
4.000000000000000000e+00 3.117933974718271717e+00
4.000000000000000000e+00 2.840684320317577338e+00
4.000000000000000000e+00 3.642293344258011434e+00
4.000000000000000000e+00 2.457346303367031748e+00
1.000000000000000000e+00 1.851849730217609791e+00
4.000000000000000000e+00 4.797283680022728980e+00
3.000000000000000000e+00 3.830219777540184722e+00
3.000000000000000000e+00 2.574351250940945857e+00
4.000000000000000000e+00 3.071052399572033131e+00
4.000000000000000000e+00 2.412814490987153171e+00
1.000000000000000000e+00 2.263643108269294490e+00
4.000000000000000000e+00 1.975765785979030298e+00
4.000000000000000000e+00 1.156088613536296439e+00
4.000000000000000000e+00 4.820320276235597667e+00
1.000000000000000000e+00 4.552496536422315998e+00
1.000000000000000000e+00 1.473197803289547192e+00
4.000000000000000000e+00 2.525820716217558104e+00
3.000000000000000000e+00 4.992999945172966747e+00
4.000000000000000000e+00 3.731159297848442691e+00
4.000000000000000000e+00 2.153759873471141617e+00
4.000000000000000000e+00 3.305620346603523441e+00
1.000000000000000000e+00 8.832586541858100659e-01
4.000000000000000000e+00 2.746899727002077629e+00
2.000000000000000000e+00 4.704908736419818993e+00
1.000000000000000000e+00 4.713335377935087500e+00
3.000000000000000000e+00 1.822290605301772892e+00
3.000000000000000000e+00 1.576189461331857222e+00
1.000000000000000000e+00 2.308465077941001642e+00
1.000000000000000000e+00 1.597438425059574119e+00
1.000000000000000000e+00 2.179081291591756564e+00
4.000000000000000000e+00 4.012991963441871590e+00
4.000000000000000000e+00 4.462790407719087860e+00
1.000000000000000000e+00 3.741795290724334144e+00
4.000000000000000000e+00 4.056425857601142049e+00
3.000000000000000000e+00 5.108918805895127591e+00
4.000000000000000000e+00 2.620225329317322771e+00
4.000000000000000000e+00 2.764744090903801688e+00
1.000000000000000000e+00 2.803832895977811379e+00
3.000000000000000000e+00 1.307048927744130395e+00
3.000000000000000000e+00 2.307163885814751847e+00
4.000000000000000000e+00 3.537127111973921156e+00
3.000000000000000000e+00 2.521170754090913846e+00
3.000000000000000000e+00 2.419708726500876761e+00
4.000000000000000000e+00 1.662924670997373289e+00
3.000000000000000000e+00 2.972211939928975699e+00
1.000000000000000000e+00 7.967242037580045677e-01
2.000000000000000000e+00 4.621755195622971435e+00
4.000000000000000000e+00 3.953359835786828924e+00
1.000000000000000000e+00 5.177356526670586767e+00
4.000000000000000000e+00 4.085508374444002833e+00
3.000000000000000000e+00 5.172250214675559121e+00
3.000000000000000000e+00 7.355223982374751168e-01
3.000000000000000000e+00 1.257605417267316561e+00
1.000000000000000000e+00 6.453558599322435363e-01
4.000000000000000000e+00 2.966977503690694906e+00
3.000000000000000000e+00 2.214936375680753855e+00
4.000000000000000000e+00 1.657434929301776050e+00
3.000000000000000000e+00 2.732698484616229884e+00
3.000000000000000000e+00 4.008346313587543008e+00
4.000000000000000000e+00 3.979112208831228514e+00
1.000000000000000000e+00 5.172190306323988018e+00
1.000000000000000000e+00 1.654340745362707032e+00
3.000000000000000000e+00 3.421273946180943604e+00
3.000000000000000000e+00 1.384070416640404089e+00
4.000000000000000000e+00 3.837546902607057220e+00
1.000000000000000000e+00 2.799170420629251588e+00
3.000000000000000000e+00 5.334143466886275498e+00
3.000000000000000000e+00 3.936264655007868374e+00
1.000000000000000000e+00 1.468983935585083112e+00
4.000000000000000000e+00 1.933110903281897608e+00
1.000000000000000000e+00 4.766942846997578087e+00
1.000000000000000000e+00 3.049029554179857993e+00
1.000000000000000000e+00 1.903155220082585419e+00
4.000000000000000000e+00 1.729656364223916221e+00
4.000000000000000000e+00 4.105697915787546393e+00
3.000000000000000000e+00 1.315768695244243336e+00
3.000000000000000000e+00 4.190158714725690459e+00
1.000000000000000000e+00 2.807702870436862508e+00
4.000000000000000000e+00 3.141683785585473565e+00
3.000000000000000000e+00 2.239877436906036579e+00
4.000000000000000000e+00 2.676314005493236614e+00
4.000000000000000000e+00 4.609144738484790338e+00
4.000000000000000000e+00 3.447380601431330849e+00
4.000000000000000000e+00 3.341758416084591232e+00
1.000000000000000000e+00 3.148116102060639410e+00
1.000000000000000000e+00 3.585136176243543638e+00
1.000000000000000000e+00 4.819854692550427977e+00
3.000000000000000000e+00 9.552163741194003022e-01
3.000000000000000000e+00 1.948635782796879434e+00
4.000000000000000000e+00 3.369690047950232081e+00
4.000000000000000000e+00 2.533991555796691220e+00
1.000000000000000000e+00 5.213191326574318829e+00
3.000000000000000000e+00 1.519616128894297757e+00
1.000000000000000000e+00 3.366010348369377070e+00
3.000000000000000000e+00 4.669337629845228044e+00
4.000000000000000000e+00 1.914644199095790311e+00
1.000000000000000000e+00 4.604198177332471609e+00
4.000000000000000000e+00 3.021174474308576663e+00
1.000000000000000000e+00 2.861233760548782534e+00
3.000000000000000000e+00 4.833355955663497738e+00
3.000000000000000000e+00 2.437941448494981955e+00
4.000000000000000000e+00 3.500217341320117193e+00
3.000000000000000000e+00 4.384825598721256767e+00
3.000000000000000000e+00 5.066388343884541179e+00
1.000000000000000000e+00 2.853463717830074131e+00
4.000000000000000000e+00 2.100171411408984223e+00
4.000000000000000000e+00 3.142539843170403024e+00
4.000000000000000000e+00 9.108859160374616071e-01
1.000000000000000000e+00 4.010551024377296159e+00
3.000000000000000000e+00 2.954982862864137694e+00
1.000000000000000000e+00 4.212420583819102227e+00
1.000000000000000000e+00 2.380791474618053627e+00
3.000000000000000000e+00 2.122959589983441031e+00
4.000000000000000000e+00 3.834796490920439282e+00
1.000000000000000000e+00 1.893818189215689562e+00
3.000000000000000000e+00 1.616922968038728037e+00
3.000000000000000000e+00 1.224921557329332611e+00
1.000000000000000000e+00 1.219280280312526887e+00
1.000000000000000000e+00 1.461165478946437224e+00
3.000000000000000000e+00 2.201844572220728935e+00
1.000000000000000000e+00 3.155197042055074785e+00
3.000000000000000000e+00 4.890092608797076856e+00
3.000000000000000000e+00 2.544098087078788151e+00
3.000000000000000000e+00 3.712203356910245944e+00
1.000000000000000000e+00 3.531624511188729443e+00
4.000000000000000000e+00 3.720861651377683543e+00
3.000000000000000000e+00 3.061615522603507333e+00
1.000000000000000000e+00 3.004969511964413531e+00
3.000000000000000000e+00 2.178024050003357193e+00
4.000000000000000000e+00 3.947576957354939520e+00
3.000000000000000000e+00 3.188315622739995359e+00
3.000000000000000000e+00 3.391143347043147127e+00
4.000000000000000000e+00 4.687445373565505946e+00
3.000000000000000000e+00 3.161181286352059416e+00
4.000000000000000000e+00 5.531872025781016333e+00
4.000000000000000000e+00 1.868019092916926249e+00
4.000000000000000000e+00 4.233108253786028286e+00
3.000000000000000000e+00 3.470743770591587118e+00
4.000000000000000000e+00 2.527471467403081373e+00
3.000000000000000000e+00 4.885200036234519594e+00
1.000000000000000000e+00 3.776522332147748129e-01
1.000000000000000000e+00 4.031524823051412021e+00
4.000000000000000000e+00 3.408039830786705693e+00
4.000000000000000000e+00 4.407897624078824350e+00
4.000000000000000000e+00 4.060771428477697675e+00
1.000000000000000000e+00 2.571474517215605715e+00
3.000000000000000000e+00 1.889935911059915374e-01
1.000000000000000000e+00 1.608466308724463945e+00
1.000000000000000000e+00 3.659687419291707489e+00
1.000000000000000000e+00 5.022565913813639149e+00
4.000000000000000000e+00 5.520641721718713146e-01
1.000000000000000000e+00 2.176254774917463219e+00
3.000000000000000000e+00 3.466553643542090057e+00
1.000000000000000000e+00 1.880259738220125376e+00
4.000000000000000000e+00 4.192563839670484960e+00
1.000000000000000000e+00 3.742068538286564383e+00
4.000000000000000000e+00 2.579992331119803861e+00
3.000000000000000000e+00 4.372829939082637729e+00
1.000000000000000000e+00 1.785567454042719548e+00
1.000000000000000000e+00 3.383373562875624074e+00
4.000000000000000000e+00 7.936053398139660819e-01
4.000000000000000000e+00 3.945497487710609708e+00
4.000000000000000000e+00 7.891563018517779859e-01
4.000000000000000000e+00 2.253466616208785744e+00
1.000000000000000000e+00 2.992028688218883570e+00
1.000000000000000000e+00 1.975153672326159571e+00
4.000000000000000000e+00 2.184621701717666564e+00
4.000000000000000000e+00 1.855896661337021580e+00
4.000000000000000000e+00 1.627443150866859201e+00
4.000000000000000000e+00 4.812717909375443526e+00
1.000000000000000000e+00 4.402600222299222210e+00
1.000000000000000000e+00 4.284713826086433919e+00
4.000000000000000000e+00 4.646820028212126807e+00
3.000000000000000000e+00 2.155304265455674884e+00
3.000000000000000000e+00 4.022332652195481195e+00
3.000000000000000000e+00 3.089224881498875863e+00
3.000000000000000000e+00 2.222207520529305036e+00
4.000000000000000000e+00 3.984489778697168916e+00
3.000000000000000000e+00 1.361325058677162136e+00
3.000000000000000000e+00 4.406229844188539246e+00
