2.000000000000000000e+00 1.516895285746516109e+00
2.000000000000000000e+00 3.595258307875563553e+00
5.000000000000000000e+00 2.241224000433754249e+00
3.000000000000000000e+00 3.031884541488057971e-01
2.000000000000000000e+00 3.350662047102529240e+00
3.000000000000000000e+00 4.244256855353501834e+00
5.000000000000000000e+00 1.438377276140717198e+00
5.000000000000000000e+00 1.851735717791813007e+00
2.000000000000000000e+00 1.737370035573507332e+00
5.000000000000000000e+00 1.310678520333030672e+00
3.000000000000000000e+00 2.285214081159253841e+00
2.000000000000000000e+00 4.964936782778825552e+00
5.000000000000000000e+00 2.427984000678636622e+00
3.000000000000000000e+00 3.549748931237854510e+00
2.000000000000000000e+00 4.577707670926812078e+00
5.000000000000000000e+00 2.679638425383987776e+00
3.000000000000000000e+00 1.926334027163523199e+00
5.000000000000000000e+00 4.185923688477299009e+00
3.000000000000000000e+00 4.272280658366666373e+00
5.000000000000000000e+00 1.752703381193125631e+00
2.000000000000000000e+00 3.895353651855740118e+00
5.000000000000000000e+00 2.909902821213194546e+00
3.000000000000000000e+00 3.697412427177777516e+00
3.000000000000000000e+00 1.839025072641497838e+00
2.000000000000000000e+00 2.448599284237596763e+00
4.000000000000000000e+00 5.655189397440607557e+00
5.000000000000000000e+00 5.179929399485761365e+00
2.000000000000000000e+00 4.302462764525608385e+00
3.000000000000000000e+00 2.633317633343327469e+00
2.000000000000000000e+00 4.564062150427189657e+00
2.000000000000000000e+00 3.666596429737218887e+00
2.000000000000000000e+00 1.137065347063262344e+00
2.000000000000000000e+00 3.158270989972043807e+00
5.000000000000000000e+00 2.891875113617341508e+00
2.000000000000000000e+00 2.958084701194223509e+00
2.000000000000000000e+00 3.868865076667898695e+00
5.000000000000000000e+00 1.897633899399221891e+00
5.000000000000000000e+00 3.712409633436409173e+00
2.000000000000000000e+00 1.041134732520370143e+00
5.000000000000000000e+00 2.331073429202791036e+00
5.000000000000000000e+00 3.289581090674277064e+00
2.000000000000000000e+00 2.638237913880954633e+00
2.000000000000000000e+00 2.684392055954213152e+00
2.000000000000000000e+00 3.259835014357414629e+00
5.000000000000000000e+00 3.836149069295846648e+00
2.000000000000000000e+00 3.047590156332411482e+00
5.000000000000000000e+00 1.332314292472122741e+00
5.000000000000000000e+00 1.647678447786284028e+00
3.000000000000000000e+00 1.499393971300319928e+00
5.000000000000000000e+00 4.284963604083307231e+00
5.000000000000000000e+00 2.857482498070137655e+00
5.000000000000000000e+00 3.668325538606875380e+00
2.000000000000000000e+00 4.636806316771559189e+00
3.000000000000000000e+00 4.297826576751340610e+00
3.000000000000000000e+00 1.556171238037357130e+00
2.000000000000000000e+00 2.126943975766690365e+00
5.000000000000000000e+00 1.812075271151909917e+00
5.000000000000000000e+00 7.131121004423889298e-01
2.000000000000000000e+00 1.325124664206109859e+00
3.000000000000000000e+00 2.954996040513128808e+00
5.000000000000000000e+00 2.516139175386204130e+00
5.000000000000000000e+00 2.244175861324966714e+00
3.000000000000000000e+00 3.175319750085865422e+00
5.000000000000000000e+00 1.365306334926923437e+00
2.000000000000000000e+00 2.134033940279073338e+00
3.000000000000000000e+00 3.171715922098952589e+00
3.000000000000000000e+00 4.358158473098672658e+00
3.000000000000000000e+00 4.172270190349340879e+00
5.000000000000000000e+00 5.165504203729510913e+00
3.000000000000000000e+00 1.023206744327510576e+00
2.000000000000000000e+00 8.013225974024378306e-01
2.000000000000000000e+00 1.380418318955367818e+00
5.000000000000000000e+00 3.554019279251686925e+00
2.000000000000000000e+00 2.830000735638558584e+00
5.000000000000000000e+00 3.950014584438257703e+00
2.000000000000000000e+00 3.827303738213954087e+00
3.000000000000000000e+00 4.426236875395110459e+00
4.000000000000000000e+00 5.488531015638014487e+00
3.000000000000000000e+00 2.193458982070219498e+00
3.000000000000000000e+00 3.530020902993911580e+00
5.000000000000000000e+00 2.084398154792151292e+00
3.000000000000000000e+00 2.622490198891018753e+00
2.000000000000000000e+00 4.090971982348428959e+00
2.000000000000000000e+00 3.500308821456631581e+00
3.000000000000000000e+00 4.101472997790381214e+00
5.000000000000000000e+00 2.634311896631140293e+00
2.000000000000000000e+00 2.532360185807171149e+00
2.000000000000000000e+00 2.342384822754336238e+00
3.000000000000000000e+00 1.028446398877916890e+00
5.000000000000000000e+00 4.349739808835560773e+00
2.000000000000000000e+00 3.291385899496595435e+00
3.000000000000000000e+00 1.235607996350507554e+00
3.000000000000000000e+00 1.645927910608925071e+00
3.000000000000000000e+00 3.768714578372621471e+00
5.000000000000000000e+00 2.380234378822352337e+00
5.000000000000000000e+00 1.015801946187536275e+00
2.000000000000000000e+00 3.596911938819641552e+00
3.000000000000000000e+00 2.666574356215282382e+00
3.000000000000000000e+00 4.287357711820780182e+00
2.000000000000000000e+00 2.387951514995601876e+00
5.000000000000000000e+00 2.480546540241005182e+00
5.000000000000000000e+00 2.151609450033320492e+00
3.000000000000000000e+00 3.198497347660607115e+00
5.000000000000000000e+00 2.756502701856936577e-01
3.000000000000000000e+00 2.704370155223390526e+00
3.000000000000000000e+00 4.468660232394681131e+00
3.000000000000000000e+00 3.125126228193715328e+00
2.000000000000000000e+00 1.095119398311386050e+00
2.000000000000000000e+00 1.993317445123061527e+00
5.000000000000000000e+00 1.760232183290037389e+00
5.000000000000000000e+00 3.306035655097968373e+00
2.000000000000000000e+00 3.613274231280568571e+00
2.000000000000000000e+00 3.341398241677020930e+00
5.000000000000000000e+00 2.599880570002222502e+00
2.000000000000000000e+00 5.443540083723521938e+00
5.000000000000000000e+00 1.510302416508187529e+00
2.000000000000000000e+00 1.434349048462612242e+00
3.000000000000000000e+00 2.388184577416864407e+00
5.000000000000000000e+00 4.772169464196779565e+00
5.000000000000000000e+00 4.560375860818549398e+00
2.000000000000000000e+00 2.837822028300094335e+00
5.000000000000000000e+00 5.649431238866613469e-01
3.000000000000000000e+00 4.956014067713819138e+00
5.000000000000000000e+00 2.469288353212380827e+00
2.000000000000000000e+00 4.539881856809486749e+00
2.000000000000000000e+00 1.930886961118433165e+00
2.000000000000000000e+00 2.066171309623631380e+00
5.000000000000000000e+00 4.889360359578570403e+00
5.000000000000000000e+00 2.138710044845995029e+00
3.000000000000000000e+00 3.256541840171987889e+00
5.000000000000000000e+00 7.694681464931300008e-01
5.000000000000000000e+00 4.137939382373495789e+00
3.000000000000000000e+00 4.808381339092599127e+00
3.000000000000000000e+00 3.454091870230572292e-01
3.000000000000000000e+00 4.032789478102670522e+00
3.000000000000000000e+00 1.786907669763924789e+00
5.000000000000000000e+00 2.348393483555391903e+00
2.000000000000000000e+00 4.628927116463540159e+00
3.000000000000000000e+00 2.539291251102621327e+00
2.000000000000000000e+00 5.390234023557829879e+00
2.000000000000000000e+00 2.373179959708276776e+00
3.000000000000000000e+00 2.877119250486066093e+00
2.000000000000000000e+00 3.743765351214397019e-01
3.000000000000000000e+00 2.150740712241330233e+00
3.000000000000000000e+00 4.519811333831712297e+00
2.000000000000000000e+00 4.084940324656144206e+00
2.000000000000000000e+00 3.158411066465218742e+00
5.000000000000000000e+00 9.273266739541587977e-01
5.000000000000000000e+00 2.196703779990357486e+00
5.000000000000000000e+00 2.887204942097283400e+00
2.000000000000000000e+00 2.853363460156423503e+00
5.000000000000000000e+00 2.750791158438449902e+00
3.000000000000000000e+00 1.025838616668870218e+00
5.000000000000000000e+00 2.141392982042084281e+00
5.000000000000000000e+00 5.381781546812565153e+00
5.000000000000000000e+00 1.028776591709589905e+00
2.000000000000000000e+00 1.571142956245519695e+00
2.000000000000000000e+00 2.759663205052941937e+00
2.000000000000000000e+00 4.723832252461453329e+00
2.000000000000000000e+00 2.932008838485221425e+00
2.000000000000000000e+00 1.636123717280695056e+00
4.000000000000000000e+00 5.400508767383400688e+00
2.000000000000000000e+00 3.273950823348855899e+00
3.000000000000000000e+00 4.082591916847982283e+00
2.000000000000000000e+00 4.827996622538840654e+00
2.000000000000000000e+00 8.545402049131610722e-01
2.000000000000000000e+00 2.300991182489677822e+00
5.000000000000000000e+00 2.021577591978436672e+00
5.000000000000000000e+00 2.556709681884455243e+00
5.000000000000000000e+00 5.899229939445613802e+00
2.000000000000000000e+00 8.793662870145523280e-01
2.000000000000000000e+00 2.613660201861718768e+00
2.000000000000000000e+00 1.601112839162286861e+00
5.000000000000000000e+00 1.820199734694385674e+00
5.000000000000000000e+00 3.943558487527276668e+00
3.000000000000000000e+00 2.800353417815211188e+00
3.000000000000000000e+00 2.907939533649906760e+00
3.000000000000000000e+00 3.785631962979683518e+00
3.000000000000000000e+00 4.626160652539905271e+00
2.000000000000000000e+00 1.173182676231818294e-01
5.000000000000000000e+00 2.269501617576677788e+00
3.000000000000000000e+00 2.060593293604050302e+00
2.000000000000000000e+00 3.047706549044205016e+00
5.000000000000000000e+00 8.643742031337487974e-01
3.000000000000000000e+00 3.721310525136049208e+00
5.000000000000000000e+00 3.593782435303360945e+00
3.000000000000000000e+00 2.301736212659985625e+00
2.000000000000000000e+00 5.705845433279831624e+00
5.000000000000000000e+00 3.398090884239706178e+00
2.000000000000000000e+00 4.867971984716628953e+00
3.000000000000000000e+00 2.798345050080882634e-01
3.000000000000000000e+00 4.452016209940312663e+00
3.000000000000000000e+00 1.657542723001641960e+00
2.000000000000000000e+00 1.880474042307045179e+00
3.000000000000000000e+00 8.962290314580076966e-01
2.000000000000000000e+00 3.573788202387834900e+00
2.000000000000000000e+00 2.886590065955979334e+00
5.000000000000000000e+00 3.529074057013344312e+00
3.000000000000000000e+00 8.549143565391950084e-01
3.000000000000000000e+00 3.440048697757514873e+00
3.000000000000000000e+00 2.455514214808542928e+00
2.000000000000000000e+00 3.112154279151312153e+00
2.000000000000000000e+00 4.254971148824688854e+00
5.000000000000000000e+00 2.949626866848827245e+00
5.000000000000000000e+00 1.153259704386908613e+00
3.000000000000000000e+00 3.695226501875363390e+00
2.000000000000000000e+00 6.374956524145283243e-01
2.000000000000000000e+00 2.105586560823411890e+00
5.000000000000000000e+00 1.024606752320009528e+00
3.000000000000000000e+00 1.236680847096733205e+00
5.000000000000000000e+00 3.250998339745465149e+00
3.000000000000000000e+00 2.041773248185397183e+00
3.000000000000000000e+00 1.723003465155562131e+00
3.000000000000000000e+00 2.904135994810088661e+00
3.000000000000000000e+00 2.348905241272766009e+00
5.000000000000000000e+00 3.469152474146638188e+00
3.000000000000000000e+00 3.313714414825009058e+00
5.000000000000000000e+00 1.132824287048674439e+00
2.000000000000000000e+00 3.329064335736957148e+00
3.000000000000000000e+00 2.516082393798489303e+00
5.000000000000000000e+00 1.918127690661146190e+00
3.000000000000000000e+00 1.361423014274463883e+00
3.000000000000000000e+00 2.084469094670476252e+00
5.000000000000000000e+00 1.953701995108330092e+00
5.000000000000000000e+00 2.734058205818769682e+00
2.000000000000000000e+00 8.504943956499685376e-01
3.000000000000000000e+00 3.610809420595318731e+00
5.000000000000000000e+00 3.718336657778971599e+00
4.000000000000000000e+00 5.798133956545748369e+00
5.000000000000000000e+00 3.650390727391679135e+00
2.000000000000000000e+00 8.365633329657612416e-01
2.000000000000000000e+00 3.007957119958066361e+00
3.000000000000000000e+00 2.482844927507718680e+00
5.000000000000000000e+00 2.438873190987398853e+00
5.000000000000000000e+00 7.992593832983645452e-01
5.000000000000000000e+00 4.620230235710122813e+00
2.000000000000000000e+00 3.682436507042877505e+00
5.000000000000000000e+00 1.389063574124288714e+00
5.000000000000000000e+00 5.166847469313500696e+00
2.000000000000000000e+00 2.498503142760432283e+00
2.000000000000000000e+00 2.363609079545695657e+00
5.000000000000000000e+00 6.287980129946988406e+00
5.000000000000000000e+00 4.265602611268138666e+00
2.000000000000000000e+00 2.495165926388073885e+00
3.000000000000000000e+00 2.495236103809524320e+00
5.000000000000000000e+00 2.978260143649447134e+00
2.000000000000000000e+00 5.557929830706653362e+00
2.000000000000000000e+00 4.088043206638674931e+00
5.000000000000000000e+00 1.249397557607175857e+00
2.000000000000000000e+00 3.720060521680075727e+00
5.000000000000000000e+00 2.166802964106118612e+00
2.000000000000000000e+00 5.140892813449047694e+00
2.000000000000000000e+00 4.834162827874850521e+00
5.000000000000000000e+00 2.284606610462428300e+00
3.000000000000000000e+00 2.456408735468476490e+00
5.000000000000000000e+00 5.267693237024568376e+00
3.000000000000000000e+00 3.534305287088846281e+00
3.000000000000000000e+00 4.635985226099868406e+00
5.000000000000000000e+00 1.341677380754503934e+00
3.000000000000000000e+00 3.051259718337226534e+00
2.000000000000000000e+00 2.274330206827765544e+00
3.000000000000000000e+00 1.539416582405182421e+00
2.000000000000000000e+00 1.036951383101595292e+00
2.000000000000000000e+00 2.399652667260214756e+00
3.000000000000000000e+00 7.446505902371449714e-01
5.000000000000000000e+00 2.234380547974369691e+00
3.000000000000000000e+00 1.586368430806674112e+00
3.000000000000000000e+00 3.081758259930901467e+00
2.000000000000000000e+00 4.601245518472360629e+00
3.000000000000000000e+00 1.113980740379795664e+00
5.000000000000000000e+00 5.248007511686549442e+00
2.000000000000000000e+00 3.445228579506973698e+00
3.000000000000000000e+00 4.208961985270092576e+00
5.000000000000000000e+00 3.756121918608285259e+00
2.000000000000000000e+00 1.739377547883938169e+00
2.000000000000000000e+00 3.207858125039068309e+00
2.000000000000000000e+00 3.964624913218625313e+00
2.000000000000000000e+00 4.438521640779124589e+00
2.000000000000000000e+00 2.716264982412604390e+00
3.000000000000000000e+00 5.156573320449117759e+00
5.000000000000000000e+00 4.522471830860559372e+00
2.000000000000000000e+00 5.329060226033329961e+00
5.000000000000000000e+00 8.608792884961322667e-01
3.000000000000000000e+00 3.722989156791040255e+00
3.000000000000000000e+00 5.248933202700859502e-01
3.000000000000000000e+00 3.712499230460808430e+00
2.000000000000000000e+00 4.581039269474153741e+00
3.000000000000000000e+00 1.391958568965897758e+00
2.000000000000000000e+00 5.518700970197470745e+00
5.000000000000000000e+00 5.852442729395905818e-01
3.000000000000000000e+00 3.848753953713751397e+00
3.000000000000000000e+00 7.945094089458129005e-01
2.000000000000000000e+00 1.052296931198504648e+00
3.000000000000000000e+00 3.144542448965921722e+00
3.000000000000000000e+00 2.493439989093163778e+00
3.000000000000000000e+00 2.769172966670245373e+00
3.000000000000000000e+00 3.147290282964376740e+00
5.000000000000000000e+00 4.234667349673443049e+00
3.000000000000000000e+00 1.845725707129586501e+00
5.000000000000000000e+00 2.130968431180495060e+00
2.000000000000000000e+00 3.403046137883671385e+00
2.000000000000000000e+00 5.301065167161298497e+00
3.000000000000000000e+00 2.901030463421353289e+00
5.000000000000000000e+00 4.684743171611037482e+00
5.000000000000000000e+00 4.610347806926208492e+00
2.000000000000000000e+00 4.615817897315772633e+00
5.000000000000000000e+00 2.032241867605656171e+00
2.000000000000000000e+00 4.903595046847826211e-01
5.000000000000000000e+00 3.352974808530658990e+00
3.000000000000000000e+00 3.263196956919574898e+00
2.000000000000000000e+00 2.410876951590680051e+00
3.000000000000000000e+00 1.554110500089094016e+00
5.000000000000000000e+00 1.896020938217017449e+00
5.000000000000000000e+00 1.671263840421784774e+00
5.000000000000000000e+00 1.944113440422996053e+00
5.000000000000000000e+00 3.026992743352039827e+00
3.000000000000000000e+00 1.098052470024565075e+00
2.000000000000000000e+00 1.744686078536767049e+00
3.000000000000000000e+00 1.099972986645229023e+00
5.000000000000000000e+00 2.849904658726735818e+00
3.000000000000000000e+00 2.506077567191946631e+00
3.000000000000000000e+00 2.662624945169343782e+00
5.000000000000000000e+00 1.961060073542170601e+00
3.000000000000000000e+00 2.741465338689300868e+00
5.000000000000000000e+00 1.006214710360985531e+00
2.000000000000000000e+00 2.300458568537155468e+00
5.000000000000000000e+00 1.157519218674993189e+00
3.000000000000000000e+00 1.720682577387772971e+00
3.000000000000000000e+00 2.897336532179174196e+00
2.000000000000000000e+00 1.199369893949981281e+00
2.000000000000000000e+00 1.076674508950601572e+00
3.000000000000000000e+00 1.368496660924172215e+00
3.000000000000000000e+00 3.373612819512419758e+00
3.000000000000000000e+00 2.381072227683430409e+00
5.000000000000000000e+00 1.878770588719742340e+00
5.000000000000000000e+00 4.134061567492773648e+00
5.000000000000000000e+00 5.509197068977996992e+00
3.000000000000000000e+00 2.343105178488797513e+00
2.000000000000000000e+00 2.181912847256985977e+00
5.000000000000000000e+00 1.819663460802306565e+00
5.000000000000000000e+00 3.455870530916806516e+00
2.000000000000000000e+00 4.507410276301382801e+00
5.000000000000000000e+00 1.944273400706467259e+00
3.000000000000000000e+00 2.926944052930448681e+00
5.000000000000000000e+00 2.170522205164687968e+00
5.000000000000000000e+00 2.266691298459111881e+00
2.000000000000000000e+00 4.844228369070592954e+00
3.000000000000000000e+00 4.404027339354289472e-01
5.000000000000000000e+00 1.123778441858929833e+00
3.000000000000000000e+00 2.346192515338848761e+00
5.000000000000000000e+00 2.970851848157245900e+00
3.000000000000000000e+00 1.496279241986451902e+00
3.000000000000000000e+00 3.746484297555122023e+00
3.000000000000000000e+00 1.239219456787327589e+00
3.000000000000000000e+00 3.151737189152817642e+00
2.000000000000000000e+00 4.566692034956390422e+00
5.000000000000000000e+00 2.049368691039591628e+00
3.000000000000000000e+00 3.625279906638899430e+00
3.000000000000000000e+00 5.082208654761760869e+00
3.000000000000000000e+00 2.843787661533165867e+00
5.000000000000000000e+00 5.158179081454290493e-01
2.000000000000000000e+00 4.534255747002216452e+00
3.000000000000000000e+00 2.429753403190951122e+00
2.000000000000000000e+00 2.782890907790178225e+00
2.000000000000000000e+00 1.764530562222137666e+00
3.000000000000000000e+00 4.753765106867513524e+00
2.000000000000000000e+00 2.740864886901103414e+00
2.000000000000000000e+00 4.498438724928353061e+00
5.000000000000000000e+00 6.024705533653065714e+00
5.000000000000000000e+00 3.413401032772144905e+00
5.000000000000000000e+00 5.416730693696522714e+00
2.000000000000000000e+00 1.538071559509054165e+00
2.000000000000000000e+00 8.108126962244168734e-01
3.000000000000000000e+00 4.669346648730803295e+00
2.000000000000000000e+00 2.217041779362347587e+00
5.000000000000000000e+00 3.754665807011323686e+00
2.000000000000000000e+00 1.898632226994233285e+00
3.000000000000000000e+00 3.230466588021399410e+00
3.000000000000000000e+00 4.356407665080694436e+00
2.000000000000000000e+00 1.930991808069589255e-01
3.000000000000000000e+00 4.284269914153182590e+00
3.000000000000000000e+00 3.850390690617944589e+00
3.000000000000000000e+00 4.114088817120691299e-01
3.000000000000000000e+00 1.438255115652950389e+00
3.000000000000000000e+00 3.351698007405680357e+00
5.000000000000000000e+00 3.030648544541397538e+00
3.000000000000000000e+00 2.443305388106817411e+00
3.000000000000000000e+00 2.884880530760649542e+00
2.000000000000000000e+00 3.522848607319524650e+00
3.000000000000000000e+00 4.189064513219183716e+00
3.000000000000000000e+00 2.858910705848907607e+00
3.000000000000000000e+00 2.204248797037268837e+00
3.000000000000000000e+00 3.542442236959850721e+00
2.000000000000000000e+00 7.961879464727048550e-01
2.000000000000000000e+00 5.021158040823863189e+00
5.000000000000000000e+00 4.429762639598993523e+00
3.000000000000000000e+00 1.836338659649555449e+00
3.000000000000000000e+00 3.729051562346433535e+00
3.000000000000000000e+00 1.043334999009148278e+00
3.000000000000000000e+00 1.768563544328468629e-01
5.000000000000000000e+00 1.532273867865519446e+00
2.000000000000000000e+00 1.591762021054547116e+00
2.000000000000000000e+00 3.670367292443045493e+00
2.000000000000000000e+00 4.717995923960890181e+00
3.000000000000000000e+00 4.290508162470947795e+00
5.000000000000000000e+00 1.861536621035547068e+00
3.000000000000000000e+00 2.430398910416135649e+00
5.000000000000000000e+00 1.067620205560853908e+00
2.000000000000000000e+00 1.279184805998730301e+00
5.000000000000000000e+00 3.782365133691218961e+00
3.000000000000000000e+00 2.686358089968418739e+00
5.000000000000000000e+00 1.653912802635757240e+00
3.000000000000000000e+00 3.659596189561905799e+00
2.000000000000000000e+00 1.400011168425084440e+00
3.000000000000000000e+00 1.762775264173538581e+00
5.000000000000000000e+00 3.017077466815121234e+00
5.000000000000000000e+00 3.321977745343779986e+00
2.000000000000000000e+00 1.835126898268670592e+00
2.000000000000000000e+00 2.185769939893857483e+00
2.000000000000000000e+00 4.752966752835610542e+00
3.000000000000000000e+00 1.313129308071247170e+00
3.000000000000000000e+00 4.146971674889431192e+00
5.000000000000000000e+00 1.035372811691926964e+00
3.000000000000000000e+00 1.253033387130349841e+00
2.000000000000000000e+00 4.891886493839960437e+00
3.000000000000000000e+00 3.337045240346827590e+00
3.000000000000000000e+00 3.500017086764334984e+00
5.000000000000000000e+00 4.306270007225285745e+00
2.000000000000000000e+00 1.034840569098239405e+00
5.000000000000000000e+00 3.723569210172602340e+00
2.000000000000000000e+00 2.389424338667060166e+00
3.000000000000000000e+00 4.443914193730738482e+00
2.000000000000000000e+00 3.704379868507821527e+00
5.000000000000000000e+00 2.863798562677074333e+00
5.000000000000000000e+00 5.256085028549848381e+00
2.000000000000000000e+00 1.590757383404160397e+00
2.000000000000000000e+00 2.596982032283145170e+00
3.000000000000000000e+00 1.926633145734760522e+00
3.000000000000000000e+00 3.262746748644717254e+00
2.000000000000000000e+00 5.222414068667294629e+00
5.000000000000000000e+00 2.728587793142621454e+00
2.000000000000000000e+00 2.119401620083443127e+00
3.000000000000000000e+00 2.700393201833239498e+00
3.000000000000000000e+00 3.854489840049974525e+00
2.000000000000000000e+00 1.989854841478974290e+00
2.000000000000000000e+00 2.874448161925823086e+00
2.000000000000000000e+00 4.044693820308060239e+00
5.000000000000000000e+00 3.236412895011042679e+00
2.000000000000000000e+00 2.038087447352531445e+00
5.000000000000000000e+00 2.361119950937059286e+00
2.000000000000000000e+00 1.823671196412126605e+00
2.000000000000000000e+00 2.777688920899305636e+00
5.000000000000000000e+00 2.968923549009455432e+00
5.000000000000000000e+00 2.643923431377684263e+00
2.000000000000000000e+00 3.168547133285051665e+00
2.000000000000000000e+00 4.720305503165409533e+00
3.000000000000000000e+00 1.572596074630809193e+00
3.000000000000000000e+00 3.637110268062506702e+00
5.000000000000000000e+00 2.242275190249538586e+00
2.000000000000000000e+00 1.508061383900347163e+00
2.000000000000000000e+00 4.162651153292112660e+00
5.000000000000000000e+00 4.680332476654965213e+00
5.000000000000000000e+00 1.824665734990264854e+00
3.000000000000000000e+00 5.515931800058682555e+00
3.000000000000000000e+00 1.713809855840503937e+00
3.000000000000000000e+00 1.869172419530632734e+00
5.000000000000000000e+00 4.442236520261964472e+00
3.000000000000000000e+00 1.371891895960509533e+00
2.000000000000000000e+00 2.967773045009881816e+00
2.000000000000000000e+00 2.520841373301343946e+00
5.000000000000000000e+00 3.157727929817417234e+00
5.000000000000000000e+00 1.571064782460521503e+00
3.000000000000000000e+00 2.914202354055058120e+00
2.000000000000000000e+00 3.234716044495499432e+00
2.000000000000000000e+00 9.737662631819876680e-01
2.000000000000000000e+00 1.634873417949858299e+00
3.000000000000000000e+00 4.162764501015920438e+00
5.000000000000000000e+00 2.800061687552483747e+00
2.000000000000000000e+00 3.952972686160912907e+00
3.000000000000000000e+00 2.836839552541135845e+00
3.000000000000000000e+00 2.151316850829610328e+00
3.000000000000000000e+00 3.240920595313888430e+00
3.000000000000000000e+00 3.484680312800594759e+00
5.000000000000000000e+00 4.109122417731400745e+00
3.000000000000000000e+00 1.489061946054238028e+00
5.000000000000000000e+00 3.910774882070719549e+00
2.000000000000000000e+00 3.377052939000237508e+00
5.000000000000000000e+00 4.352922498908710303e+00
2.000000000000000000e+00 3.444537002641699708e+00
2.000000000000000000e+00 2.444746136393912916e+00
5.000000000000000000e+00 4.508104955609292475e+00
2.000000000000000000e+00 1.516013064474300620e+00
2.000000000000000000e+00 3.250800206578755347e+00
2.000000000000000000e+00 4.192975166794078667e+00
2.000000000000000000e+00 2.096722981976772981e+00
2.000000000000000000e+00 1.502598627661512420e+00
3.000000000000000000e+00 3.194648879432927746e+00
5.000000000000000000e+00 2.929430569176268762e+00
5.000000000000000000e+00 4.457463422400473441e+00
2.000000000000000000e+00 1.912474199142849551e+00
0.000000000000000000e+00 1.516895285746512334e+00
0.000000000000000000e+00 3.595258307875567549e+00
1.000000000000000000e+00 2.371544387700349255e+00
4.000000000000000000e+00 1.846367916312851853e-01
0.000000000000000000e+00 3.350662047102534569e+00
4.000000000000000000e+00 4.214911924581242531e+00
1.000000000000000000e+00 1.329002545959993009e+00
1.000000000000000000e+00 1.709600650707012059e+00
0.000000000000000000e+00 1.737370035573505334e+00
1.000000000000000000e+00 1.327877335835339290e+00
4.000000000000000000e+00 2.398872986887400582e+00
0.000000000000000000e+00 4.964936782778820223e+00
1.000000000000000000e+00 2.513108270122828447e+00
4.000000000000000000e+00 3.548268670088599031e+00
0.000000000000000000e+00 4.577707670926817407e+00
1.000000000000000000e+00 2.814408532455070500e+00
4.000000000000000000e+00 1.994492591073260934e+00
1.000000000000000000e+00 4.293801455232924447e+00
4.000000000000000000e+00 4.220216952323117887e+00
1.000000000000000000e+00 1.801435389264753661e+00
0.000000000000000000e+00 3.895353651855744559e+00
1.000000000000000000e+00 3.049653316770837286e+00
4.000000000000000000e+00 3.666557405527383739e+00
4.000000000000000000e+00 1.768330301806167126e+00
0.000000000000000000e+00 2.448599284237592322e+00
1.000000000000000000e+00 5.619410980085293161e+00
1.000000000000000000e+00 5.042651211671433487e+00
0.000000000000000000e+00 4.302462764525603944e+00
4.000000000000000000e+00 2.737510594360037963e+00
0.000000000000000000e+00 4.564062150427187881e+00
0.000000000000000000e+00 3.666596429737223772e+00
0.000000000000000000e+00 1.137065347063267007e+00
0.000000000000000000e+00 3.158270989972049136e+00
1.000000000000000000e+00 3.032750451169066164e+00
0.000000000000000000e+00 2.958084701194220845e+00
0.000000000000000000e+00 3.868865076667901803e+00
1.000000000000000000e+00 2.030362153123222324e+00
1.000000000000000000e+00 3.854016804455857148e+00
0.000000000000000000e+00 1.041134732520369477e+00
1.000000000000000000e+00 2.473303767277924781e+00
1.000000000000000000e+00 3.431390893441491841e+00
0.000000000000000000e+00 2.638237913880951080e+00
0.000000000000000000e+00 2.684392055954209155e+00
0.000000000000000000e+00 3.259835014357409744e+00
1.000000000000000000e+00 3.693507954698350471e+00
0.000000000000000000e+00 3.047590156332415479e+00
1.000000000000000000e+00 1.430889775019678067e+00
1.000000000000000000e+00 1.505104751355522463e+00
4.000000000000000000e+00 1.609670762177445091e+00
1.000000000000000000e+00 4.427503332266533143e+00
1.000000000000000000e+00 2.797163471471932894e+00
1.000000000000000000e+00 3.547050795875780871e+00
0.000000000000000000e+00 4.636806316771564518e+00
4.000000000000000000e+00 4.347791878751997352e+00
4.000000000000000000e+00 1.492937881522523158e+00
0.000000000000000000e+00 2.126943975766687256e+00
1.000000000000000000e+00 1.954696401954287843e+00
1.000000000000000000e+00 7.353211817606482015e-01
0.000000000000000000e+00 1.325124664206106972e+00
4.000000000000000000e+00 3.037102849001364291e+00
1.000000000000000000e+00 2.637291526140778775e+00
1.000000000000000000e+00 2.101515962556951500e+00
4.000000000000000000e+00 3.244377405389274660e+00
1.000000000000000000e+00 1.231846403400033596e+00
0.000000000000000000e+00 2.134033940279069341e+00
4.000000000000000000e+00 3.097483304388462866e+00
4.000000000000000000e+00 4.313551476623289638e+00
4.000000000000000000e+00 4.192521573514389033e+00
1.000000000000000000e+00 5.307858949526119474e+00
4.000000000000000000e+00 9.302892609657017475e-01
0.000000000000000000e+00 8.013225974024389409e-01
0.000000000000000000e+00 1.380418318955366486e+00
1.000000000000000000e+00 3.411416019338409100e+00
0.000000000000000000e+00 2.830000735638562581e+00
1.000000000000000000e+00 4.086285475222758201e+00
0.000000000000000000e+00 3.827303738213959416e+00
4.000000000000000000e+00 4.408454038878955039e+00
1.000000000000000000e+00 5.466991685237498899e+00
4.000000000000000000e+00 2.233984691978782688e+00
4.000000000000000000e+00 3.479660191096222821e+00
1.000000000000000000e+00 2.150735785085738705e+00
4.000000000000000000e+00 2.735165456110048687e+00
0.000000000000000000e+00 4.090971982348423630e+00
0.000000000000000000e+00 3.500308821456636466e+00
4.000000000000000000e+00 4.046324268221891174e+00
1.000000000000000000e+00 2.553760090130404059e+00
0.000000000000000000e+00 2.532360185807172037e+00
0.000000000000000000e+00 2.342384822754331353e+00
4.000000000000000000e+00 9.544785461434757146e-01
1.000000000000000000e+00 4.483680131932204382e+00
0.000000000000000000e+00 3.291385899496600320e+00
4.000000000000000000e+00 1.335982070205149919e+00
4.000000000000000000e+00 1.542913997497303624e+00
4.000000000000000000e+00 3.725072539895199153e+00
1.000000000000000000e+00 2.463851241882869747e+00
1.000000000000000000e+00 1.123910282975120856e+00
0.000000000000000000e+00 3.596911938819646881e+00
4.000000000000000000e+00 2.675788851211358566e+00
4.000000000000000000e+00 4.345606085110971684e+00
0.000000000000000000e+00 2.387951514995604541e+00
1.000000000000000000e+00 2.426050758975825339e+00
1.000000000000000000e+00 2.009613947361913677e+00
4.000000000000000000e+00 3.157097870873188494e+00
1.000000000000000000e+00 2.916586826537895250e-01
4.000000000000000000e+00 2.624908064154755749e+00
4.000000000000000000e+00 4.509109137067210504e+00
4.000000000000000000e+00 3.105905585099856037e+00
0.000000000000000000e+00 1.095119398311391379e+00
0.000000000000000000e+00 1.993317445123056197e+00
1.000000000000000000e+00 1.618353515121911279e+00
1.000000000000000000e+00 3.433154116080955998e+00
0.000000000000000000e+00 3.613274231280564130e+00
0.000000000000000000e+00 3.341398241677024927e+00
1.000000000000000000e+00 2.583332479277105964e+00
0.000000000000000000e+00 5.443540083723517498e+00
1.000000000000000000e+00 1.424627947841440090e+00
0.000000000000000000e+00 1.434349048462617349e+00
4.000000000000000000e+00 2.374098859477454138e+00
1.000000000000000000e+00 4.634420476217030682e+00
1.000000000000000000e+00 4.698664717593260320e+00
0.000000000000000000e+00 2.837822028300099220e+00
1.000000000000000000e+00 6.851736592135095893e-01
4.000000000000000000e+00 4.980281783115469985e+00
1.000000000000000000e+00 2.398036501119721553e+00
0.000000000000000000e+00 4.539881856809484084e+00
0.000000000000000000e+00 1.930886961118428058e+00
0.000000000000000000e+00 2.066171309623636265e+00
1.000000000000000000e+00 4.751908525772490677e+00
1.000000000000000000e+00 2.012737941707443579e+00
4.000000000000000000e+00 3.178451892569683412e+00
1.000000000000000000e+00 7.381454190719903830e-01
1.000000000000000000e+00 4.280553760238847261e+00
4.000000000000000000e+00 4.826366860791353020e+00
4.000000000000000000e+00 4.514678063143877096e-01
4.000000000000000000e+00 4.098751823516516346e+00
4.000000000000000000e+00 1.882861317480775565e+00
1.000000000000000000e+00 2.490502535855015243e+00
0.000000000000000000e+00 4.628927116463535718e+00
4.000000000000000000e+00 2.536231133065005583e+00
0.000000000000000000e+00 5.390234023557834320e+00
0.000000000000000000e+00 2.373179959708274112e+00
4.000000000000000000e+00 2.821422517151789044e+00
0.000000000000000000e+00 3.743765351214409787e-01
4.000000000000000000e+00 2.281373967858926655e+00
4.000000000000000000e+00 4.511198010674942083e+00
0.000000000000000000e+00 4.084940324656141541e+00
0.000000000000000000e+00 3.158411066465215633e+00
1.000000000000000000e+00 9.498514586607710308e-01
1.000000000000000000e+00 2.054135603730232962e+00
1.000000000000000000e+00 3.028988412568269784e+00
0.000000000000000000e+00 2.853363460156428388e+00
1.000000000000000000e+00 2.655769748767513150e+00
4.000000000000000000e+00 9.029537946931609493e-01
1.000000000000000000e+00 2.235188985412794871e+00
1.000000000000000000e+00 5.243633380296719437e+00
1.000000000000000000e+00 9.037708006792803950e-01
0.000000000000000000e+00 1.571142956245514366e+00
0.000000000000000000e+00 2.759663205052947266e+00
0.000000000000000000e+00 4.723832252461451553e+00
0.000000000000000000e+00 2.932008838485224089e+00
0.000000000000000000e+00 1.636123717280692835e+00
1.000000000000000000e+00 5.745582174592556157e+00
0.000000000000000000e+00 3.273950823348861228e+00
4.000000000000000000e+00 4.093434456939489152e+00
0.000000000000000000e+00 4.827996622538845983e+00
0.000000000000000000e+00 8.545402049131614053e-01
0.000000000000000000e+00 2.300991182489677378e+00
1.000000000000000000e+00 1.890132612515093458e+00
1.000000000000000000e+00 2.414302000049397545e+00
1.000000000000000000e+00 5.765151721696044618e+00
0.000000000000000000e+00 8.793662870145576571e-01
0.000000000000000000e+00 2.613660201861713883e+00
0.000000000000000000e+00 1.601112839162288637e+00
1.000000000000000000e+00 1.939047770128734971e+00
1.000000000000000000e+00 3.806615797332355999e+00
4.000000000000000000e+00 2.751337302782495886e+00
4.000000000000000000e+00 2.827979535958618840e+00
4.000000000000000000e+00 3.758245866636003907e+00
4.000000000000000000e+00 4.629019600794467948e+00
0.000000000000000000e+00 1.173182676231868810e-01
1.000000000000000000e+00 2.355831006298513941e+00
4.000000000000000000e+00 1.996010410225500742e+00
0.000000000000000000e+00 3.047706549044209456e+00
1.000000000000000000e+00 9.530485002607275158e-01
4.000000000000000000e+00 3.722786661759311055e+00
1.000000000000000000e+00 3.451296008383543334e+00
4.000000000000000000e+00 2.433414955198929253e+00
0.000000000000000000e+00 5.705845433279827184e+00
1.000000000000000000e+00 3.266786608736288233e+00
0.000000000000000000e+00 4.867971984716632505e+00
4.000000000000000000e+00 2.261673823015360463e-01
4.000000000000000000e+00 4.490142057451667945e+00
4.000000000000000000e+00 1.546711817400116873e+00
0.000000000000000000e+00 1.880474042307046290e+00
4.000000000000000000e+00 8.213129043293901921e-01
0.000000000000000000e+00 3.573788202387837565e+00
0.000000000000000000e+00 2.886590065955974449e+00
1.000000000000000000e+00 3.423357243396726535e+00
4.000000000000000000e+00 9.060285131408347681e-01
4.000000000000000000e+00 3.388780657133883434e+00
4.000000000000000000e+00 2.376945192502458060e+00
0.000000000000000000e+00 3.112154279151317038e+00
0.000000000000000000e+00 4.254971148824694183e+00
1.000000000000000000e+00 2.807229732982202020e+00
1.000000000000000000e+00 1.261735188211912329e+00
4.000000000000000000e+00 3.724803686633630484e+00
0.000000000000000000e+00 6.374956524145255488e-01
0.000000000000000000e+00 2.105586560823411446e+00
1.000000000000000000e+00 1.095224083249378699e+00
4.000000000000000000e+00 1.292344175429734232e+00
1.000000000000000000e+00 3.381255754923599088e+00
4.000000000000000000e+00 1.949267328404255872e+00
4.000000000000000000e+00 1.709666188766501227e+00
4.000000000000000000e+00 2.913160612296401109e+00
4.000000000000000000e+00 2.397450962165039723e+00
1.000000000000000000e+00 3.606563672468257931e+00
4.000000000000000000e+00 3.396721556384493468e+00
1.000000000000000000e+00 1.246969118093407936e+00
0.000000000000000000e+00 3.329064335736954039e+00
4.000000000000000000e+00 2.637735201167465959e+00
1.000000000000000000e+00 2.060591322636294187e+00
4.000000000000000000e+00 1.233268407318463877e+00
4.000000000000000000e+00 2.046876222204351947e+00
1.000000000000000000e+00 1.838125762933147112e+00
1.000000000000000000e+00 2.854824782756804957e+00
0.000000000000000000e+00 8.504943956499649849e-01
4.000000000000000000e+00 3.667134953326049551e+00
1.000000000000000000e+00 3.834644724051484488e+00
1.000000000000000000e+00 6.041506245389113516e+00
1.000000000000000000e+00 3.508716224220027158e+00
0.000000000000000000e+00 8.365633329657663486e-01
0.000000000000000000e+00 3.007957119958061032e+00
4.000000000000000000e+00 2.484890741766618394e+00
1.000000000000000000e+00 2.309172018305092333e+00
1.000000000000000000e+00 7.990799675305114702e-01
1.000000000000000000e+00 4.762760571171488877e+00
0.000000000000000000e+00 3.682436507042882390e+00
1.000000000000000000e+00 1.499774128720624100e+00
1.000000000000000000e+00 5.307835650399720606e+00
0.000000000000000000e+00 2.498503142760432283e+00
0.000000000000000000e+00 2.363609079545690772e+00
1.000000000000000000e+00 6.153556029540909300e+00
1.000000000000000000e+00 4.379198479747965500e+00
0.000000000000000000e+00 2.495165926388077438e+00
4.000000000000000000e+00 2.418042151349436786e+00
1.000000000000000000e+00 3.120893080344760318e+00
0.000000000000000000e+00 5.557929830706648033e+00
0.000000000000000000e+00 4.088043206638670490e+00
1.000000000000000000e+00 1.390370607384395996e+00
0.000000000000000000e+00 3.720060521680071286e+00
1.000000000000000000e+00 2.162091563017976892e+00
0.000000000000000000e+00 5.140892813449052134e+00
0.000000000000000000e+00 4.834162827874854962e+00
1.000000000000000000e+00 2.146219561705219547e+00
4.000000000000000000e+00 2.577994726691804406e+00
1.000000000000000000e+00 5.128148132525230274e+00
4.000000000000000000e+00 3.611498041073922138e+00
4.000000000000000000e+00 4.614671915981960026e+00
1.000000000000000000e+00 1.478702030164973369e+00
4.000000000000000000e+00 3.028067970833946188e+00
0.000000000000000000e+00 2.274330206827762879e+00
4.000000000000000000e+00 1.623789085153418021e+00
0.000000000000000000e+00 1.036951383101595292e+00
0.000000000000000000e+00 2.399652667260219641e+00
4.000000000000000000e+00 6.147862871010758568e-01
1.000000000000000000e+00 2.135689815158958282e+00
4.000000000000000000e+00 1.556671604899761530e+00
4.000000000000000000e+00 3.164508606879110619e+00
0.000000000000000000e+00 4.601245518472365070e+00
4.000000000000000000e+00 1.217964905256355923e+00
1.000000000000000000e+00 5.111736647437171044e+00
0.000000000000000000e+00 3.445228579506968813e+00
4.000000000000000000e+00 4.264669044181962576e+00
1.000000000000000000e+00 3.854285095674814254e+00
0.000000000000000000e+00 1.739377547883936836e+00
0.000000000000000000e+00 3.207858125039073638e+00
0.000000000000000000e+00 3.964624913218628421e+00
0.000000000000000000e+00 4.438521640779119259e+00
0.000000000000000000e+00 2.716264982412602169e+00
4.000000000000000000e+00 5.160908798385432483e+00
1.000000000000000000e+00 4.659765209458467616e+00
0.000000000000000000e+00 5.329060226033325520e+00
1.000000000000000000e+00 9.872716656648137246e-01
4.000000000000000000e+00 3.734453714205129060e+00
4.000000000000000000e+00 4.009697060386303580e-01
4.000000000000000000e+00 3.783660520402312599e+00
0.000000000000000000e+00 4.581039269474148412e+00
4.000000000000000000e+00 1.301495016225540979e+00
0.000000000000000000e+00 5.518700970197475186e+00
1.000000000000000000e+00 5.776599751346543909e-01
4.000000000000000000e+00 3.838436180173779189e+00
4.000000000000000000e+00 7.686939805793168157e-01
0.000000000000000000e+00 1.052296931198499319e+00
4.000000000000000000e+00 3.087007753244303654e+00
4.000000000000000000e+00 2.447655730563202070e+00
4.000000000000000000e+00 2.801617635091666170e+00
4.000000000000000000e+00 3.111196311046006802e+00
1.000000000000000000e+00 4.352610411403065704e+00
4.000000000000000000e+00 1.843702660005962723e+00
1.000000000000000000e+00 2.013524430315638103e+00
0.000000000000000000e+00 3.403046137883667388e+00
0.000000000000000000e+00 5.301065167161302938e+00
4.000000000000000000e+00 2.976537893540363022e+00
1.000000000000000000e+00 4.549176085138578962e+00
1.000000000000000000e+00 4.743401095785592325e+00
0.000000000000000000e+00 4.615817897315768192e+00
1.000000000000000000e+00 2.153881768542341479e+00
0.000000000000000000e+00 4.903595046847835093e-01
1.000000000000000000e+00 3.219402971040099537e+00
4.000000000000000000e+00 3.260244683512053321e+00
0.000000000000000000e+00 2.410876951590684936e+00
4.000000000000000000e+00 1.431598923682470881e+00
1.000000000000000000e+00 2.022160828272412836e+00
1.000000000000000000e+00 1.528859118553377083e+00
1.000000000000000000e+00 2.078166281600291931e+00
1.000000000000000000e+00 3.158528808997588033e+00
4.000000000000000000e+00 9.829135762741804117e-01
0.000000000000000000e+00 1.744686078536762608e+00
4.000000000000000000e+00 9.718371455172969409e-01
1.000000000000000000e+00 2.990916869405775280e+00
4.000000000000000000e+00 2.427551463300387624e+00
4.000000000000000000e+00 2.627158925563948699e+00
1.000000000000000000e+00 1.855744080363553428e+00
4.000000000000000000e+00 2.815325627061471714e+00
1.000000000000000000e+00 9.359795710285870873e-01
0.000000000000000000e+00 2.300458568537155468e+00
1.000000000000000000e+00 1.189531029003555229e+00
4.000000000000000000e+00 1.705993469265219442e+00
4.000000000000000000e+00 2.974285494690286136e+00
0.000000000000000000e+00 1.199369893949976174e+00
0.000000000000000000e+00 1.076674508950599796e+00
4.000000000000000000e+00 1.243210000268382132e+00
4.000000000000000000e+00 3.416533066270220687e+00
4.000000000000000000e+00 2.394320545249756016e+00
1.000000000000000000e+00 1.742315806501866904e+00
1.000000000000000000e+00 4.273935833477003676e+00
1.000000000000000000e+00 5.368803757544840849e+00
4.000000000000000000e+00 2.407560033106599828e+00
0.000000000000000000e+00 2.181912847256985089e+00
1.000000000000000000e+00 1.824452906084221171e+00
1.000000000000000000e+00 3.319787190473743266e+00
0.000000000000000000e+00 4.507410276301388130e+00
1.000000000000000000e+00 1.996857085043439728e+00
4.000000000000000000e+00 2.896949204939740952e+00
1.000000000000000000e+00 2.029113190137664002e+00
1.000000000000000000e+00 2.131130304050769197e+00
0.000000000000000000e+00 4.844228369070589402e+00
4.000000000000000000e+00 5.721416748319374523e-01
1.000000000000000000e+00 1.261915768839730667e+00
4.000000000000000000e+00 2.345640105817209609e+00
1.000000000000000000e+00 3.085888897942586695e+00
4.000000000000000000e+00 1.532466243232847303e+00
4.000000000000000000e+00 3.799698697162267713e+00
4.000000000000000000e+00 1.267720578515722174e+00
4.000000000000000000e+00 3.155013664000404283e+00
0.000000000000000000e+00 4.566692034956395752e+00
1.000000000000000000e+00 2.164424807124710526e+00
4.000000000000000000e+00 3.612460576582296135e+00
4.000000000000000000e+00 5.094302763401420187e+00
4.000000000000000000e+00 2.791958977169154643e+00
1.000000000000000000e+00 5.128618491213030595e-01
0.000000000000000000e+00 4.534255747002211123e+00
4.000000000000000000e+00 2.373318624688739664e+00
0.000000000000000000e+00 2.782890907790183110e+00
0.000000000000000000e+00 1.764530562222133225e+00
4.000000000000000000e+00 4.772059358230006154e+00
0.000000000000000000e+00 2.740864886901098085e+00
0.000000000000000000e+00 4.498438724928349508e+00
1.000000000000000000e+00 5.888768965176867987e+00
1.000000000000000000e+00 3.548940839992334784e+00
1.000000000000000000e+00 5.279377634248774598e+00
0.000000000000000000e+00 1.538071559509053055e+00
0.000000000000000000e+00 8.108126962244214253e-01
4.000000000000000000e+00 4.659529131317836637e+00
0.000000000000000000e+00 2.217041779362352916e+00
1.000000000000000000e+00 3.612306794252347686e+00
0.000000000000000000e+00 1.898632226994229288e+00
4.000000000000000000e+00 3.262586162670027434e+00
4.000000000000000000e+00 4.299009426386296795e+00
0.000000000000000000e+00 1.930991808069551507e-01
4.000000000000000000e+00 4.254847167468770230e+00
4.000000000000000000e+00 3.903862186781447363e+00
4.000000000000000000e+00 5.115403387455165207e-01
4.000000000000000000e+00 1.315762032299690132e+00
4.000000000000000000e+00 3.332134633683599745e+00
1.000000000000000000e+00 2.963873604410288909e+00
4.000000000000000000e+00 2.574947497503928151e+00
4.000000000000000000e+00 2.838316541990081543e+00
0.000000000000000000e+00 3.522848607319528647e+00
4.000000000000000000e+00 4.120375612794475728e+00
4.000000000000000000e+00 2.841107064443647801e+00
4.000000000000000000e+00 2.333214335449367294e+00
4.000000000000000000e+00 3.493255395262786500e+00
0.000000000000000000e+00 7.961879464727040778e-01
0.000000000000000000e+00 5.021158040823867630e+00
1.000000000000000000e+00 4.572404207798823172e+00
4.000000000000000000e+00 1.795257770910448247e+00
4.000000000000000000e+00 3.669476368081145523e+00
4.000000000000000000e+00 1.029857595569409145e+00
4.000000000000000000e+00 2.440999651951902272e-01
1.000000000000000000e+00 1.617610577128509419e+00
0.000000000000000000e+00 1.591762021054551335e+00
0.000000000000000000e+00 3.670367292443041496e+00
0.000000000000000000e+00 4.717995923960885740e+00
4.000000000000000000e+00 4.240621857670205053e+00
1.000000000000000000e+00 1.718879057770021701e+00
4.000000000000000000e+00 2.524086860552961387e+00
1.000000000000000000e+00 1.182015218127158374e+00
0.000000000000000000e+00 1.279184805998725860e+00
1.000000000000000000e+00 3.668819882775657515e+00
4.000000000000000000e+00 2.777559996728451885e+00
1.000000000000000000e+00 1.616701021501559588e+00
4.000000000000000000e+00 3.664373628900279734e+00
0.000000000000000000e+00 1.400011168425085106e+00
4.000000000000000000e+00 1.753643349219643710e+00
1.000000000000000000e+00 3.159088712122009923e+00
1.000000000000000000e+00 3.457214135662981302e+00
0.000000000000000000e+00 1.835126898268673923e+00
0.000000000000000000e+00 2.185769939893856595e+00
0.000000000000000000e+00 4.752966752835606989e+00
4.000000000000000000e+00 1.208743403370853731e+00
4.000000000000000000e+00 4.144767740763776409e+00
1.000000000000000000e+00 1.014674486774450601e+00
4.000000000000000000e+00 1.121982854933379237e+00
0.000000000000000000e+00 4.891886493839957772e+00
4.000000000000000000e+00 3.347280663729360839e+00
4.000000000000000000e+00 3.534802105641044800e+00
1.000000000000000000e+00 4.434187772753504397e+00
0.000000000000000000e+00 1.034840569098243845e+00
1.000000000000000000e+00 3.866183843761946459e+00
0.000000000000000000e+00 2.389424338667055281e+00
4.000000000000000000e+00 4.471616196706494684e+00
0.000000000000000000e+00 3.704379868507826412e+00
1.000000000000000000e+00 2.722366616851981114e+00
1.000000000000000000e+00 5.115018201529178299e+00
0.000000000000000000e+00 1.590757383404161507e+00
0.000000000000000000e+00 2.596982032283140285e+00
4.000000000000000000e+00 1.926246242253958796e+00
4.000000000000000000e+00 3.347117219445173486e+00
0.000000000000000000e+00 5.222414068667291076e+00
1.000000000000000000e+00 2.863974153788944932e+00
0.000000000000000000e+00 2.119401620083441795e+00
4.000000000000000000e+00 2.658604620391194828e+00
4.000000000000000000e+00 3.810256419173568165e+00
0.000000000000000000e+00 1.989854841478972958e+00
0.000000000000000000e+00 2.874448161925820866e+00
0.000000000000000000e+00 4.044693820308056686e+00
1.000000000000000000e+00 3.102419174386366052e+00
0.000000000000000000e+00 2.038087447352531001e+00
1.000000000000000000e+00 2.431211351859946745e+00
0.000000000000000000e+00 1.823671196412129714e+00
0.000000000000000000e+00 2.777688920899300751e+00
1.000000000000000000e+00 2.859141606005719538e+00
1.000000000000000000e+00 2.510665157687139715e+00
0.000000000000000000e+00 3.168547133285048556e+00
0.000000000000000000e+00 4.720305503165404204e+00
4.000000000000000000e+00 1.628083985547402301e+00
4.000000000000000000e+00 3.589894216484261769e+00
1.000000000000000000e+00 2.372205640335819599e+00
0.000000000000000000e+00 1.508061383900346719e+00
0.000000000000000000e+00 4.162651153292117101e+00
1.000000000000000000e+00 4.544261579469919710e+00
1.000000000000000000e+00 1.963473550196112027e+00
4.000000000000000000e+00 5.536378780189072479e+00
4.000000000000000000e+00 1.845594608289988114e+00
4.000000000000000000e+00 1.902729010939731680e+00
1.000000000000000000e+00 4.578395314868115129e+00
4.000000000000000000e+00 1.362211367340091517e+00
0.000000000000000000e+00 2.967773045009876931e+00
0.000000000000000000e+00 2.520841373301339061e+00
1.000000000000000000e+00 3.019819468426508724e+00
1.000000000000000000e+00 1.475981167730320953e+00
4.000000000000000000e+00 2.901943462863231460e+00
0.000000000000000000e+00 3.234716044495504317e+00
0.000000000000000000e+00 9.737662631819824499e-01
0.000000000000000000e+00 1.634873417949863184e+00
4.000000000000000000e+00 4.101664396989012751e+00
1.000000000000000000e+00 2.939607887976812606e+00
0.000000000000000000e+00 3.952972686160917348e+00
4.000000000000000000e+00 2.943538790086280166e+00
4.000000000000000000e+00 2.115792168238220139e+00
4.000000000000000000e+00 3.191556922243161232e+00
4.000000000000000000e+00 3.545704023572957997e+00
1.000000000000000000e+00 4.246019248791136569e+00
4.000000000000000000e+00 1.507249202538637700e+00
1.000000000000000000e+00 4.051159848356493676e+00
0.000000000000000000e+00 3.377052939000242837e+00
1.000000000000000000e+00 4.493402442146327225e+00
0.000000000000000000e+00 3.444537002641702816e+00
0.000000000000000000e+00 2.444746136393916913e+00
1.000000000000000000e+00 4.372512079152901521e+00
0.000000000000000000e+00 1.516013064474298844e+00
0.000000000000000000e+00 3.250800206578758456e+00
0.000000000000000000e+00 4.192975166794083997e+00
0.000000000000000000e+00 2.096722981976777866e+00
0.000000000000000000e+00 1.502598627661517527e+00
4.000000000000000000e+00 3.258191115810554983e+00
1.000000000000000000e+00 2.801558148432085726e+00
1.000000000000000000e+00 4.333957963835690208e+00
0.000000000000000000e+00 1.912474199142849107e+00
