0.000000000000000000e+00 3.592990758938929385e+00
4.000000000000000000e+00 2.650174770233210797e+00
0.000000000000000000e+00 2.396144856272833135e+00
0.000000000000000000e+00 6.024531612536175196e+00
0.000000000000000000e+00 1.444659575412289065e+00
1.000000000000000000e+00 3.742220501387989007e+00
0.000000000000000000e+00 7.418417171571694446e+00
0.000000000000000000e+00 1.178300756587623566e+00
4.000000000000000000e+00 2.399195106549500522e+00
1.000000000000000000e+00 3.069124171884695329e+00
1.000000000000000000e+00 3.907487255633812939e+00
4.000000000000000000e+00 2.032021138613117728e+00
1.000000000000000000e+00 5.395549280084728228e-01
0.000000000000000000e+00 8.085037807581821667e+00
4.000000000000000000e+00 3.609812949491524758e+00
4.000000000000000000e+00 2.021034930775939653e+00
1.000000000000000000e+00 3.868123940485515000e+00
0.000000000000000000e+00 9.108402624390886659e-01
1.000000000000000000e+00 3.784271569702733484e-01
0.000000000000000000e+00 6.539764504450609195e+00
4.000000000000000000e+00 1.391057055039838897e+00
1.000000000000000000e+00 3.047742030481894737e+00
0.000000000000000000e+00 6.665445121562296293e+00
1.000000000000000000e+00 4.187252772567476855e-01
0.000000000000000000e+00 8.412374639224674766e+00
4.000000000000000000e+00 3.180142197950285521e+00
0.000000000000000000e+00 4.424389024531288683e+00
1.000000000000000000e+00 3.178271028599835013e+00
4.000000000000000000e+00 2.263806493260176911e+00
4.000000000000000000e+00 4.107922563939967908e+00
1.000000000000000000e+00 5.079325850111231500e-01
4.000000000000000000e+00 7.816895066599548469e-01
0.000000000000000000e+00 1.003544724011523837e+00
0.000000000000000000e+00 2.370977096748509094e+00
0.000000000000000000e+00 1.580989599028435499e+00
0.000000000000000000e+00 6.401321515447998545e-01
4.000000000000000000e+00 2.832405332219595895e+00
0.000000000000000000e+00 5.681051039789633883e+00
1.000000000000000000e+00 4.016623498597786224e+00
1.000000000000000000e+00 3.573625857609383782e+00
0.000000000000000000e+00 2.284553265395108834e+00
1.000000000000000000e+00 1.968469469544096018e-01
0.000000000000000000e+00 3.093303641123029468e+00
0.000000000000000000e+00 6.888000414342684508e+00
4.000000000000000000e+00 2.911031490535077815e+00
4.000000000000000000e+00 2.260305725829846235e+00
0.000000000000000000e+00 3.591859909800121820e+00
1.000000000000000000e+00 4.627944875842445960e+00
0.000000000000000000e+00 6.849109843577900314e+00
0.000000000000000000e+00 3.106434557388936035e+00
0.000000000000000000e+00 5.885504850865364013e+00
4.000000000000000000e+00 5.028246897229063705e+00
1.000000000000000000e+00 1.905757184899985468e+00
0.000000000000000000e+00 3.605085236345857425e+00
4.000000000000000000e+00 1.001614528183450981e+00
0.000000000000000000e+00 3.293569136968124145e+00
0.000000000000000000e+00 9.682482970919213727e+00
4.000000000000000000e+00 3.520782299224210821e+00
1.000000000000000000e+00 3.168831800816762634e+00
4.000000000000000000e+00 2.993244304453502647e+00
0.000000000000000000e+00 8.216915517844185501e+00
1.000000000000000000e+00 2.168921110180026091e+00
0.000000000000000000e+00 1.468885262632783739e+00
1.000000000000000000e+00 2.573231843522577833e+00
0.000000000000000000e+00 2.773160092601673288e+00
0.000000000000000000e+00 1.903991183954815369e+00
0.000000000000000000e+00 2.149419563509476827e+00
1.000000000000000000e+00 2.282619537418768108e+00
0.000000000000000000e+00 6.014604558623759978e+00
0.000000000000000000e+00 3.518522357397880551e+00
0.000000000000000000e+00 7.263151342342241357e+00
0.000000000000000000e+00 4.949672138215914785e+00
0.000000000000000000e+00 4.353210249825542277e+00
0.000000000000000000e+00 2.915787477091031032e+00
0.000000000000000000e+00 2.724127692599046302e+00
4.000000000000000000e+00 4.190494179629593141e+00
1.000000000000000000e+00 1.873507562247815894e+00
4.000000000000000000e+00 3.981844352415881083e+00
4.000000000000000000e+00 1.487132943055261780e+00
1.000000000000000000e+00 3.875844828468018033e+00
0.000000000000000000e+00 2.172765644460668888e+00
4.000000000000000000e+00 1.656505322074605324e+00
1.000000000000000000e+00 2.678312250110301829e+00
1.000000000000000000e+00 3.259236097718237524e+00
1.000000000000000000e+00 3.271492939632449914e+00
0.000000000000000000e+00 4.664386321286160708e+00
0.000000000000000000e+00 9.632598628116438633e+00
0.000000000000000000e+00 3.846145293953936228e+00
1.000000000000000000e+00 4.058583041808030423e+00
0.000000000000000000e+00 8.118467566041663863e-01
1.000000000000000000e+00 3.010805933125368483e+00
1.000000000000000000e+00 2.333819733776749228e+00
0.000000000000000000e+00 4.725667461950498804e+00
0.000000000000000000e+00 2.164510427103865542e+00
0.000000000000000000e+00 7.739122895247092515e+00
1.000000000000000000e+00 1.818377027038182936e+00
0.000000000000000000e+00 3.493992107689763316e+00
4.000000000000000000e+00 3.788907902826451846e+00
0.000000000000000000e+00 2.524267461425433901e+00
0.000000000000000000e+00 6.725501282879212006e+00
0.000000000000000000e+00 6.069536203373765204e+00
1.000000000000000000e+00 6.347715887782043875e-01
0.000000000000000000e+00 4.294050747237021959e+00
1.000000000000000000e+00 3.576956455137842550e+00
0.000000000000000000e+00 1.877771276035109738e+00
1.000000000000000000e+00 1.634088019664939440e+00
0.000000000000000000e+00 3.078991235998279841e+00
0.000000000000000000e+00 5.903972140679623060e+00
0.000000000000000000e+00 8.476151463897499738e+00
1.000000000000000000e+00 1.613357262725623409e+00
1.000000000000000000e+00 2.642654227668116196e+00
4.000000000000000000e+00 4.056591233281646502e+00
0.000000000000000000e+00 3.438363052083997395e+00
0.000000000000000000e+00 2.639210651465054180e+00
1.000000000000000000e+00 3.536498631952960991e+00
4.000000000000000000e+00 1.254562272565042713e+00
1.000000000000000000e+00 2.735885556905519600e+00
1.000000000000000000e+00 1.022921974151622670e+00
1.000000000000000000e+00 2.268598169139064868e+00
0.000000000000000000e+00 1.049590783162984708e+00
0.000000000000000000e+00 6.721334930835931587e+00
1.000000000000000000e+00 3.303437477252379129e+00
1.000000000000000000e+00 2.663939879197109839e+00
0.000000000000000000e+00 0.000000000000000000e+00
4.000000000000000000e+00 3.586028835958684269e+00
4.000000000000000000e+00 4.780790373315693564e+00
0.000000000000000000e+00 7.103418844236025542e+00
1.000000000000000000e+00 3.887611333375827982e+00
0.000000000000000000e+00 6.975941233353185389e+00
1.000000000000000000e+00 3.646751083534872873e+00
0.000000000000000000e+00 3.432722502692281186e+00
0.000000000000000000e+00 6.534969894168895621e+00
4.000000000000000000e+00 3.192394062890751005e+00
0.000000000000000000e+00 2.103677523543621142e+00
0.000000000000000000e+00 7.094190131617238437e-01
0.000000000000000000e+00 6.914822208843080631e+00
1.000000000000000000e+00 3.099283015190542834e+00
1.000000000000000000e+00 3.644791773002599822e+00
1.000000000000000000e+00 1.604188689392071376e+00
4.000000000000000000e+00 1.147764541119378867e+00
0.000000000000000000e+00 1.696238970926731593e+00
0.000000000000000000e+00 3.353915513271909177e+00
4.000000000000000000e+00 1.670540850570368718e+00
1.000000000000000000e+00 2.405170834426398674e+00
4.000000000000000000e+00 3.070917532473002698e+00
1.000000000000000000e+00 3.333818299234176052e+00
1.000000000000000000e+00 7.066368826311504314e-01
1.000000000000000000e+00 1.008631868032555001e+00
0.000000000000000000e+00 3.404617111156622133e+00
1.000000000000000000e+00 1.589613731687310461e+00
0.000000000000000000e+00 7.870452311238810061e+00
1.000000000000000000e+00 1.592367977823310188e+00
4.000000000000000000e+00 4.360056940326209940e+00
4.000000000000000000e+00 9.998199494986419467e-01
0.000000000000000000e+00 4.753825155078801323e+00
0.000000000000000000e+00 5.369745032410798480e+00
0.000000000000000000e+00 7.577777175172501600e+00
0.000000000000000000e+00 3.632667302870069559e+00
0.000000000000000000e+00 2.430520842140952542e+00
1.000000000000000000e+00 2.498506722408849523e+00
0.000000000000000000e+00 6.348351104699862191e+00
4.000000000000000000e+00 5.143528656331469939e+00
0.000000000000000000e+00 9.881472765830757732e-01
4.000000000000000000e+00 5.707879242462880143e+00
4.000000000000000000e+00 3.373883004498292593e+00
4.000000000000000000e+00 3.021047877077304378e+00
4.000000000000000000e+00 3.860016788058362014e+00
0.000000000000000000e+00 1.246058168845510350e+00
4.000000000000000000e+00 2.068804355705024189e+00
4.000000000000000000e+00 2.010493842784181862e+00
4.000000000000000000e+00 4.069105132375909761e+00
1.000000000000000000e+00 2.750648829115214689e+00
0.000000000000000000e+00 8.005597142319283321e+00
1.000000000000000000e+00 1.458420789823459796e+00
0.000000000000000000e+00 1.331322722142138426e+00
0.000000000000000000e+00 6.453195063798418118e+00
0.000000000000000000e+00 1.627363292838712727e+00
1.000000000000000000e+00 2.178447993286277473e+00
4.000000000000000000e+00 3.340264452860933986e+00
1.000000000000000000e+00 8.523375975005625937e-01
0.000000000000000000e+00 6.678024673806586264e+00
1.000000000000000000e+00 1.502294640755377220e+00
0.000000000000000000e+00 6.766411026749140412e+00
1.000000000000000000e+00 2.764360158315128935e+00
0.000000000000000000e+00 7.678813841714589472e+00
4.000000000000000000e+00 2.153558781987992887e+00
0.000000000000000000e+00 8.155160400079299876e+00
1.000000000000000000e+00 2.834652986024092325e+00
1.000000000000000000e+00 3.160100576104553749e+00
0.000000000000000000e+00 6.299376593525677137e+00
1.000000000000000000e+00 3.038858621734147558e+00
0.000000000000000000e+00 4.024945113533474839e+00
0.000000000000000000e+00 7.516597484911554439e+00
1.000000000000000000e+00 4.219947959324310105e+00
1.000000000000000000e+00 2.559799938150310705e+00
4.000000000000000000e+00 1.601283708655904858e+00
1.000000000000000000e+00 3.755562563287643485e+00
4.000000000000000000e+00 4.421988271029396955e+00
0.000000000000000000e+00 2.040532916765944282e+00
0.000000000000000000e+00 4.174324327578259108e+00
4.000000000000000000e+00 4.002715005606534149e+00
0.000000000000000000e+00 7.329726454424183579e+00
1.000000000000000000e+00 0.000000000000000000e+00
4.000000000000000000e+00 3.374192162789749538e+00
0.000000000000000000e+00 3.268904937309646819e+00
1.000000000000000000e+00 8.677414702900546617e-01
0.000000000000000000e+00 5.913990638176910508e+00
1.000000000000000000e+00 2.960964362636036018e+00
1.000000000000000000e+00 3.373465024845919924e+00
0.000000000000000000e+00 8.564717766886987604e+00
0.000000000000000000e+00 2.659647820138029584e+00
4.000000000000000000e+00 3.138253078934323703e+00
0.000000000000000000e+00 6.918512616812233063e+00
4.000000000000000000e+00 1.413184404024225849e+00
1.000000000000000000e+00 8.879500844615056954e-01
4.000000000000000000e+00 1.639873531857593436e+00
0.000000000000000000e+00 9.884555904991442432e+00
0.000000000000000000e+00 3.842099022130964325e+00
1.000000000000000000e+00 2.467640754594504493e+00
4.000000000000000000e+00 3.840639528012403048e+00
0.000000000000000000e+00 4.906034401195171313e+00
4.000000000000000000e+00 5.236607511344612220e+00
1.000000000000000000e+00 7.821400095516962692e-01
1.000000000000000000e+00 2.859355596158959845e+00
1.000000000000000000e+00 4.191412401426645395e+00
0.000000000000000000e+00 2.275333381930841892e+00
1.000000000000000000e+00 3.164105297311367249e+00
4.000000000000000000e+00 4.503392356602982538e+00
4.000000000000000000e+00 1.100447473866019710e+00
0.000000000000000000e+00 6.662789215750156480e+00
1.000000000000000000e+00 1.010702012509711478e+00
0.000000000000000000e+00 3.125977264606325079e+00
0.000000000000000000e+00 8.277750712074764650e+00
4.000000000000000000e+00 4.525762536593924246e+00
0.000000000000000000e+00 3.246475855187308301e+00
4.000000000000000000e+00 4.847704256722211724e+00
4.000000000000000000e+00 1.237634137633180309e+00
0.000000000000000000e+00 3.262798472284728302e+00
1.000000000000000000e+00 4.527087227669314373e+00
4.000000000000000000e+00 1.800485616019359414e+00
4.000000000000000000e+00 3.125073924315756813e+00
1.000000000000000000e+00 4.216352953160761530e+00
1.000000000000000000e+00 2.940211880816022028e+00
4.000000000000000000e+00 2.520797825439949236e+00
4.000000000000000000e+00 4.019724787000093613e+00
0.000000000000000000e+00 8.125001184146093181e+00
0.000000000000000000e+00 1.706660236285841181e+00
4.000000000000000000e+00 2.140937506676906743e+00
1.000000000000000000e+00 6.693322287430103490e-01
0.000000000000000000e+00 7.277768111277974405e+00
4.000000000000000000e+00 2.035081044420609775e+00
1.000000000000000000e+00 2.180689311920812390e+00
1.000000000000000000e+00 2.634258079339399039e+00
0.000000000000000000e+00 1.382384645582984239e+00
0.000000000000000000e+00 7.748144732425568115e+00
1.000000000000000000e+00 2.153822540513947725e+00
0.000000000000000000e+00 7.112510345534031941e+00
4.000000000000000000e+00 7.958130793037295758e-01
0.000000000000000000e+00 6.621143087637928915e+00
4.000000000000000000e+00 2.315724354886644853e+00
0.000000000000000000e+00 3.641650884450092107e+00
1.000000000000000000e+00 4.528434442748920041e+00
1.000000000000000000e+00 1.731330755756973483e+00
0.000000000000000000e+00 2.544714833873687354e+00
0.000000000000000000e+00 5.196552101301242566e+00
4.000000000000000000e+00 4.704622007146086027e+00
1.000000000000000000e+00 3.597858019844012212e+00
4.000000000000000000e+00 3.392688070671951106e+00
0.000000000000000000e+00 8.253718638079832193e-01
1.000000000000000000e+00 3.857211476556179908e-01
4.000000000000000000e+00 4.275575456784464379e+00
1.000000000000000000e+00 1.838676347390214572e+00
4.000000000000000000e+00 2.051589153087750361e+00
0.000000000000000000e+00 2.797198794456273063e+00
4.000000000000000000e+00 1.720039241535002095e+00
1.000000000000000000e+00 3.327061273539714037e+00
4.000000000000000000e+00 1.085542095455226397e+00
0.000000000000000000e+00 4.573513487655883836e+00
0.000000000000000000e+00 5.267325705180919693e-01
1.000000000000000000e+00 3.560613398371343497e+00
0.000000000000000000e+00 4.741513626533364167e+00
0.000000000000000000e+00 7.413186606084414265e+00
0.000000000000000000e+00 5.145649074928176248e+00
0.000000000000000000e+00 6.283639231468189479e+00
1.000000000000000000e+00 2.453977238352845980e+00
0.000000000000000000e+00 5.406652039157341605e+00
0.000000000000000000e+00 3.275170041174510160e+00
1.000000000000000000e+00 3.336482073110081270e+00
0.000000000000000000e+00 6.264443022451793297e+00
0.000000000000000000e+00 4.483380476954592631e+00
0.000000000000000000e+00 8.055469527253089623e+00
4.000000000000000000e+00 2.588820156739315870e+00
1.000000000000000000e+00 3.422893528085487969e+00
1.000000000000000000e+00 1.984483853853981294e+00
0.000000000000000000e+00 7.851691712523326316e+00
0.000000000000000000e+00 2.497575948455574402e+00
0.000000000000000000e+00 6.103981300838115409e+00
0.000000000000000000e+00 1.045782106132763012e+00
4.000000000000000000e+00 4.749007662932458906e+00
1.000000000000000000e+00 2.852827022765894061e+00
4.000000000000000000e+00 1.312839707274780388e+00
0.000000000000000000e+00 8.542215060798342918e+00
4.000000000000000000e+00 4.334678946756744367e+00
0.000000000000000000e+00 2.345456410245243095e+00
0.000000000000000000e+00 1.560001008021668190e+00
4.000000000000000000e+00 2.172779983593061903e+00
4.000000000000000000e+00 3.772761650944485901e+00
4.000000000000000000e+00 4.379292807192308956e+00
0.000000000000000000e+00 6.987565968835081520e+00
0.000000000000000000e+00 9.804759157926152824e-01
4.000000000000000000e+00 5.272674305310241394e+00
0.000000000000000000e+00 3.195972636084863261e+00
0.000000000000000000e+00 9.241252893764757559e+00
0.000000000000000000e+00 5.621232331709387964e+00
4.000000000000000000e+00 4.278247187808177365e+00
0.000000000000000000e+00 4.900184430765180288e+00
4.000000000000000000e+00 1.718669833353443810e+00
4.000000000000000000e+00 4.527469930760306127e+00
0.000000000000000000e+00 1.776441493471210054e+00
1.000000000000000000e+00 2.750371305177398362e+00
1.000000000000000000e+00 1.377457880028022386e+00
4.000000000000000000e+00 1.651408761140670034e+00
1.000000000000000000e+00 1.895544568476929426e+00
0.000000000000000000e+00 3.508831894114938343e+00
0.000000000000000000e+00 1.737433981560751572e+00
0.000000000000000000e+00 3.631512979519651019e+00
4.000000000000000000e+00 2.052546829633537850e+00
1.000000000000000000e+00 1.859699418538829585e+00
0.000000000000000000e+00 2.119169250520812398e+00
0.000000000000000000e+00 2.964183651858749435e+00
0.000000000000000000e+00 6.748975844238872313e+00
0.000000000000000000e+00 3.247229426874763014e+00
0.000000000000000000e+00 2.487624782913922417e+00
1.000000000000000000e+00 2.888004386055021300e+00
1.000000000000000000e+00 3.719826960310078423e+00
0.000000000000000000e+00 4.835446190252421061e+00
1.000000000000000000e+00 3.730062953154395178e+00
0.000000000000000000e+00 6.890142371395090670e+00
1.000000000000000000e+00 3.356053926616922478e+00
0.000000000000000000e+00 8.598310161131609286e-01
1.000000000000000000e+00 2.748278957743755857e+00
0.000000000000000000e+00 3.872800040188797865e+00
0.000000000000000000e+00 1.814550340449900379e+00
0.000000000000000000e+00 5.562556134723350532e+00
0.000000000000000000e+00 7.519640014668063976e+00
1.000000000000000000e+00 2.616762883664284445e+00
4.000000000000000000e+00 6.738098220839727759e-01
1.000000000000000000e+00 1.307292096633967393e+00
4.000000000000000000e+00 2.787352421839826899e+00
0.000000000000000000e+00 2.826958437861525564e+00
4.000000000000000000e+00 4.795535203895893717e-01
0.000000000000000000e+00 3.775999786541637260e+00
4.000000000000000000e+00 4.687708224471176521e+00
0.000000000000000000e+00 4.194002828364268964e+00
0.000000000000000000e+00 2.334380585020403132e+00
4.000000000000000000e+00 1.421323388453360481e+00
4.000000000000000000e+00 2.413222572819178513e+00
1.000000000000000000e+00 2.459774155079549995e+00
1.000000000000000000e+00 3.307928686192457057e+00
4.000000000000000000e+00 4.545747151583347190e+00
0.000000000000000000e+00 5.458296576643241416e+00
0.000000000000000000e+00 2.241341381088426843e+00
1.000000000000000000e+00 4.206982486668806587e+00
1.000000000000000000e+00 3.956199554359876469e+00
4.000000000000000000e+00 1.084642874753884545e+00
0.000000000000000000e+00 7.935738697723458301e+00
0.000000000000000000e+00 1.873497698858320071e+00
0.000000000000000000e+00 3.888864518665488657e+00
0.000000000000000000e+00 1.761399906787527225e+00
0.000000000000000000e+00 2.551612485867309932e+00
4.000000000000000000e+00 1.186415236965298492e+00
4.000000000000000000e+00 3.116370478574632230e+00
1.000000000000000000e+00 2.106664530231638466e+00
1.000000000000000000e+00 2.818870040603360216e+00
0.000000000000000000e+00 5.458300986872619553e+00
4.000000000000000000e+00 4.672235889654292151e+00
0.000000000000000000e+00 1.528997890763473366e+00
0.000000000000000000e+00 5.365185715160548874e+00
0.000000000000000000e+00 5.610076527639943578e+00
0.000000000000000000e+00 3.769269014384998506e+00
4.000000000000000000e+00 1.195147790809216959e+00
4.000000000000000000e+00 2.577575126492146929e+00
1.000000000000000000e+00 3.092807935204355374e+00
1.000000000000000000e+00 3.408700161330944667e+00
0.000000000000000000e+00 2.092470196040761010e+00
1.000000000000000000e+00 2.987279124922573637e+00
0.000000000000000000e+00 3.542149063792416008e+00
1.000000000000000000e+00 3.966115180404126583e+00
1.000000000000000000e+00 4.736932136859520526e+00
1.000000000000000000e+00 3.831051167344192265e+00
0.000000000000000000e+00 6.147747459373080758e+00
0.000000000000000000e+00 1.677863815779913947e+00
4.000000000000000000e+00 2.187016425541472575e+00
4.000000000000000000e+00 1.587820027874136342e+00
1.000000000000000000e+00 3.121233912176400338e+00
1.000000000000000000e+00 6.990520751255072662e-01
0.000000000000000000e+00 6.739090655428293886e+00
1.000000000000000000e+00 4.367945898709383101e+00
4.000000000000000000e+00 0.000000000000000000e+00
4.000000000000000000e+00 2.174192882383154668e+00
1.000000000000000000e+00 1.123872874605012617e+00
0.000000000000000000e+00 3.450197172808641799e+00
1.000000000000000000e+00 1.927357443959906380e+00
1.000000000000000000e+00 1.915874361811418458e+00
1.000000000000000000e+00 3.987184956940525549e+00
4.000000000000000000e+00 3.896104837548851840e+00
1.000000000000000000e+00 3.719175143003683459e+00
0.000000000000000000e+00 7.915564723903900202e+00
4.000000000000000000e+00 4.496828587543633127e+00
1.000000000000000000e+00 3.649053595150830720e+00
4.000000000000000000e+00 1.588069187947352967e+00
0.000000000000000000e+00 7.918966199954184937e+00
0.000000000000000000e+00 5.889853101713050876e+00
4.000000000000000000e+00 1.559496774999193702e+00
1.000000000000000000e+00 2.582738044700723989e+00
0.000000000000000000e+00 6.969517286635566578e+00
4.000000000000000000e+00 1.190659364870324310e+00
0.000000000000000000e+00 5.923013852098140575e+00
0.000000000000000000e+00 2.517468939470978828e+00
0.000000000000000000e+00 3.984370414307078168e+00
1.000000000000000000e+00 2.107630863311650948e+00
4.000000000000000000e+00 4.307486144263488193e+00
1.000000000000000000e+00 4.341298434385912230e+00
1.000000000000000000e+00 2.808444662285516369e+00
0.000000000000000000e+00 2.377563788632414354e+00
4.000000000000000000e+00 4.584321431079991349e+00
4.000000000000000000e+00 4.939341153333449697e+00
1.000000000000000000e+00 1.994692919078950188e+00
1.000000000000000000e+00 1.528780339206443628e+00
0.000000000000000000e+00 6.371946182977035633e+00
1.000000000000000000e+00 3.774954818031049264e+00
4.000000000000000000e+00 4.703991978376148353e+00
0.000000000000000000e+00 8.111310733697738584e+00
1.000000000000000000e+00 1.515019662904727671e+00
4.000000000000000000e+00 2.413699917478202561e+00
0.000000000000000000e+00 3.665410251050837953e+00
0.000000000000000000e+00 8.506722650437446021e+00
1.000000000000000000e+00 3.857014314939486432e+00
0.000000000000000000e+00 2.006274012329658518e+00
1.000000000000000000e+00 1.215913124958690084e+00
1.000000000000000000e+00 2.178730498200909693e+00
1.000000000000000000e+00 3.176124740588281981e+00
0.000000000000000000e+00 5.960949504877767424e+00
0.000000000000000000e+00 2.377425900815401505e+00
4.000000000000000000e+00 2.988092356367454627e+00
1.000000000000000000e+00 6.455568803730076244e-01
0.000000000000000000e+00 2.368571534840380188e+00
0.000000000000000000e+00 7.122924041941494977e+00
0.000000000000000000e+00 3.502037467758846834e+00
0.000000000000000000e+00 1.813086157808985854e+00
1.000000000000000000e+00 4.096911716988983265e+00
4.000000000000000000e+00 1.870358501421099717e+00
4.000000000000000000e+00 1.385208847146772060e+00
1.000000000000000000e+00 3.773143477934627565e+00
0.000000000000000000e+00 1.126760369398512429e+00
4.000000000000000000e+00 1.604303562232478164e+00
1.000000000000000000e+00 1.137316161174234397e+00
1.000000000000000000e+00 8.169469151762011050e-01
1.000000000000000000e+00 3.893135376855566765e+00
1.000000000000000000e+00 5.603943140396889788e-01
0.000000000000000000e+00 2.019393508661682102e+00
0.000000000000000000e+00 3.072150697464007596e+00
1.000000000000000000e+00 3.498688678348676362e+00
0.000000000000000000e+00 9.264778804034459192e-01
1.000000000000000000e+00 3.862045454522013088e+00
1.000000000000000000e+00 2.673801166471252433e+00
4.000000000000000000e+00 5.062292557800194714e+00
4.000000000000000000e+00 3.269228278799037657e+00
4.000000000000000000e+00 3.566823975801002078e+00
4.000000000000000000e+00 2.995893647337904309e+00
0.000000000000000000e+00 1.924862166746561742e+00
4.000000000000000000e+00 2.239009246401975073e+00
0.000000000000000000e+00 8.315218207600684863e+00
0.000000000000000000e+00 2.382117041561304660e+00
0.000000000000000000e+00 8.094056173180989688e+00
4.000000000000000000e+00 4.779473925423359582e+00
4.000000000000000000e+00 3.981439485401603307e+00
0.000000000000000000e+00 8.239763900345854708e+00
0.000000000000000000e+00 8.632672488594577587e+00
4.000000000000000000e+00 6.435666279983841553e-01
1.000000000000000000e+00 3.199737094878833066e+00
4.000000000000000000e+00 5.652874927366606794e-01
4.000000000000000000e+00 5.828106450190911891e-01
1.000000000000000000e+00 1.470124859569348352e+00
1.000000000000000000e+00 3.187289352426982525e+00
0.000000000000000000e+00 4.429724418110935424e+00
1.000000000000000000e+00 1.972454416153970103e+00
0.000000000000000000e+00 3.153829364157779036e+00
0.000000000000000000e+00 6.095643344045551082e+00
1.000000000000000000e+00 3.221317468877206380e+00
0.000000000000000000e+00 8.167288590435047624e+00
4.000000000000000000e+00 3.128894377706785246e+00
0.000000000000000000e+00 3.997320091594423808e+00
1.000000000000000000e+00 5.028904216839772401e-01
1.000000000000000000e+00 2.703369302652559369e+00
0.000000000000000000e+00 6.900753294533054749e+00
4.000000000000000000e+00 1.085996376891802395e+00
0.000000000000000000e+00 9.477643927276709235e+00
4.000000000000000000e+00 1.887679762721184318e+00
4.000000000000000000e+00 1.180719164278211553e+00
2.000000000000000000e+00 2.808664341778863260e+00
3.000000000000000000e+00 2.857078172720509013e+00
5.000000000000000000e+00 3.484307812487301259e+00
5.000000000000000000e+00 1.360202115563870384e+00
5.000000000000000000e+00 4.201620943314906320e+00
2.000000000000000000e+00 4.239765239608606073e+00
5.000000000000000000e+00 1.820665256500789253e+00
2.000000000000000000e+00 4.685793575273162759e+00
3.000000000000000000e+00 2.411813939706378473e+00
2.000000000000000000e+00 3.669157186537914228e+00
2.000000000000000000e+00 9.455297881058073450e-01
3.000000000000000000e+00 2.549126615791879047e+00
2.000000000000000000e+00 3.119404164481855535e+00
5.000000000000000000e+00 2.581168421971558491e+00
3.000000000000000000e+00 4.175182137443106178e+00
3.000000000000000000e+00 3.333438932847154756e+00
2.000000000000000000e+00 2.384336397696704968e-01
2.000000000000000000e+00 5.004692919103579385e+00
2.000000000000000000e+00 3.270813266439575706e+00
5.000000000000000000e+00 5.002472250645322305e+00
3.000000000000000000e+00 2.402243562818919376e+00
2.000000000000000000e+00 4.495679434764165094e+00
5.000000000000000000e+00 4.517482125361809153e+00
2.000000000000000000e+00 4.037438990834115060e+00
5.000000000000000000e+00 3.074011742072852993e+00
3.000000000000000000e+00 1.760306067390989604e+00
5.000000000000000000e+00 2.392660133272883183e+00
2.000000000000000000e+00 2.220376145191188311e+00
3.000000000000000000e+00 3.020352243328504382e+00
3.000000000000000000e+00 4.870529664671708225e+00
2.000000000000000000e+00 3.174651595815275673e+00
3.000000000000000000e+00 6.422335164441500543e-01
2.000000000000000000e+00 4.420370089576294959e+00
5.000000000000000000e+00 4.298720443429554727e+00
5.000000000000000000e+00 4.730031441986136898e+00
5.000000000000000000e+00 5.725318860366237494e+00
3.000000000000000000e+00 4.252581034840249963e+00
5.000000000000000000e+00 1.440345462195267823e+00
3.000000000000000000e+00 5.607979857270570356e+00
2.000000000000000000e+00 3.975861789230604959e+00
2.000000000000000000e+00 4.456265308957181759e+00
2.000000000000000000e+00 3.673228287799285674e+00
2.000000000000000000e+00 2.747664375260452374e+00
5.000000000000000000e+00 1.506973623780204496e+00
3.000000000000000000e+00 2.649937354028935044e+00
3.000000000000000000e+00 3.187190826265962507e+00
2.000000000000000000e+00 4.303227664619311277e+00
3.000000000000000000e+00 4.078939107510416662e+00
5.000000000000000000e+00 4.842950612276895050e+00
5.000000000000000000e+00 3.123854065453063988e+00
5.000000000000000000e+00 2.146524310374301248e+00
3.000000000000000000e+00 3.886679097779966341e+00
2.000000000000000000e+00 1.830642770113853679e+00
2.000000000000000000e+00 4.175952785877747431e+00
3.000000000000000000e+00 2.320112418212171068e+00
5.000000000000000000e+00 2.838387536344121997e+00
5.000000000000000000e+00 4.149346948057768714e+00
3.000000000000000000e+00 4.214150827467882721e+00
2.000000000000000000e+00 6.374296216551409433e-01
3.000000000000000000e+00 1.590621093008862230e+00
5.000000000000000000e+00 2.661550027914183936e+00
2.000000000000000000e+00 3.065931002053216670e+00
2.000000000000000000e+00 5.123424435191922477e+00
2.000000000000000000e+00 3.620751617993488214e+00
5.000000000000000000e+00 3.934695750164457273e+00
5.000000000000000000e+00 3.984951442645836117e+00
2.000000000000000000e+00 4.635174526368567527e+00
2.000000000000000000e+00 5.521355650487650202e+00
5.000000000000000000e+00 1.444764288711873235e+00
2.000000000000000000e+00 1.972214724500243710e+00
5.000000000000000000e+00 5.010722277707102101e+00
5.000000000000000000e+00 2.071822278990612443e+00
5.000000000000000000e+00 1.415176996452387259e+00
5.000000000000000000e+00 3.021247048665556267e+00
2.000000000000000000e+00 2.792777713272942997e+00
3.000000000000000000e+00 2.839288534636871031e+00
2.000000000000000000e+00 4.285251878498720579e+00
3.000000000000000000e+00 4.763176320352974003e+00
3.000000000000000000e+00 7.432904806598737979e-01
2.000000000000000000e+00 5.667283483865281468e+00
5.000000000000000000e+00 4.658067645061122697e+00
3.000000000000000000e+00 3.048917365822702674e+00
2.000000000000000000e+00 3.627072725953721655e+00
2.000000000000000000e+00 3.905551405779268404e-01
2.000000000000000000e+00 3.933730663359208179e+00
5.000000000000000000e+00 1.067723508441519531e+00
5.000000000000000000e+00 4.143082492537137895e+00
2.000000000000000000e+00 3.714658115814070793e+00
3.000000000000000000e+00 4.376189795448902409e+00
2.000000000000000000e+00 5.085876237009416378e+00
2.000000000000000000e+00 5.912119017546427102e+00
2.000000000000000000e+00 5.050336383602815005e+00
5.000000000000000000e+00 8.921755535502906564e-01
5.000000000000000000e+00 3.446203729113050063e+00
5.000000000000000000e+00 2.607140032405071750e+00
2.000000000000000000e+00 1.869145404023918600e+00
2.000000000000000000e+00 2.088934304903622863e+00
3.000000000000000000e+00 2.464316750775418452e+00
5.000000000000000000e+00 4.144154443523292208e+00
5.000000000000000000e+00 1.317484385447325046e+00
5.000000000000000000e+00 4.635360490592518312e-01
2.000000000000000000e+00 3.678162314826724621e+00
5.000000000000000000e+00 1.341104027215101135e+00
2.000000000000000000e+00 2.959382559286118930e+00
2.000000000000000000e+00 5.176444517752294416e+00
2.000000000000000000e+00 2.182364128126434100e+00
5.000000000000000000e+00 2.532531383093389099e+00
5.000000000000000000e+00 4.408057849906470871e+00
5.000000000000000000e+00 3.716931162815724221e+00
2.000000000000000000e+00 3.637136497367607024e+00
2.000000000000000000e+00 1.431332305804526417e+00
3.000000000000000000e+00 2.635401211687064205e+00
5.000000000000000000e+00 3.389551988115619086e+00
5.000000000000000000e+00 3.987283466558018130e+00
2.000000000000000000e+00 3.449662701452795854e+00
3.000000000000000000e+00 2.393991850636264740e+00
2.000000000000000000e+00 5.802532432843259258e+00
2.000000000000000000e+00 3.023135144653249728e+00
2.000000000000000000e+00 2.937314584653517802e+00
2.000000000000000000e+00 4.873502272149442760e+00
5.000000000000000000e+00 1.900813938090383903e+00
2.000000000000000000e+00 7.377880681561916898e-01
2.000000000000000000e+00 1.322627295957553573e+00
2.000000000000000000e+00 5.407442819246726984e+00
3.000000000000000000e+00 2.246645729124516322e+00
3.000000000000000000e+00 3.359511213492925918e+00
5.000000000000000000e+00 2.282856314659197583e+00
2.000000000000000000e+00 7.672623594322164342e-01
5.000000000000000000e+00 4.827648632037889520e+00
2.000000000000000000e+00 0.000000000000000000e+00
5.000000000000000000e+00 2.749376564604420814e+00
5.000000000000000000e+00 1.739016740583382514e+00
3.000000000000000000e+00 2.907447585037465476e+00
2.000000000000000000e+00 3.852187768479247598e+00
5.000000000000000000e+00 5.054189776165125991e+00
5.000000000000000000e+00 1.483991834057986070e+00
2.000000000000000000e+00 1.737562017639394218e+00
2.000000000000000000e+00 9.685701037583935302e-02
2.000000000000000000e+00 3.897936266373997150e+00
3.000000000000000000e+00 1.074268223409063916e+00
2.000000000000000000e+00 3.713662639317780734e+00
2.000000000000000000e+00 2.700332467288943050e+00
3.000000000000000000e+00 2.897598501041533492e+00
2.000000000000000000e+00 5.305500517367701896e+00
3.000000000000000000e+00 1.862904652513428072e+00
2.000000000000000000e+00 4.530442464527899560e+00
2.000000000000000000e+00 4.051790307231087240e+00
2.000000000000000000e+00 3.208268830020754248e+00
2.000000000000000000e+00 2.034053472243073202e+00
2.000000000000000000e+00 2.724728229389054235e+00
5.000000000000000000e+00 5.739364378807634282e+00
2.000000000000000000e+00 4.267619620055579155e+00
3.000000000000000000e+00 2.941389039225871471e+00
3.000000000000000000e+00 1.590899929663896595e+00
5.000000000000000000e+00 2.077775292321818679e+00
5.000000000000000000e+00 1.880873320067344645e+00
5.000000000000000000e+00 2.177650113919964880e+00
2.000000000000000000e+00 1.798581097366958703e+00
2.000000000000000000e+00 3.774320572529983764e+00
2.000000000000000000e+00 4.387159034997156759e+00
5.000000000000000000e+00 1.643739233756484008e+00
3.000000000000000000e+00 4.039984224574478588e+00
5.000000000000000000e+00 5.209486833848566256e+00
3.000000000000000000e+00 4.691618107555120432e+00
3.000000000000000000e+00 3.899785212641087906e+00
3.000000000000000000e+00 2.420210164715485668e+00
3.000000000000000000e+00 2.438719461632777641e+00
5.000000000000000000e+00 6.196396933752949643e+00
3.000000000000000000e+00 2.028898706836491428e+00
3.000000000000000000e+00 3.253566505740479453e+00
3.000000000000000000e+00 2.665647949609003753e+00
2.000000000000000000e+00 5.072887870743597816e+00
5.000000000000000000e+00 2.513443378610116685e+00
2.000000000000000000e+00 3.892649658221184250e+00
5.000000000000000000e+00 4.860611789458375576e+00
5.000000000000000000e+00 4.816555732084496277e+00
2.000000000000000000e+00 4.258576786949735293e+00
2.000000000000000000e+00 3.474629862948526160e+00
3.000000000000000000e+00 2.396708939705648245e+00
2.000000000000000000e+00 4.100321875813197181e+00
5.000000000000000000e+00 4.872457803438492441e+00
2.000000000000000000e+00 3.856485169758872011e+00
5.000000000000000000e+00 4.511824032399959883e+00
2.000000000000000000e+00 5.021358645156221101e+00
5.000000000000000000e+00 2.130694727480339168e+00
3.000000000000000000e+00 2.983617313869236121e+00
5.000000000000000000e+00 2.602400826221217045e+00
2.000000000000000000e+00 2.694146573157278901e+00
2.000000000000000000e+00 3.551155612677231677e+00
5.000000000000000000e+00 4.676627193671279770e+00
2.000000000000000000e+00 9.178937903518092911e-01
5.000000000000000000e+00 2.717223641173528215e+00
5.000000000000000000e+00 2.160882951822209019e+00
3.000000000000000000e+00 4.215724940627421979e+00
2.000000000000000000e+00 5.048977747303304398e+00
3.000000000000000000e+00 2.297453254118596355e+00
2.000000000000000000e+00 6.561765618387748189e-01
3.000000000000000000e+00 3.606091564820460782e+00
5.000000000000000000e+00 3.592206866148441424e+00
5.000000000000000000e+00 2.326806762549225027e+00
3.000000000000000000e+00 3.248585823573217013e+00
5.000000000000000000e+00 2.947693036278373313e+00
2.000000000000000000e+00 3.646751083534872873e+00
3.000000000000000000e+00 3.761836462402686987e+00
2.000000000000000000e+00 4.425458689107992782e+00
2.000000000000000000e+00 2.791285503042279625e+00
5.000000000000000000e+00 1.743393979328375476e+00
2.000000000000000000e+00 5.250079554572781859e+00
2.000000000000000000e+00 3.330206441747784574e+00
5.000000000000000000e+00 2.958600629583554742e+00
2.000000000000000000e+00 2.937827154428506837e+00
3.000000000000000000e+00 2.832916887529944638e+00
5.000000000000000000e+00 2.153845255326233943e+00
3.000000000000000000e+00 1.107436530099500605e+00
2.000000000000000000e+00 3.393443698386904739e+00
3.000000000000000000e+00 2.672099563719853688e+00
5.000000000000000000e+00 4.491693469421953466e+00
5.000000000000000000e+00 2.166247744024316635e+00
2.000000000000000000e+00 2.381458229526312920e+00
3.000000000000000000e+00 2.466512644455074454e+00
5.000000000000000000e+00 9.390135703139969037e-01
3.000000000000000000e+00 4.264984631819952021e+00
2.000000000000000000e+00 4.414789963497230296e+00
2.000000000000000000e+00 2.322663447642847157e+00
3.000000000000000000e+00 4.277220213681576233e+00
5.000000000000000000e+00 3.550282623381117553e+00
2.000000000000000000e+00 6.155476886270857761e+00
3.000000000000000000e+00 3.558680264118607273e+00
3.000000000000000000e+00 1.554679858300999307e+00
5.000000000000000000e+00 1.332814830297020636e+00
2.000000000000000000e+00 3.332048707264088527e+00
5.000000000000000000e+00 2.497361361566905025e+00
5.000000000000000000e+00 3.102168445206665126e+00
3.000000000000000000e+00 3.432912099792393423e+00
5.000000000000000000e+00 3.625255373980583951e+00
3.000000000000000000e+00 4.034580469218489895e+00
3.000000000000000000e+00 2.520565783260703352e+00
5.000000000000000000e+00 3.220489232634978549e+00
3.000000000000000000e+00 3.949487487366552863e+00
3.000000000000000000e+00 6.860423549361575057e-01
3.000000000000000000e+00 3.493404123484749046e+00
2.000000000000000000e+00 4.348070160315660182e+00
2.000000000000000000e+00 3.528550610421973044e+00
3.000000000000000000e+00 3.071541205485539106e+00
3.000000000000000000e+00 4.667051240774332754e+00
5.000000000000000000e+00 2.681976629887534713e+00
2.000000000000000000e+00 4.495469916292093693e+00
3.000000000000000000e+00 3.548556839846762845e+00
2.000000000000000000e+00 3.351570347559124752e+00
5.000000000000000000e+00 5.238727799819837827e+00
3.000000000000000000e+00 3.186594372870708458e+00
2.000000000000000000e+00 1.466150541468443258e+00
2.000000000000000000e+00 2.354152694906607390e+00
2.000000000000000000e+00 4.666930404879025218e+00
5.000000000000000000e+00 3.249016154982538929e+00
2.000000000000000000e+00 2.275215206991035188e+00
5.000000000000000000e+00 2.716920394734751998e+00
3.000000000000000000e+00 1.860680210894458231e+00
5.000000000000000000e+00 2.504532642297108147e+00
3.000000000000000000e+00 1.323849695572360430e+00
5.000000000000000000e+00 3.034499949723413081e+00
3.000000000000000000e+00 5.213976779546725560e+00
2.000000000000000000e+00 1.937608106961663079e+00
2.000000000000000000e+00 2.969640925134180431e+00
5.000000000000000000e+00 1.190203063651841697e+00
3.000000000000000000e+00 3.798071083215891264e+00
2.000000000000000000e+00 1.543880907746189302e-01
3.000000000000000000e+00 3.542346132212788490e+00
2.000000000000000000e+00 4.590604474767391530e+00
2.000000000000000000e+00 4.011736809255247671e+00
3.000000000000000000e+00 2.875629381316834099e+00
2.000000000000000000e+00 4.923565914881874228e+00
3.000000000000000000e+00 1.541919091261425789e+00
5.000000000000000000e+00 2.819557717281385489e+00
3.000000000000000000e+00 2.943621470812626484e+00
2.000000000000000000e+00 3.168495754013573862e+00
3.000000000000000000e+00 2.241024551117684727e+00
5.000000000000000000e+00 1.442483779594181170e+00
5.000000000000000000e+00 5.083579403400216634e+00
2.000000000000000000e+00 4.233589021092893034e+00
5.000000000000000000e+00 1.638636397552635904e+00
5.000000000000000000e+00 5.229367882587713012e+00
5.000000000000000000e+00 6.483238795266980103e-01
5.000000000000000000e+00 1.373785740476551887e+00
2.000000000000000000e+00 1.266207155934105488e+00
5.000000000000000000e+00 1.757993353533637171e+00
5.000000000000000000e+00 2.337825288934570533e+00
2.000000000000000000e+00 3.244390815355392643e+00
5.000000000000000000e+00 1.360717226581985129e+00
5.000000000000000000e+00 1.349366435524014474e+00
5.000000000000000000e+00 2.467044560206951065e+00
3.000000000000000000e+00 1.278241548469115640e+00
2.000000000000000000e+00 6.403401047117716072e-01
2.000000000000000000e+00 3.549799803449224189e+00
5.000000000000000000e+00 2.302671608090869793e+00
5.000000000000000000e+00 3.919669904026335860e+00
5.000000000000000000e+00 1.521251328062136698e+00
5.000000000000000000e+00 5.057817546607489056e+00
3.000000000000000000e+00 3.392548370531435431e+00
2.000000000000000000e+00 3.417858277401227163e+00
3.000000000000000000e+00 1.715611775729962707e+00
5.000000000000000000e+00 3.598584168788095727e+00
3.000000000000000000e+00 5.091466132381343712e+00
5.000000000000000000e+00 3.487579372699985747e+00
2.000000000000000000e+00 3.899234891275668247e+00
3.000000000000000000e+00 1.807268407239965180e+00
3.000000000000000000e+00 4.321564197298842558e+00
3.000000000000000000e+00 5.127321033480835233e+00
5.000000000000000000e+00 4.820520157631379199e+00
2.000000000000000000e+00 4.780904831091729257e+00
3.000000000000000000e+00 4.312684884263595642e+00
5.000000000000000000e+00 2.633696808274714751e+00
5.000000000000000000e+00 3.914064197607267204e+00
5.000000000000000000e+00 1.646631913542084824e+00
3.000000000000000000e+00 2.896964073599161971e+00
5.000000000000000000e+00 9.819376679066653679e-01
3.000000000000000000e+00 1.876352352075011831e+00
3.000000000000000000e+00 3.230299365452910187e+00
5.000000000000000000e+00 4.001081748517057335e+00
2.000000000000000000e+00 2.729158107728204996e+00
2.000000000000000000e+00 3.810648757579386814e+00
3.000000000000000000e+00 5.747204727379784384e-01
2.000000000000000000e+00 3.801642194006668696e+00
5.000000000000000000e+00 3.339992604636674578e+00
2.000000000000000000e+00 3.885587141574958103e+00
2.000000000000000000e+00 1.847687158473287017e+00
3.000000000000000000e+00 6.335561122702478842e-01
2.000000000000000000e+00 1.788031455232029554e+00
5.000000000000000000e+00 3.673955665253495262e+00
5.000000000000000000e+00 3.092747243137948576e+00
5.000000000000000000e+00 4.471439646513404753e+00
2.000000000000000000e+00 2.360502247601125259e+00
5.000000000000000000e+00 3.693480791229244886e+00
2.000000000000000000e+00 1.208549978701871641e+00
2.000000000000000000e+00 1.678987032974198490e+00
5.000000000000000000e+00 1.230975227422091312e+00
2.000000000000000000e+00 3.757605474863265904e+00
5.000000000000000000e+00 4.723754826471000534e+00
2.000000000000000000e+00 3.581915342344647035e-01
5.000000000000000000e+00 5.098421352846628452e+00
2.000000000000000000e+00 3.451775769623088852e+00
5.000000000000000000e+00 3.004671307410116565e+00
2.000000000000000000e+00 3.679270779321918372e+00
5.000000000000000000e+00 3.817231655189444739e-01
5.000000000000000000e+00 1.997890555052804329e+00
2.000000000000000000e+00 1.440050879259099581e+00
3.000000000000000000e+00 1.983291596911797683e+00
2.000000000000000000e+00 4.689499235294666057e+00
3.000000000000000000e+00 1.604087421546952941e+00
2.000000000000000000e+00 2.686280138088678271e+00
3.000000000000000000e+00 1.321806411337442588e+00
2.000000000000000000e+00 2.787301090919890534e+00
3.000000000000000000e+00 3.268214897924112794e+00
5.000000000000000000e+00 1.652144565039668223e+00
5.000000000000000000e+00 3.960579795126306202e+00
3.000000000000000000e+00 0.000000000000000000e+00
3.000000000000000000e+00 2.561115058096824271e+00
2.000000000000000000e+00 1.187089560518591602e+00
2.000000000000000000e+00 3.551769831401423994e-01
3.000000000000000000e+00 3.136123066069236742e+00
5.000000000000000000e+00 1.872237048073446264e+00
5.000000000000000000e+00 3.802750566738405169e+00
2.000000000000000000e+00 6.756558340476546132e-01
3.000000000000000000e+00 4.517674865769198078e+00
3.000000000000000000e+00 1.877479415449127886e+00
5.000000000000000000e+00 3.010248491580735486e+00
5.000000000000000000e+00 4.567477710304670424e+00
2.000000000000000000e+00 2.034719378998854911e+00
5.000000000000000000e+00 4.679358074333556772e+00
5.000000000000000000e+00 4.533300735010510785e+00
3.000000000000000000e+00 1.536457980837285797e+00
3.000000000000000000e+00 2.009609359375934989e+00
2.000000000000000000e+00 1.893078516324558036e+00
2.000000000000000000e+00 3.189773080528304661e+00
5.000000000000000000e+00 4.195793200950038049e+00
3.000000000000000000e+00 3.258342770032587765e+00
5.000000000000000000e+00 4.264271941721264447e+00
5.000000000000000000e+00 3.322240852402442712e-01
5.000000000000000000e+00 0.000000000000000000e+00
5.000000000000000000e+00 1.855027485520311270e+00
3.000000000000000000e+00 2.554881233472010127e+00
3.000000000000000000e+00 1.401625126506287122e+00
2.000000000000000000e+00 4.436178889805120207e+00
3.000000000000000000e+00 4.726356730069442236e+00
2.000000000000000000e+00 4.379646669181586738e+00
2.000000000000000000e+00 5.758505660913271207e+00
5.000000000000000000e+00 3.284282462889572152e+00
3.000000000000000000e+00 5.014041582492208882e+00
3.000000000000000000e+00 6.266292269725414421e+00
2.000000000000000000e+00 5.584802048878385605e+00
5.000000000000000000e+00 4.353906607446594634e+00
5.000000000000000000e+00 3.992068439399973023e+00
3.000000000000000000e+00 1.717795989520971345e+00
3.000000000000000000e+00 2.493945336656346878e+00
2.000000000000000000e+00 1.432562357920747598e+00
2.000000000000000000e+00 4.245241355376117909e+00
5.000000000000000000e+00 1.484786568916877547e+00
3.000000000000000000e+00 5.349524152451641257e+00
3.000000000000000000e+00 1.421323388453360037e+00
3.000000000000000000e+00 3.350043296302268825e+00
2.000000000000000000e+00 3.893478986177213663e+00
5.000000000000000000e+00 2.180703387464891119e+00
2.000000000000000000e+00 2.795999266966320729e+00
2.000000000000000000e+00 3.576119002719863715e+00
3.000000000000000000e+00 4.453146202755232430e+00
3.000000000000000000e+00 4.710964479467536492e+00
3.000000000000000000e+00 4.524288456163282568e+00
5.000000000000000000e+00 2.983223500479766699e+00
3.000000000000000000e+00 3.208571929198537287e+00
2.000000000000000000e+00 4.376956614166206627e+00
3.000000000000000000e+00 7.702576009993881145e-01
5.000000000000000000e+00 2.870586134226726926e+00
5.000000000000000000e+00 4.532492666979856644e+00
3.000000000000000000e+00 8.378818927184702448e-01
2.000000000000000000e+00 5.386549751719135415e+00
5.000000000000000000e+00 5.030170336588003721e+00
3.000000000000000000e+00 1.345088420564457765e+00
5.000000000000000000e+00 4.521074616919436906e+00
2.000000000000000000e+00 3.331054531929557250e+00
5.000000000000000000e+00 2.422780584566361473e+00
2.000000000000000000e+00 1.651340156448407370e+00
3.000000000000000000e+00 5.006501880569526719e+00
2.000000000000000000e+00 8.169417828466170040e-01
2.000000000000000000e+00 4.426737988574896754e+00
2.000000000000000000e+00 3.464930629788057104e+00
3.000000000000000000e+00 3.163078168919552624e+00
3.000000000000000000e+00 3.966070628605497639e+00
2.000000000000000000e+00 2.134963807627007881e+00
2.000000000000000000e+00 3.171645185882916440e+00
5.000000000000000000e+00 7.715582160950654744e-01
2.000000000000000000e+00 2.357307996272137718e+00
3.000000000000000000e+00 3.381847084526717229e+00
5.000000000000000000e+00 3.481641368588844099e+00
2.000000000000000000e+00 2.637756885139696195e+00
3.000000000000000000e+00 3.831764872464912930e+00
5.000000000000000000e+00 2.100814431854823638e+00
5.000000000000000000e+00 3.698126585382505382e+00
2.000000000000000000e+00 5.567758329254748340e+00
2.000000000000000000e+00 4.562640266382765653e+00
2.000000000000000000e+00 2.569981497242197488e+00
2.000000000000000000e+00 1.472639647138021424e+00
2.000000000000000000e+00 1.590657785689419956e+00
5.000000000000000000e+00 4.540703950174487247e+00
2.000000000000000000e+00 4.407637897834740137e+00
3.000000000000000000e+00 1.603030956829603282e+00
2.000000000000000000e+00 4.113677616365778889e+00
5.000000000000000000e+00 4.368551950229610625e+00
5.000000000000000000e+00 5.193092711725824095e+00
2.000000000000000000e+00 2.232746202663260071e+00
2.000000000000000000e+00 4.982972859861066972e+00
3.000000000000000000e+00 4.340494694528370445e+00
3.000000000000000000e+00 3.271634779479490440e+00
3.000000000000000000e+00 2.803971921115934407e+00
3.000000000000000000e+00 4.393018341384071768e+00
5.000000000000000000e+00 4.496289242222890614e+00
3.000000000000000000e+00 7.235382342038212400e-01
2.000000000000000000e+00 2.750756543501780449e+00
2.000000000000000000e+00 3.833431065244753189e+00
2.000000000000000000e+00 1.401049362857154534e+00
2.000000000000000000e+00 3.826614376348060009e+00
5.000000000000000000e+00 4.601392304705123060e+00
2.000000000000000000e+00 2.341465432316710338e+00
2.000000000000000000e+00 3.074210291404344098e+00
2.000000000000000000e+00 4.619058191089372656e+00
3.000000000000000000e+00 4.674288823255765557e+00
2.000000000000000000e+00 2.466019175349042136e+00
3.000000000000000000e+00 4.209662722821159164e+00
3.000000000000000000e+00 3.808776443025853276e+00
3.000000000000000000e+00 3.829641928116705341e+00
3.000000000000000000e+00 2.366184662089292345e+00
5.000000000000000000e+00 4.503904989290853145e+00
3.000000000000000000e+00 1.712302569194757984e+00
5.000000000000000000e+00 2.709463737254306448e+00
2.000000000000000000e+00 4.295719985714254285e+00
5.000000000000000000e+00 2.506609877573753753e+00
3.000000000000000000e+00 3.385905362371541383e+00
3.000000000000000000e+00 2.595872215250172310e+00
5.000000000000000000e+00 2.907632676429085183e+00
5.000000000000000000e+00 3.066990073433061958e+00
3.000000000000000000e+00 1.750205539096989948e+00
2.000000000000000000e+00 1.014395005444975739e+00
3.000000000000000000e+00 9.937324614922367072e-01
3.000000000000000000e+00 1.909166708021174053e+00
2.000000000000000000e+00 3.755733643751091311e+00
2.000000000000000000e+00 4.209870352954383499e+00
5.000000000000000000e+00 1.727009243247271897e+00
2.000000000000000000e+00 3.387422624920102265e+00
5.000000000000000000e+00 2.681322438478490167e+00
5.000000000000000000e+00 5.416315435942745671e-01
2.000000000000000000e+00 4.736029189724212607e+00
5.000000000000000000e+00 3.434784955001983331e+00
3.000000000000000000e+00 2.790007502995295763e+00
5.000000000000000000e+00 2.412202572149534152e+00
2.000000000000000000e+00 3.500596863901543454e+00
2.000000000000000000e+00 1.560374056010426225e+00
5.000000000000000000e+00 4.665521356942850417e+00
3.000000000000000000e+00 2.496407522088385011e+00
5.000000000000000000e+00 4.096153023489292444e+00
3.000000000000000000e+00 3.028901481782055871e+00
3.000000000000000000e+00 1.847822567079960621e+00
