-8.629244866445068274e-01 8.475059052449156027e+00
-9.476609708822781641e+00 3.986610251845547293e+00
6.034602162957215299e+00 9.075163040272400394e+00
7.937077326295539415e+00 2.211109096425137643e+00
8.031120100826486308e+00 3.003434937349399370e+00
-5.040029280825751634e+00 1.001571815832952694e+01
1.050283197675613067e+00 8.785821878027819665e+00
-3.079467982220790989e-01 1.149450506171654851e+01
-1.150940661833549594e+00 8.363265460897650883e+00
-8.615610810273851783e+00 1.529901118385612158e+00
-7.010916438543168816e+00 7.271191328361341633e+00
9.468386942975005383e+00 2.902255350423437630e+00
8.066865511782980391e+00 6.765535493079378737e-01
9.390731370927194455e-01 9.402367797877481337e+00
-8.755534362923636849e+00 3.572943927746865977e+00
-1.344695659634800311e+00 8.887628139684386142e+00
4.124092713208812988e+00 8.098466134517842363e+00
1.025097853099765111e+01 4.350188457049045887e+00
7.788522906856799821e+00 6.480165058636897513e+00
-9.831807274203638314e-02 1.194488588093540749e+01
4.703715669279232792e+00 9.055849668429273081e+00
9.863390870270007937e+00 1.846426225889464146e+00
2.212475514322363335e+00 1.126653410610828132e+01
-1.018587408387566384e+01 2.752194947624476917e+00
7.957436139517666263e+00 1.237692475786853707e+00
6.304321018972721014e+00 6.212124370310045052e+00
8.523284322370841437e+00 3.382173482031243239e+00
1.066014347496456516e+01 3.562594767245649052e+00
-8.692832010694250044e+00 5.760038727086702615e+00
1.573348215599276623e+00 9.665237073070715113e+00
1.125489942400343679e+01 2.727891684208364698e+00
-7.737859042700310219e+00 7.179735277675831639e+00
-4.326570297545218047e+00 7.396801817483511066e+00
1.924296380039623555e+00 1.008873948653263852e+01
1.034865044580730498e+01 4.754951202065628380e+00
-7.168598589900619267e+00 8.779069299205929156e+00
1.106115453620395073e+01 3.614433448896618106e+00
-7.371656309177458510e+00 3.627225524610012020e+00
8.650322077190615744e+00 2.849160699392951912e+00
1.031649723615382541e+01 2.196752454286780565e-01
1.089643954289005023e+01 7.169581818870078838e-01
-9.779177166461604287e+00 2.305713682822538413e+00
9.941455207248145243e+00 3.299129696018367142e+00
-3.088741372266645246e+00 9.658495123441859675e+00
8.110015450614591614e+00 3.809102946832143122e+00
-9.443785089056596860e+00 3.828659587024951794e+00
8.408913221794511728e+00 3.748587626201207446e-01
2.671254890924304792e+00 1.045792196699963661e+01
-3.225707019412173082e+00 1.078188858438620024e+01
7.138789641649521123e+00 4.376134305260777069e+00
9.584513090398210977e+00 1.848131907024753273e+00
6.491361706616464389e+00 6.182902766483843848e+00
1.005975035294472697e+01 1.248986491420320810e+00
7.869214482856647486e+00 6.487730737075144916e+00
-9.037272190658830695e+00 8.778030037342605674e-01
-3.574758177478676746e+00 7.898217972682100019e+00
8.699019313414327215e+00 3.722555775464767347e+00
-3.174971702406887974e+00 7.412367902756643367e+00
3.243021067010858793e+00 1.004920767406482618e+01
1.082171973206428994e+01 7.031271482828655994e-01
-9.622893044733155321e+00 1.281436191591603047e+00
9.323146768065841528e+00 2.524901504629777360e+00
1.172354888892865965e+01 1.312173447344852084e+00
8.505675889078474938e+00 4.237215238625663183e+00
1.406641917829786870e+00 8.721176073776470972e+00
-8.168505075516456770e+00 3.331945650967360617e+00
7.302808159516413156e+00 8.271741386726212397e+00
6.134153214334471471e+00 6.825163109343764134e+00
5.051281508580228952e+00 8.417663303335821467e+00
-9.616057517357917916e+00 6.778125602918658288e+00
7.918892448105525617e+00 2.514547974852546552e+00
1.019471934440095495e+01 4.931375018987325554e+00
7.236932265971074862e+00 5.428539173090767278e+00
-5.370338847295514029e+00 6.931663375558225759e+00
-1.003278513457570043e+01 5.212910143248667971e+00
-5.548738431875150035e+00 7.868376663516674974e+00
-8.468946357090301191e+00 4.619688162771344864e+00
-1.005482892955987673e+01 5.233638731794965970e+00
9.444099566289645864e+00 4.100639440245780420e+00
7.968216243731229831e+00 2.120513953713335731e+00
1.376442402173164437e-01 1.148548393438033344e+01
5.879982298870221058e+00 9.211133276218149035e+00
2.306998291637500031e+00 9.746025008102488840e+00
4.954833434019303873e+00 9.149147033472535995e+00
-9.277784213221842435e+00 4.213612132883714168e+00
2.900138967650799149e+00 9.933372444444177773e+00
5.208214639116341083e+00 8.626450653424528880e+00
7.269903312948472696e+00 5.509929517805496779e+00
8.371781911659363473e+00 1.965811463608132970e+00
-4.468610447811179220e+00 1.073572688487444182e+01
-7.359460288472767786e+00 8.258501844804770897e+00
4.763491988801209054e+00 9.385815131633876263e+00
-5.013954696357184604e-01 9.497375269306145285e+00
6.550190277922387949e+00 8.670428040147104554e+00
-3.223620956767909718e+00 9.159751248616695207e+00
3.732727577165164123e-01 8.283779402134884506e+00
-9.296617661879645667e+00 5.875601881579605390e+00
1.047905743050340632e+01 1.957534488011464902e+00
8.314812902170778841e+00 4.629434436564586974e+00
-9.404874978954017806e+00 3.882120778871320788e+00
-1.374826087648446160e+00 1.041127031082540633e+01
-6.549433154013099667e+00 5.486645592425521301e+00
2.588846143955170209e+00 8.118586169616129666e+00
-1.027907491630905845e+01 4.429636291214302801e+00
-6.594778202068314776e+00 9.944562635427955044e+00
-8.041873487764535255e+00 7.493380298198260903e+00
5.992361827504192107e+00 7.713222957337072749e+00
-1.063853607366286314e+00 1.077848718284483276e+01
5.488019275394613317e+00 9.510042203225909319e+00
4.487365817479583185e+00 1.102030065707859841e+01
8.318915271600044292e+00 5.765268365251921878e+00
9.447244772376686583e+00 6.001556789647393586e+00
-2.568811949101900360e+00 1.020067042968187820e+01
-8.265793094493767867e+00 5.474012954298834721e+00
3.183603790297035108e+00 8.432363624683098635e+00
-5.651895909802764351e+00 7.816721524052821835e+00
1.154008377874039049e+01 2.886230921549452599e+00
-5.198492949373142435e-01 1.055407927327291340e+01
9.580589962787628977e+00 6.966482384739289824e-01
6.487368283582408246e+00 5.843029564632783668e+00
-4.694839806347875788e-01 1.112893433383115038e+01
5.388364586780078014e+00 9.049020582137275781e+00
-3.255161478723795909e+00 8.059931454156460617e+00
-6.306284899787236498e+00 9.239504684628430553e+00
4.897783645585516155e-01 1.026214404106297096e+01
5.366708892125145347e+00 6.664163390428596401e+00
7.772210091501924545e+00 5.472723905528988020e+00
5.918471072761272822e+00 9.733141367780666187e+00
5.286798801793487712e+00 9.136553897091602039e+00
1.091398454719831967e+01 5.658373342115926574e-01
9.007624898213288489e+00 5.065470471604474056e+00
-9.130169997219258704e+00 5.345755137512548494e+00
-6.794416834892850865e+00 8.740711891115365617e+00
8.669365552038375000e+00 3.636594814957634814e+00
-8.167495010193539073e+00 2.316041070519108125e+00
9.029191944938132153e+00 5.365526327972849785e+00
5.349907685949519376e+00 6.520993704530274826e+00
-1.554295398415439511e+00 8.474975138324337465e+00
-6.389778505294063216e+00 5.377948738283794938e+00
4.542811009690994162e+00 7.426402332835936093e+00
-9.405909133144968237e+00 2.954307184739258130e+00
-3.809329165019611718e+00 7.377465748888250019e+00
-8.886849507182407848e+00 3.157587553587456686e+00
-9.743932726582261949e+00 2.772524994677625920e-01
7.289759230726771122e+00 8.100086670852487458e+00
-2.363768980673023878e-01 8.281531658379787331e+00
-2.650579543945643213e+00 9.467337843212263238e+00
8.521595103471556243e+00 1.440832220952779741e+00
9.278184308765949240e+00 5.150430119465704948e+00
8.840815235959325946e+00 2.484167681433791408e+00
1.039871399381747219e+00 8.677585985851170136e+00
7.687976543185020439e+00 4.983313460933539218e+00
-3.555337690279530616e+00 8.833705608660688213e+00
-1.156810570378725478e+00 9.759076348576849469e+00
6.430076254834652616e+00 9.218582053450321112e+00
-7.799054011393454111e+00 6.304799698911912387e+00
8.611635239977259104e+00 5.417245727795954036e-01
9.478674182105923052e+00 4.810266495466979819e+00
-1.327303254410597599e+00 1.006379683820017945e+01
-3.193114258349997847e+00 8.090595121295487857e+00
9.867975270054671455e+00 5.344474722687603929e+00
7.562493031170138380e+00 7.036228755206940022e+00
-4.400332195426281956e+00 1.000897354944054740e+01
-1.006554449227030190e+01 5.636472737953034162e+00
-7.388457455141609564e+00 7.003131524180180811e+00
4.555700631524024047e+00 9.955049820848206110e+00
-3.813602713091409080e-01 8.001485609391940201e+00
-9.710306071996027910e+00 5.744856526166921995e+00
8.835246346409059370e+00 4.539761827220591961e+00
8.566434351435537664e+00 4.307225009520302628e+00
6.787475585627255725e+00 8.453777037460746158e+00
-9.576868068122923461e+00 3.360041312996198570e+00
-7.388252135207715732e+00 5.421895171894805188e+00
-1.119410356914331572e+01 7.872156475094208572e-01
-7.998582192298407278e+00 5.129607300111335810e+00
-2.670838461100462080e+00 7.957359343789695671e+00
2.101120965095338189e+00 9.196494003553706165e+00
3.228434155790189664e+00 8.997246854488267331e+00
2.497197113347612296e-01 8.540482817692769402e+00
-1.017388775868581163e+01 1.281620975556620579e+00
8.634885422826680923e+00 8.602825910217691829e-01
3.648767445985814817e+00 9.164851837790095601e+00
-5.066729499200816278e+00 8.075393245102263862e+00
6.635708245998939603e+00 5.256442330127461204e+00
9.164227772327723898e+00 2.447317506927469299e+00
-2.013011604013131006e-01 8.613715423693660611e+00
-8.123686864680244923e+00 7.224076563126329731e+00
-2.632497153197398632e+00 1.084051650813082723e+01
-7.936427768303607522e+00 8.399332900138951175e+00
-7.685351471268185186e+00 3.995429941675503471e+00
-1.102912230061676446e+01 7.863786947222113355e-01
-8.132670467861276009e+00 2.278376819935330921e+00
-1.047531062579942684e+01 1.841153253205015217e+00
-1.089948476699831659e+01 4.061093211237551515e+00
8.274549933963754711e+00 6.364409510604146725e+00
-1.052986472651833161e+01 5.437042542932007727e+00
6.146232038274323628e+00 8.464115985630815686e+00
5.158963320079416270e+00 8.234458669502906503e+00
-6.468528800529999012e-01 8.067643243638547901e+00
2.701813418562672986e+00 8.390966783647106908e+00
-8.885983006997367539e+00 5.622379739779145957e+00
8.200560979859744748e+00 4.193913309354807772e+00
-9.104664988354278066e+00 7.524615909449845041e+00
-1.784965369264066570e+00 9.985678744681667496e+00
7.592466552759773002e+00 5.993723436804968330e+00
-9.181196152831768487e+00 6.119914254739715620e-01
1.236083549847986518e+00 1.125057086420914310e+01
3.087823527613297259e+00 8.983522587349501265e+00
7.565857290109843092e+00 5.048028639190427214e+00
-9.729363821826591874e+00 5.452669029135826406e+00
-3.804624917121917527e+00 8.458340446417548009e+00
5.021058223781123431e+00 1.080406154046034040e+01
-5.315114705861819111e+00 7.040953984068861082e+00
7.643472753194926028e+00 5.349985466823377500e+00
1.329743836674842417e+00 9.675800185989752222e+00
-2.313773207029782064e+00 7.676984526342705450e+00
7.984907610897758801e+00 6.035239346304883234e+00
1.134518500413107533e+00 1.032483426621373468e+01
-9.764901521152642871e+00 1.231086128695301901e-01
1.503336325523436656e+00 1.092607135326159451e+01
-7.225514008114426900e+00 7.390211836588074235e+00
-5.073962459064100372e+00 6.854191513668991043e+00
-2.288553649330357320e+00 1.170892484311374382e+01
7.980823565878949033e+00 2.459218726035999669e+00
-1.098034133726840622e+01 3.831982701841158523e+00
1.052855428271431304e+00 8.177744192600421513e+00
8.758568877216760029e+00 5.370200323236277384e+00
1.114327993528959482e+01 3.391296204339323328e+00
-8.438105550902740504e+00 2.627594701156977131e+00
-1.001528287834146980e+01 2.737802442385790513e+00
4.609523375337392648e-01 8.817020810264450503e+00
8.391670140013829382e+00 4.951782831253086492e+00
-8.898307188570573345e+00 6.971556149673780567e+00
-8.687265435301823047e+00 7.934612480558957515e+00
3.781952012366618820e+00 7.468336843523117885e+00
7.254584234254597419e+00 5.180112318534601634e+00
-9.277352154472346513e+00 2.414252080479989182e+00
-4.279747993130898820e+00 7.362670611676606747e+00
-1.101762159479241099e+01 3.615902091398353946e+00
5.939145901302359754e+00 7.861610991409372140e+00
3.152504340676978711e-01 8.718116781778421753e+00
-2.551433152529890336e+00 9.585489474341514438e+00
-1.165650622625324573e+01 1.737352294406392106e-01
-7.548698878804423806e+00 3.091578003725048873e+00
-1.054290669092012855e+01 4.832565108336270399e+00
-9.362321681563937403e+00 6.309670361156737295e-01
-5.050403377198013466e+00 6.404571661436902374e+00
3.437424889498274627e+00 1.033861855342241576e+01
7.435700664528773096e+00 3.024439042244330356e+00
-1.830971302825723734e+00 9.124120391235344130e+00
-6.816649773911482413e+00 6.538053031649876168e+00
1.075755457957424355e+01 2.504807381963825019e-01
-8.826548581939041682e+00 2.614783596115169750e+00
5.410289249261611033e+00 6.279258591286777325e+00
4.213886579349968464e+00 6.897550548050831232e+00
-6.898793385001797951e+00 4.215154373038306090e+00
-7.245664527076998596e+00 5.058212094700752282e+00
-5.984243529571159570e+00 7.889719122368255455e+00
-8.086914285859135632e+00 9.758711257307869369e-01
-6.550187688635552341e+00 7.383350870569515223e+00
-6.814010257431521111e+00 6.920201060433623041e+00
7.745869711633329047e+00 2.061352729727723876e+00
1.097169811479550994e+01 3.117615336471780463e+00
-5.121773026986171651e+00 6.645315801485399021e+00
4.035227535395748966e+00 9.660957978027827409e+00
-4.163174597310436154e-01 1.080751491668606157e+01
-7.653858247842580731e+00 6.936181072676583348e+00
1.108622768012096138e+01 2.128443158175920669e+00
7.049774622704632066e+00 8.990597000445632148e+00
6.775266595625233812e+00 7.328167649233628289e+00
-5.518089513938014612e+00 7.902601168956636002e+00
-9.918481955273126260e+00 3.713825251610540779e+00
-9.437753598539540434e+00 2.720233490111525931e+00
-1.160341036940947479e+00 1.123885978064305746e+01
7.646634926192918513e+00 2.602213141462794699e+00
-5.190837105963201026e+00 7.244173872167726458e+00
-9.824165817994686023e+00 6.438335984148734426e+00
-9.302188923639100437e+00 5.410759666074827834e+00
-3.212847047695208680e+00 8.449335298888014378e+00
-2.905569215327246102e+00 9.169699871587175366e+00
-8.692523721036199191e+00 2.209483005473175332e+00
1.014538629394465374e+01 3.774581621128903636e-02
-9.825970046032582061e+00 4.983757833679425708e+00
-4.525640414094632469e+00 8.986478811817303125e+00
-2.010690774102464218e+00 1.155801756575488781e+01
-9.172800929787987556e+00 3.338160442159397778e+00
-1.181658946150706324e+00 8.183318733980151194e+00
9.857920307666613979e+00 1.934488906004793840e+00
8.201201345530945375e+00 5.916155467916158095e+00
5.156109279174803106e+00 8.739828269896358748e+00
9.593310288343346315e+00 6.886787702087522334e+00
-1.817379029964778292e+00 1.081821528136263488e+01
-1.083641518318875896e+01 3.552066304326530144e+00
-5.370968795016922925e+00 8.587513970452109291e+00
3.219112735207964260e+00 9.021756213416171732e+00
-8.759664316171635434e+00 1.205704653363876222e+00
1.819095355604639863e+00 9.544552970574626372e+00
6.015670775927391745e+00 6.576371459778891371e+00
-9.122443144408700633e+00 6.862985533444946107e+00
7.260609651040232038e+00 4.040156073449826302e+00
6.590595384052577721e+00 6.730057587749432635e+00
8.970201840943753169e+00 3.125616208706584742e-01
6.092159910568867964e+00 7.003239904513556269e+00
5.177166700567660262e-01 8.979421998508664515e+00
1.144664655664983144e+01 2.983522369519838957e+00
8.141565781396549184e+00 2.972736026503013385e+00
7.246770986258421310e+00 4.961947911586578996e+00
1.172360862514547630e+00 8.073170572576954029e+00
-4.751758307869044629e+00 6.642324419050135376e+00
1.065362495858907188e+01 2.090953427456298641e+00
8.126487860717409362e+00 2.967266882866568700e+00
-6.351723820046231594e+00 7.929566315778286523e+00
8.491802211142934098e+00 2.554924767387126705e-01
1.008271900150956846e+01 3.060631115306760908e+00
-2.349192087461084988e+00 8.489162091382096875e+00
8.345387433505409902e+00 1.646091225724602980e+00
5.445805214793734805e+00 8.514869919909878959e+00
-1.732998765008552544e+00 9.159825986612624149e+00
-4.133938727959397125e-02 9.220288292379004602e+00
-1.102160183305146468e+01 3.946018034611925795e+00
-2.954754721581213328e+00 8.933041268772100807e+00
-1.121074188637702029e+00 9.873952035730059862e+00
-2.142164445808051543e+00 9.222282131652884019e+00
9.819975204524020285e+00 4.894335540883311353e+00
5.935946735326246504e+00 6.551531241194966881e+00
-1.067540285087227581e+01 3.226580024243350664e+00
-7.379885319255463649e+00 5.228967029982118042e+00
-6.372383834045147744e+00 5.894757387788572167e+00
6.187263143264122967e+00 5.491748292500907347e+00
6.156110332186653267e+00 7.405566920556744037e+00
-1.439437940097844093e-01 1.052827852591917868e+01
8.450937677036499451e+00 9.094368820922600349e-01
8.945110267484258415e+00 2.962818879684174789e+00
-4.921375369106252839e-01 1.045037690549523646e+01
4.144796407102472324e-01 1.128187849171747814e+01
7.902659983006045330e+00 3.480916523204630408e+00
-7.898761035688225185e+00 6.411754228737840400e+00
4.870143197338821506e-01 1.079471972598770257e+01
-1.095340290076276313e+00 9.421761557491199923e+00
4.659580670483127740e+00 7.273392454177117550e+00
4.021332476559134506e+00 1.012831011527554281e+01
7.212948305985151798e+00 7.775325685019698341e+00
9.915397843353545682e+00 4.650003248212368767e+00
-7.625080737972378842e+00 6.097982365120483195e+00
-9.918830994751751007e+00 1.416079383051286111e+00
6.873446399408916996e+00 4.512168587814869625e+00
7.906006405716262897e+00 8.492643992892659810e+00
1.218432205668794177e+00 8.941253642502386967e+00
-7.336536009426888327e+00 9.102994513158558121e+00
1.075333178961576586e+01 2.836886992259705087e-01
7.279528011054170911e+00 9.280369826958093427e+00
5.708724450472209888e+00 7.082535946282463968e+00
4.590857055729054892e+00 6.785747769470368951e+00
-5.267951741451205372e+00 7.573816467048213319e+00
3.184012534380273873e+00 9.962420806587379829e+00
8.109347892144912251e+00 2.541706115631978680e+00
-8.867536348637685251e+00 5.118762025884894484e+00
1.302623407774651347e-02 1.176003608345859952e+01
-3.019864954395161227e+00 8.686391358173686683e+00
-8.573459591290243154e+00 7.369863748599978948e+00
1.084115850074656606e+01 2.974226959964231032e+00
-5.103318584500873278e+00 1.056067386959901633e+01
7.981612208817421283e+00 1.928819261803567997e+00
2.665720253796944217e+00 9.433113087200917235e+00
-1.175467444228579739e+00 8.136321115068545495e+00
7.217278677065890768e+00 8.047861990024012258e+00
-9.104661218636832531e-01 1.057866836420788381e+01
-3.156660100848696082e+00 8.702612831585812003e+00
-4.659900801023093564e+00 8.538583195778251422e+00
2.232814494475361400e+00 8.593811540778810709e+00
-4.245825693584858840e+00 1.095465480367481881e+01
-5.158680138763744871e-01 1.046779972731285646e+01
1.188442669461170276e+00 7.967925225361560670e+00
-4.352444642734028535e-01 9.554077377259172721e+00
-7.287127438356634457e+00 6.468577186414331770e+00
2.914362531692334279e+00 8.003471100200625798e+00
-1.924360122259576311e+00 1.073843667469195573e+01
1.999561412020496309e-01 8.704316056121902179e+00
5.099277059382075095e+00 6.857228073556001391e+00
-1.024727757033437392e+01 2.586655938169008184e+00
-5.246081693783041899e+00 8.529733162657093359e+00
7.974539638342539760e+00 1.587111193125761543e+00
-6.782369770250642027e+00 4.565049120013799921e+00
7.667515728427911625e+00 2.585712974646646067e+00
-7.772039584885692243e+00 3.633431926627767261e+00
-2.827075683376332194e+00 7.772435599278090912e+00
7.949175360837657855e+00 4.242920716102025480e+00
2.501827740347271511e+00 1.128508664507048209e+01
-5.512908258597801314e+00 6.894792890235626359e+00
-1.185413921183796626e+00 1.096780295107764225e+01
-6.131727791004816019e+00 9.713880089722277233e+00
-8.237014444284822545e+00 3.480177846045330314e-01
-8.739297567506515207e+00 7.318506376484378961e+00
-9.059727966937330734e+00 3.849008603745398549e+00
-5.002857664651807035e+00 7.468740774429808660e+00
8.301139387338512421e+00 5.300129915337786768e-01
1.571340742386459377e+00 9.364877443377446653e+00
9.006503673583399205e+00 1.865412591650979612e+00
3.059262617964721098e+00 9.433675510402064646e+00
-6.679130475395863797e+00 7.836038953459175893e+00
-5.946097727566637126e+00 9.678881358690535563e+00
-2.844591104369659895e+00 8.195973835636291227e+00
2.673425399610417585e+00 9.813702714643298464e+00
1.002408881567298593e+01 6.151708858508484923e+00
7.921091826567811189e+00 7.902360641058164603e+00
7.547161752136021917e+00 7.411342642682880566e+00
-6.280688482841768838e+00 6.979818735700219712e+00
1.149334663767123033e+01 1.340254482495685018e+00
-8.658423595962776886e+00 8.093070654121195417e+00
5.404467027352787056e+00 8.266078371962379379e+00
6.893611288658125780e+00 6.127674366430091446e+00
9.729186010022091935e+00 5.068542454681063819e-02
-6.539895278738500295e+00 9.088796041718502750e+00
7.709688017744641186e+00 6.922063627076270542e+00
1.172929503143416774e+01 1.400553582980559097e+00
1.085351435078362847e+01 2.194040733076072058e+00
4.884813085661795284e+00 6.773962385950365039e+00
-9.133441638820166020e+00 3.510350094831998558e+00
-1.936603458073680839e+00 1.016888946598230525e+01
-7.460699150526656886e+00 8.286873158156385699e+00
-1.470440826342040763e+00 9.636782206394128636e+00
1.101371752441104057e+01 2.541755359338340625e+00
7.290117207160160540e+00 3.344048070113610382e+00
5.803715810567687816e-01 1.009525047043483248e+01
-2.633541190666794485e+00 8.865414560380564524e+00
7.921163408045510224e+00 4.623921716791548953e+00
5.455913850794728015e-01 1.059857837235495026e+01
-9.688780352654227102e+00 2.656133024573614776e+00
1.144704193887999466e+01 2.090922550553366843e+00
-9.656822974600501652e+00 4.842251132428769367e+00
-1.327037720203233295e+00 1.016694829811252099e+01
3.330190163815595739e+00 1.080822104568428799e+01
-5.986719337209194247e-01 8.191361627572399939e+00
1.029747560199632517e+01 2.467933244359494349e+00
2.065513201558691669e+00 9.217582380294638611e+00
-7.816293615046179255e+00 5.620256183440138997e+00
-7.307632910046258701e+00 5.756357658831205981e+00
1.502600594297938574e+00 8.169409948428056012e+00
-3.636668740486406648e+00 1.082320799720740645e+01
-4.150458032658549179e+00 7.579368584032903478e+00
-6.718040001423751795e-01 8.877782182662000920e+00
-5.490724079621217557e-01 1.097674636228360256e+01
-1.645296938742370596e+00 9.425076205522216810e+00
-8.698533094957960898e+00 1.436660788113730103e+00
3.267734647346937749e+00 7.602840921353815951e+00
6.606424456572542958e+00 8.671532408427088612e+00
-1.381170973007006308e+00 8.674050333531608814e+00
-5.825605088536242704e+00 6.348826907403087638e+00
6.210585023854529041e+00 6.755399233311281115e+00
2.523713389097052229e+00 1.093171949395355291e+01
-3.735360877347560837e+00 1.079189001539855575e+01
-6.875797938333052528e-01 9.847643956741567450e+00
1.073974237556185507e+01 1.582775337619280354e+00
6.824953915895017431e+00 5.950768186837607665e+00
-1.267347920081424828e+00 8.969909088089904614e+00
-8.942817369007874717e+00 1.782444818740057668e+00
3.228759759912963379e+00 1.036623624295038759e+01
8.088472826369795143e+00 4.996916330647292348e+00
-1.128756451219482848e+01 1.457447710258918949e+00
5.865375244487222695e+00 9.161138466370079669e+00
8.003484015597837953e+00 1.507215193733552505e+00
-7.482280633562093719e+00 7.267436968886117121e+00
-8.647071716441413258e+00 4.981799118092822276e+00
-7.912030548324388235e+00 1.892574347197296225e+00
-5.891731772748212137e+00 5.478553327782774041e+00
-1.971030116979421709e-01 1.140512766984692306e+01
-7.129523041457119348e+00 8.060324752465321652e+00
1.214988312775130863e+00 1.017589937424249058e+01
8.213379098819688195e+00 3.906116080021808212e+00
5.684913703919606043e+00 6.923645695489412333e+00
-7.732125483033926550e+00 5.569708168081594302e+00
8.997287018138843351e+00 1.176878750261255213e+00
-5.857930018380763215e+00 5.866206280869225687e+00
-9.413451650078773270e+00 5.988729209466815639e+00
5.795573663972720668e-01 1.183312098856919725e+01
3.279949461882925021e+00 8.723930411535741669e+00
-9.599931652868580301e+00 4.183802380797883913e+00
8.237236822189004215e+00 3.074388028661180883e+00
-5.164537653544992502e+00 6.554539069385880268e+00
-4.155242779115488005e+00 1.006894225193428305e+01
3.984613355836244430e+00 8.249736074119320861e+00
7.592187905706890838e+00 3.768437809820117224e+00
-5.437867144120776430e+00 5.953890830570540693e+00
-1.106867443389291061e+01 3.878110323458866304e+00
5.370447187690963631e+00 7.237525973446376604e+00
-4.048253929566097975e-01 9.282892603576494039e+00
-3.602500981724100715e+00 8.218697693785420810e+00
4.063462120588935633e+00 7.634733268305516241e+00
6.703855078384362898e+00 5.618646793561101305e+00
7.357656443976971161e+00 3.558720447010578880e+00
-9.152200819368680129e+00 2.245584439069411964e+00
2.448808365324927294e+00 8.454447143856832270e+00
-1.024066369031883816e+01 4.178457668516202261e-01
-9.288851149842324517e+00 4.692847713137943799e+00
-4.332993102450142686e+00 9.899637745440998060e+00
1.056656907161936410e+01 3.579998617934185834e+00
3.358297584734346586e+00 8.175141918269273944e+00
-2.712526543530503265e+00 7.640421858556659451e+00
4.609002807604497320e+00 7.985381087602908323e+00
2.399228688222216910e+00 1.065970017239577849e+01
9.137075513355492618e+00 -6.475059052449156027e+00
5.233902911772183586e-01 -1.986610251845547293e+00
1.603460216295721352e+01 -7.075163040272400394e+00
1.793707732629554030e+01 -2.111090964251376434e-01
1.803112010082648453e+01 -1.003434937349399370e+00
4.959970719174248366e+00 -8.015718158329526943e+00
1.105028319767561307e+01 -6.785821878027819665e+00
9.692053201777920179e+00 -9.494505061716548511e+00
8.849059338166449962e+00 -6.363265460897650883e+00
1.384389189726148217e+00 4.700988816143878424e-01
2.989083561456831184e+00 -5.271191328361341633e+00
1.946838694297500538e+01 -9.022553504234376298e-01
1.806686551178297861e+01 1.323446450692062015e+00
1.093907313709271989e+01 -7.402367797877481337e+00
1.244465637076363151e+00 -1.572943927746865977e+00
8.655304340365200133e+00 -6.887628139684386142e+00
1.412409271320881388e+01 -6.098466134517842363e+00
2.025097853099764933e+01 -2.350188457049045887e+00
1.778852290685679804e+01 -4.480165058636897513e+00
9.901681927257962812e+00 -9.944885880935407485e+00
1.470371566927923368e+01 -7.055849668429273081e+00
1.986339087027000971e+01 1.535737741105358545e-01
1.221247551432236378e+01 -9.266534106108281321e+00
-1.858740838756638425e-01 -7.521949476244769173e-01
1.795743613951766804e+01 7.623075242131462925e-01
1.630432101897272190e+01 -4.212124370310045052e+00
1.852328432237084144e+01 -1.382173482031243239e+00
2.066014347496456338e+01 -1.562594767245649052e+00
1.307167989305749956e+00 -3.760038727086702615e+00
1.157334821559927640e+01 -7.665237073070715113e+00
2.125489942400343679e+01 -7.278916842083646976e-01
2.262140957299689781e+00 -5.179735277675831639e+00
5.673429702454781953e+00 -5.396801817483511066e+00
1.192429638003962289e+01 -8.088739486532638523e+00
2.034865044580730498e+01 -2.754951202065628380e+00
2.831401410099380733e+00 -6.779069299205929156e+00
2.106115453620395073e+01 -1.614433448896618106e+00
2.628343690822541490e+00 -1.627225524610012020e+00
1.865032207719061574e+01 -8.491606993929519120e-01
2.031649723615382541e+01 1.780324754571321888e+00
2.089643954289005023e+01 1.283041818112992116e+00
2.208228335383957130e-01 -3.057136828225384129e-01
1.994145520724814702e+01 -1.299129696018367142e+00
6.911258627733355198e+00 -7.658495123441859675e+00
1.811001545061458984e+01 -1.809102946832143122e+00
5.562149109434031402e-01 -1.828659587024951794e+00
1.840891322179451350e+01 1.625141237379879255e+00
1.267125489092430435e+01 -8.457921966999636609e+00
6.774292980587826918e+00 -8.781888584386200236e+00
1.713878964164952023e+01 -2.376134305260777069e+00
1.958451309039821098e+01 1.518680929752467268e-01
1.649136170661646617e+01 -4.182902766483843848e+00
2.005975035294472519e+01 7.510135085796791898e-01
1.786921448285664837e+01 -4.487730737075144916e+00
9.627278093411693050e-01 1.122196996265739433e+00
6.425241822521323698e+00 -5.898217972682100019e+00
1.869901931341432544e+01 -1.722555775464767347e+00
6.825028297593112470e+00 -5.412367902756643367e+00
1.324302106701085791e+01 -8.049207674064826179e+00
2.082171973206428817e+01 1.296872851717134401e+00
3.771069552668446789e-01 7.185638084083969535e-01
1.932314676806583975e+01 -5.249015046297773601e-01
2.172354888892866143e+01 6.878265526551479159e-01
1.850567588907847494e+01 -2.237215238625663183e+00
1.140664191782978776e+01 -6.721176073776470972e+00
1.831494924483543230e+00 -1.331945650967360617e+00
1.730280815951641316e+01 -6.271741386726212397e+00
1.613415321433447147e+01 -4.825163109343764134e+00
1.505128150858022806e+01 -6.417663303335821467e+00
3.839424826420820835e-01 -4.778125602918658288e+00
1.791889244810552384e+01 -5.145479748525465524e-01
2.019471934440095495e+01 -2.931375018987325554e+00
1.723693226597107397e+01 -3.428539173090767278e+00
4.629661152704485971e+00 -4.931663375558225759e+00
-3.278513457570042533e-02 -3.212910143248667971e+00
4.451261568124849965e+00 -5.868376663516674974e+00
1.531053642909698809e+00 -2.619688162771344864e+00
-5.482892955987672678e-02 -3.233638731794965970e+00
1.944409956628964409e+01 -2.100639440245780420e+00
1.796821624373123072e+01 -1.205139537133357308e-01
1.013764424021731614e+01 -9.485483934380333437e+00
1.587998229887022106e+01 -7.211133276218149035e+00
1.230699829163750003e+01 -7.746025008102488840e+00
1.495483343401930298e+01 -7.149147033472535995e+00
7.222157867781575646e-01 -2.213612132883714168e+00
1.290013896765079870e+01 -7.933372444444177773e+00
1.520821463911634197e+01 -6.626450653424528880e+00
1.726990331294847181e+01 -3.509929517805496779e+00
1.837178191165936170e+01 3.418853639186703042e-02
5.531389552188820780e+00 -8.735726884874441822e+00
2.640539711527232214e+00 -6.258501844804770897e+00
1.476349198880120994e+01 -7.385815131633876263e+00
9.498604530364280762e+00 -7.497375269306145285e+00
1.655019027792238973e+01 -6.670428040147104554e+00
6.776379043232090282e+00 -7.159751248616695207e+00
1.037327275771651713e+01 -6.283779402134884506e+00
7.033823381203543335e-01 -3.875601881579605390e+00
2.047905743050340632e+01 4.246551198853509845e-02
1.831481290217077884e+01 -2.629434436564586974e+00
5.951250210459821943e-01 -1.882120778871320788e+00
8.625173912351554506e+00 -8.411270310825406327e+00
3.450566845986900333e+00 -3.486645592425521301e+00
1.258884614395516977e+01 -6.118586169616129666e+00
-2.790749163090584517e-01 -2.429636291214302801e+00
3.405221797931685224e+00 -7.944562635427955044e+00
1.958126512235464745e+00 -5.493380298198260903e+00
1.599236182750419211e+01 -5.713222957337072749e+00
8.936146392633713020e+00 -8.778487182844832759e+00
1.548801927539461332e+01 -7.510042203225909319e+00
1.448736581747958319e+01 -9.020300657078598405e+00
1.831891527160004429e+01 -3.765268365251921878e+00
1.944724477237668481e+01 -4.001556789647393586e+00
7.431188050898099640e+00 -8.200670429681878204e+00
1.734206905506232133e+00 -3.474012954298834721e+00
1.318360379029703466e+01 -6.432363624683098635e+00
4.348104090197235649e+00 -5.816721524052821835e+00
2.154008377874038871e+01 -8.862309215494525994e-01
9.480150705062685645e+00 -8.554079273272913397e+00
1.958058996278762720e+01 1.303351761526071018e+00
1.648736828358240913e+01 -3.843029564632783668e+00
9.530516019365212088e+00 -9.128934333831150383e+00
1.538836458678007801e+01 -7.049020582137275781e+00
6.744838521276204091e+00 -6.059931454156460617e+00
3.693715100212763502e+00 -7.239504684628430553e+00
1.048977836455855162e+01 -8.262144041062970956e+00
1.536670889212514624e+01 -4.664163390428596401e+00
1.777221009150192543e+01 -3.472723905528988020e+00
1.591847107276127282e+01 -7.733141367780666187e+00
1.528679880179348771e+01 -7.136553897091602039e+00
2.091398454719831790e+01 1.434162665788407232e+00
1.900762489821328671e+01 -3.065470471604474056e+00
8.698300027807412960e-01 -3.345755137512548494e+00
3.205583165107149135e+00 -6.740711891115365617e+00
1.866936555203837500e+01 -1.636594814957634814e+00
1.832504989806460927e+00 -3.160410705191081249e-01
1.902919194493813393e+01 -3.365526327972849785e+00
1.534990768594951938e+01 -4.520993704530274826e+00
8.445704601584560933e+00 -6.474975138324337465e+00
3.610221494705936784e+00 -3.377948738283794938e+00
1.454281100969099327e+01 -5.426402332835936093e+00
5.940908668550317628e-01 -9.543071847392581297e-01
6.190670834980387838e+00 -5.377465748888250019e+00
1.113150492817592152e+00 -1.157587553587456686e+00
2.560672734177380505e-01 1.722747500532237463e+00
1.728975923072677290e+01 -6.100086670852487458e+00
9.763623101932697779e+00 -6.281531658379787331e+00
7.349420456054357231e+00 -7.467337843212263238e+00
1.852159510347155447e+01 5.591677790472202592e-01
1.927818430876595102e+01 -3.150430119465704948e+00
1.884081523595932595e+01 -4.841676814337914081e-01
1.103987139938174700e+01 -6.677585985851170136e+00
1.768797654318501955e+01 -2.983313460933539218e+00
6.444662309720468940e+00 -6.833705608660688213e+00
8.843189429621274300e+00 -7.759076348576849469e+00
1.643007625483465262e+01 -7.218582053450321112e+00
2.200945988606545889e+00 -4.304799698911912387e+00
1.861163523997726088e+01 1.458275427220404596e+00
1.947867418210592305e+01 -2.810266495466979819e+00
8.672696745589401957e+00 -8.063796838200179451e+00
6.806885741650002153e+00 -6.090595121295487857e+00
1.986797527005467146e+01 -3.344474722687603929e+00
1.756249303117013838e+01 -5.036228755206940022e+00
5.599667804573718044e+00 -8.008973549440547401e+00
-6.554449227030190173e-02 -3.636472737953034162e+00
2.611542544858390436e+00 -5.003131524180180811e+00
1.455570063152402405e+01 -7.955049820848206110e+00
9.618639728690858703e+00 -6.001485609391940201e+00
2.896939280039720899e-01 -3.744856526166921995e+00
1.883524634640905759e+01 -2.539761827220591961e+00
1.856643435143553944e+01 -2.307225009520302628e+00
1.678747558562725573e+01 -6.453777037460746158e+00
4.231319318770765392e-01 -1.360041312996198570e+00
2.611747864792284268e+00 -3.421895171894805188e+00
-1.194103569143315724e+00 1.212784352490579032e+00
2.001417807701592722e+00 -3.129607300111335810e+00
7.329161538899537476e+00 -5.957359343789695671e+00
1.210112096509533863e+01 -7.196494003553706165e+00
1.322843415579018966e+01 -6.997246854488267331e+00
1.024971971133476067e+01 -6.540482817692769402e+00
-1.738877586858116331e-01 7.183790244433794214e-01
1.863488542282668092e+01 1.139717408978230928e+00
1.364876744598581482e+01 -7.164851837790095601e+00
4.933270500799183722e+00 -6.075393245102263862e+00
1.663570824599894138e+01 -3.256442330127461204e+00
1.916422777232772390e+01 -4.473175069274692994e-01
9.798698839598687371e+00 -6.613715423693660611e+00
1.876313135319755077e+00 -5.224076563126329731e+00
7.367502846802601368e+00 -8.840516508130827233e+00
2.063572231696392478e+00 -6.399332900138951175e+00
2.314648528731814814e+00 -1.995429941675503471e+00
-1.029122300616764463e+00 1.213621305277788665e+00
1.867329532138723991e+00 -2.783768199353309214e-01
-4.753106257994268447e-01 1.588467467949847833e-01
-8.994847669983165872e-01 -2.061093211237551515e+00
1.827454993396375471e+01 -4.364409510604146725e+00
-5.298647265183316080e-01 -3.437042542932007727e+00
1.614623203827432363e+01 -6.464115985630815686e+00
1.515896332007941538e+01 -6.234458669502906503e+00
9.353147119946999766e+00 -6.067643243638547901e+00
1.270181341856267210e+01 -6.390966783647106908e+00
1.114016993002632461e+00 -3.622379739779145957e+00
1.820056097985974475e+01 -2.193913309354807772e+00
8.953350116457219343e-01 -5.524615909449845041e+00
8.215034630735933874e+00 -7.985678744681667496e+00
1.759246655275977389e+01 -3.993723436804968330e+00
8.188038471682315134e-01 1.388008574526028438e+00
1.123608354984798652e+01 -9.250570864209143096e+00
1.308782352761329726e+01 -6.983522587349501265e+00
1.756585729010984309e+01 -3.048028639190427214e+00
2.706361781734081262e-01 -3.452669029135826406e+00
6.195375082878082473e+00 -6.458340446417548009e+00
1.502105822378112343e+01 -8.804061540460340396e+00
4.684885294138180889e+00 -5.040953984068861082e+00
1.764347275319492780e+01 -3.349985466823377500e+00
1.132974383667484197e+01 -7.675800185989752222e+00
7.686226792970217936e+00 -5.676984526342705450e+00
1.798490761089775702e+01 -4.035239346304883234e+00
1.113451850041310820e+01 -8.324834266213734679e+00
2.350984788473571285e-01 1.876891387130469768e+00
1.150333632552343666e+01 -8.926071353261594510e+00
2.774485991885573100e+00 -5.390211836588074235e+00
4.926037540935899628e+00 -4.854191513668991043e+00
7.711446350669643124e+00 -9.708924843113743819e+00
1.798082356587894992e+01 -4.592187260359996692e-01
-9.803413372684062210e-01 -1.831982701841158523e+00
1.105285542827143175e+01 -6.177744192600421513e+00
1.875856887721676003e+01 -3.370200323236277384e+00
2.114327993528959482e+01 -1.391296204339323328e+00
1.561894449097259496e+00 -6.275947011569771306e-01
-1.528287834146979662e-02 -7.378024423857905134e-01
1.046095233753373854e+01 -6.817020810264450503e+00
1.839167014001382938e+01 -2.951782831253086492e+00
1.101692811429426655e+00 -4.971556149673780567e+00
1.312734564698176953e+00 -5.934612480558957515e+00
1.378195201236661838e+01 -5.468336843523117885e+00
1.725458423425459742e+01 -3.180112318534601634e+00
7.226478455276534874e-01 -4.142520804799891820e-01
5.720252006869101180e+00 -5.362670611676606747e+00
-1.017621594792410988e+00 -1.615902091398353946e+00
1.593914590130236064e+01 -5.861610991409372140e+00
1.031525043406769804e+01 -6.718116781778421753e+00
7.448566847470109664e+00 -7.585489474341514438e+00
-1.656506226253245728e+00 1.826264770559360873e+00
2.451301121195576194e+00 -1.091578003725048873e+00
-5.429066909201285540e-01 -2.832565108336270399e+00
6.376783184360625967e-01 1.369032963884326382e+00
4.949596622801986534e+00 -4.404571661436902374e+00
1.343742488949827418e+01 -8.338618553422415758e+00
1.743570066452877398e+01 -1.024439042244330356e+00
8.169028697174276488e+00 -7.124120391235344130e+00
3.183350226088517587e+00 -4.538053031649876168e+00
2.075755457957424355e+01 1.749519261803617498e+00
1.173451418060958318e+00 -6.147835961151697504e-01
1.541028924926161103e+01 -4.279258591286777325e+00
1.421388657934996758e+01 -4.897550548050831232e+00
3.101206614998202049e+00 -2.215154373038306090e+00
2.754335472923001404e+00 -3.058212094700752282e+00
4.015756470428840430e+00 -5.889719122368255455e+00
1.913085714140864368e+00 1.024128874269213174e+00
3.449812311364447659e+00 -5.383350870569515223e+00
3.185989742568478889e+00 -4.920201060433623041e+00
1.774586971163332905e+01 -6.135272972772387590e-02
2.097169811479550816e+01 -1.117615336471780463e+00
4.878226973013828349e+00 -4.645315801485399021e+00
1.403522753539574808e+01 -7.660957978027827409e+00
9.583682540268956274e+00 -8.807514916686061568e+00
2.346141752157419269e+00 -4.936181072676583348e+00
2.108622768012096316e+01 -1.284431581759206686e-01
1.704977462270463207e+01 -6.990597000445632148e+00
1.677526659562523292e+01 -5.328167649233628289e+00
4.481910486061985388e+00 -5.902601168956636002e+00
8.151804472687373959e-02 -1.713825251610540779e+00
5.622464014604595661e-01 -7.202334901115259314e-01
8.839658963059052965e+00 -9.238859780643057462e+00
1.764663492619291674e+01 -6.022131414627946988e-01
4.809162894036798974e+00 -5.244173872167726458e+00
1.758341820053139770e-01 -4.438335984148734426e+00
6.978110763608995626e-01 -3.410759666074827834e+00
6.787152952304791320e+00 -6.449335298888014378e+00
7.094430784672754342e+00 -7.169699871587175366e+00
1.307476278963800809e+00 -2.094830054731753322e-01
2.014538629394465374e+01 1.962254183788710860e+00
1.740299539674179385e-01 -2.983757833679425708e+00
5.474359585905367531e+00 -6.986478811817303125e+00
7.989309225897535782e+00 -9.558017565754887812e+00
8.271990702120124439e-01 -1.338160442159397778e+00
8.818341053849293232e+00 -6.183318733980151194e+00
1.985792030766661398e+01 6.551109399520615995e-02
1.820120134553094715e+01 -3.916155467916158095e+00
1.515610927917480311e+01 -6.739828269896358748e+00
1.959331028834334631e+01 -4.886787702087522334e+00
8.182620970035221930e+00 -8.818215281362634883e+00
-8.364151831887589594e-01 -1.552066304326530144e+00
4.629031204983077075e+00 -6.587513970452109291e+00
1.321911273520796470e+01 -7.021756213416171732e+00
1.240335683828364566e+00 7.942953466361237780e-01
1.181909535560463986e+01 -7.544552970574626372e+00
1.601567077592738997e+01 -4.576371459778891371e+00
8.775568555912993673e-01 -4.862985533444946107e+00
1.726060965104023381e+01 -2.040156073449826302e+00
1.659059538405257683e+01 -4.730057587749432635e+00
1.897020184094375139e+01 1.687438379129341470e+00
1.609215991056886708e+01 -5.003239904513556269e+00
1.051771667005676569e+01 -6.979421998508664515e+00
2.144664655664983144e+01 -9.835223695198389571e-01
1.814156578139655096e+01 -9.727360265030133846e-01
1.724677098625842220e+01 -2.961947911586578996e+00
1.117236086251454807e+01 -6.073170572576954029e+00
5.248241692130955371e+00 -4.642324419050135376e+00
2.065362495858907010e+01 -9.095342745629864112e-02
1.812648786071741114e+01 -9.672668828665687002e-01
3.648276179953768406e+00 -5.929566315778286523e+00
1.849180221114293232e+01 1.744507523261287218e+00
2.008271900150956668e+01 -1.060631115306760908e+00
7.650807912538915012e+00 -6.489162091382096875e+00
1.834538743350540813e+01 3.539087742753970200e-01
1.544580521479373481e+01 -6.514869919909878959e+00
8.267001234991447234e+00 -7.159825986612624149e+00
9.958660612720406036e+00 -7.220288292379004602e+00
-1.021601833051464681e+00 -1.946018034611925795e+00
7.045245278418786228e+00 -6.933041268772100807e+00
8.878925811362297082e+00 -7.873952035730059862e+00
7.857835554191948901e+00 -7.222282131652884019e+00
1.981997520452402028e+01 -2.894335540883311353e+00
1.593594673532624739e+01 -4.551531241194966881e+00
-6.754028508722758062e-01 -1.226580024243350664e+00
2.620114680744536351e+00 -3.228967029982118042e+00
3.627616165954852256e+00 -3.894757387788572167e+00
1.618726314326412208e+01 -3.491748292500907347e+00
1.615611033218665327e+01 -5.405566920556744037e+00
9.856056205990215702e+00 -8.528278525919178676e+00
1.845093767703649945e+01 1.090563117907739965e+00
1.894511026748426019e+01 -9.628188796841747887e-01
9.507862463089374216e+00 -8.450376905495236457e+00
1.041447964071024757e+01 -9.281878491717478141e+00
1.790265998300604622e+01 -1.480916523204630408e+00
2.101238964311774815e+00 -4.411754228737840400e+00
1.048701431973388232e+01 -8.794719725987702574e+00
8.904659709923723909e+00 -7.421761557491199923e+00
1.465958067048312685e+01 -5.273392454177117550e+00
1.402133247655913451e+01 -8.128310115275542813e+00
1.721294830598515091e+01 -5.775325685019698341e+00
1.991539784335354568e+01 -2.650003248212368767e+00
2.374919262027621158e+00 -4.097982365120483195e+00
8.116900524824899321e-02 5.839206169487138887e-01
1.687344639940891611e+01 -2.512168587814869625e+00
1.790600640571626201e+01 -6.492643992892659810e+00
1.121843220566879396e+01 -6.941253642502386967e+00
2.663463990573111673e+00 -7.102994513158558121e+00
2.075333178961576408e+01 1.716311300774029380e+00
1.727952801105417180e+01 -7.280369826958093427e+00
1.570872445047221078e+01 -5.082535946282463968e+00
1.459085705572905489e+01 -4.785747769470368951e+00
4.732048258548794628e+00 -5.573816467048213319e+00
1.318401253438027432e+01 -7.962420806587379829e+00
1.810934789214491047e+01 -5.417061156319786797e-01
1.132463651362314749e+00 -3.118762025884894484e+00
1.001302623407774739e+01 -9.760036083458599521e+00
6.980135045604838773e+00 -6.686391358173686683e+00
1.426540408709756846e+00 -5.369863748599978948e+00
2.084115850074656606e+01 -9.742269599642310318e-01
4.896681415499126722e+00 -8.560673869599016328e+00
1.798161220881742040e+01 7.118073819643200295e-02
1.266572025379694466e+01 -7.433113087200917235e+00
8.824532555771419595e+00 -6.136321115068545495e+00
1.721727867706589166e+01 -6.047861990024012258e+00
9.089533878136316858e+00 -8.578668364207883812e+00
6.843339899151303918e+00 -6.702612831585812003e+00
5.340099198976906436e+00 -6.538583195778251422e+00
1.223281449447536140e+01 -6.593811540778810709e+00
5.754174306415141160e+00 -8.954654803674818808e+00
9.484131986123625069e+00 -8.467799727312856461e+00
1.118844266946117116e+01 -5.967925225361560670e+00
9.564755535726597202e+00 -7.554077377259172721e+00
2.712872561643365543e+00 -4.468577186414331770e+00
1.291436253169233339e+01 -6.003471100200625798e+00
8.075639877740423245e+00 -8.738436674691955730e+00
1.019995614120204941e+01 -6.704316056121902179e+00
1.509927705938207509e+01 -4.857228073556001391e+00
-2.472775703343739195e-01 -5.866559381690081842e-01
4.753918306216958101e+00 -6.529733162657093359e+00
1.797453963834254154e+01 4.128888068742384565e-01
3.217630229749357973e+00 -2.565049120013799921e+00
1.766751572842791163e+01 -5.857129746466460674e-01
2.227960415114307757e+00 -1.633431926627767261e+00
7.172924316623667806e+00 -5.772435599278090912e+00
1.794917536083765697e+01 -2.242920716102025480e+00
1.250182774034727196e+01 -9.285086645070482092e+00
4.487091741402198686e+00 -4.894792890235626359e+00
8.814586078816203596e+00 -8.967802951077642248e+00
3.868272208995183981e+00 -7.713880089722277233e+00
1.762985555715177455e+00 1.651982215395467080e+00
1.260702432493484793e+00 -5.318506376484378961e+00
9.402720330626692657e-01 -1.849008603745398549e+00
4.997142335348192965e+00 -5.468740774429808660e+00
1.830113938733851242e+01 1.469987008466221212e+00
1.157134074238645916e+01 -7.364877443377446653e+00
1.900650367358339921e+01 1.345874083490203876e-01
1.305926261796472154e+01 -7.433675510402064646e+00
3.320869524604136203e+00 -5.836038953459175893e+00
4.053902272433362874e+00 -7.678881358690535563e+00
7.155408895630340105e+00 -6.195973835636291227e+00
1.267342539961041759e+01 -7.813702714643298464e+00
2.002408881567298593e+01 -4.151708858508484923e+00
1.792109182656781030e+01 -5.902360641058164603e+00
1.754716175213602014e+01 -5.411342642682880566e+00
3.719311517158231162e+00 -4.979818735700219712e+00
2.149334663767123033e+01 6.597455175043149822e-01
1.341576404037223114e+00 -6.093070654121195417e+00
1.540446702735278706e+01 -6.266078371962379379e+00
1.689361128865812489e+01 -4.127674366430091446e+00
1.972918601002209016e+01 1.949314575453189313e+00
3.460104721261499705e+00 -7.088796041718502750e+00
1.770968801774463941e+01 -4.922063627076270542e+00
2.172929503143416952e+01 5.994464170194409025e-01
2.085351435078362670e+01 -1.940407330760720583e-01
1.488481308566179528e+01 -4.773962385950365039e+00
8.665583611798339803e-01 -1.510350094831998558e+00
8.063396541926319827e+00 -8.168889465982305254e+00
2.539300849473343114e+00 -6.286873158156385699e+00
8.529559173657959903e+00 -7.636782206394128636e+00
2.101371752441104235e+01 -5.417553593383406252e-01
1.729011720716016143e+01 -1.344048070113610382e+00
1.058037158105676845e+01 -8.095250470434832479e+00
7.366458809333205515e+00 -6.865414560380564524e+00
1.792116340804550845e+01 -2.623921716791548953e+00
1.054559138507947225e+01 -8.598578372354950261e+00
3.112196473457728985e-01 -6.561330245736147759e-01
2.144704193887999466e+01 -9.092255055336684322e-02
3.431770253994983477e-01 -2.842251132428769367e+00
8.672962279796767149e+00 -8.166948298112520988e+00
1.333019016381559574e+01 -8.808221045684287986e+00
9.401328066279081241e+00 -6.191361627572399939e+00
2.029747560199632517e+01 -4.679332443594943491e-01
1.206551320155869078e+01 -7.217582380294638611e+00
2.183706384953820745e+00 -3.620256183440138997e+00
2.692367089953741299e+00 -3.756357658831205981e+00
1.150260059429793813e+01 -6.169409948428056012e+00
6.363331259513593352e+00 -8.823207997207406450e+00
5.849541967341450821e+00 -5.579368584032903478e+00
9.328195999857625154e+00 -6.877782182662000920e+00
9.450927592037878355e+00 -8.976746362283602565e+00
8.354703061257628960e+00 -7.425076205522216810e+00
1.301466905042039102e+00 5.633392118862698972e-01
1.326773464734693775e+01 -5.602840921353815951e+00
1.660642445657254385e+01 -6.671532408427088612e+00
8.618829026992994358e+00 -6.674050333531608814e+00
4.174394911463757296e+00 -4.348826907403087638e+00
1.621058502385452726e+01 -4.755399233311281115e+00
1.252371338909705223e+01 -8.931719493953552913e+00
6.264639122652439163e+00 -8.791890015398555747e+00
9.312420206166695635e+00 -7.847643956741567450e+00
2.073974237556185329e+01 4.172246623807196464e-01
1.682495391589501565e+01 -3.950768186837607665e+00
8.732652079918574728e+00 -6.969909088089904614e+00
1.057182630992125283e+00 2.175551812599423318e-01
1.322875975991296293e+01 -8.366236242950387592e+00
1.808847282636979514e+01 -2.996916330647292348e+00
-1.287564512194828481e+00 5.425522897410810508e-01
1.586537524448722181e+01 -7.161138466370079669e+00
1.800348401559783795e+01 4.927848062664474948e-01
2.517719366437906281e+00 -5.267436968886117121e+00
1.352928283558586742e+00 -2.981799118092822276e+00
2.087969451675611765e+00 1.074256528027037749e-01
4.108268227251787863e+00 -3.478553327782774041e+00
9.802896988302057579e+00 -9.405127669846923055e+00
2.870476958542880652e+00 -6.060324752465321652e+00
1.121498831277513020e+01 -8.175899374242490580e+00
1.821337909881968642e+01 -1.906116080021808212e+00
1.568491370391960515e+01 -4.923645695489412333e+00
2.267874516966073450e+00 -3.569708168081594302e+00
1.899728701813884157e+01 8.231212497387447868e-01
4.142069981619236785e+00 -3.866206280869225687e+00
5.865483499212267304e-01 -3.988729209466815639e+00
1.057955736639727284e+01 -9.833120988569197252e+00
1.327994946188292502e+01 -6.723930411535741669e+00
4.000683471314196993e-01 -2.183802380797883913e+00
1.823723682218900422e+01 -1.074388028661180883e+00
4.835462346455007498e+00 -4.554539069385880268e+00
5.844757220884511995e+00 -8.068942251934283050e+00
1.398461335583624532e+01 -6.249736074119320861e+00
1.759218790570688995e+01 -1.768437809820117224e+00
4.562132855879223570e+00 -3.953890830570540693e+00
-1.068674433892910614e+00 -1.878110323458866304e+00
1.537044718769096363e+01 -5.237525973446376604e+00
9.595174607043389869e+00 -7.282892603576494039e+00
6.397499018275899729e+00 -6.218697693785420810e+00
1.406346212058893563e+01 -5.634733268305516241e+00
1.670385507838436467e+01 -3.618646793561101305e+00
1.735765644397697116e+01 -1.558720447010578880e+00
8.477991806313198708e-01 -2.455844390694119639e-01
1.244880836532492729e+01 -6.454447143856832270e+00
-2.406636903188381638e-01 1.582154233148379774e+00
7.111488501576754828e-01 -2.692847713137943799e+00
5.667006897549857314e+00 -7.899637745440998060e+00
2.056656907161936232e+01 -1.579998617934185834e+00
1.335829758473434659e+01 -6.175141918269273944e+00
7.287473456469497179e+00 -5.640421858556659451e+00
1.460900280760449732e+01 -5.985381087602908323e+00
1.239922868822221602e+01 -8.659700172395778495e+00
