2.000000000000000000e+00 4.762405225878675097e+00
1.000000000000000000e+00 4.619543653116172877e+00
5.000000000000000000e+00 5.137144099562521937e+00
2.000000000000000000e+00 3.249532762001989372e+00
1.000000000000000000e+00 1.852803617378061984e+00
1.000000000000000000e+00 2.097434318339530090e+00
2.000000000000000000e+00 8.751101499293436614e-01
1.000000000000000000e+00 2.309975500537521764e+00
5.000000000000000000e+00 1.378975112060709884e+00
5.000000000000000000e+00 1.580173358839926046e+00
1.000000000000000000e+00 1.334988052794283009e+00
1.000000000000000000e+00 3.563328832284214265e+00
5.000000000000000000e+00 3.012130728093239451e+00
2.000000000000000000e+00 5.410560754505396863e-01
2.000000000000000000e+00 1.493769256505685705e+00
2.000000000000000000e+00 6.607783782645958448e-01
2.000000000000000000e+00 4.434684612851067520e+00
2.000000000000000000e+00 2.644107913318743286e+00
1.000000000000000000e+00 2.726518043590042684e+00
1.000000000000000000e+00 9.820293131295911859e-01
5.000000000000000000e+00 3.479100474809354360e+00
1.000000000000000000e+00 1.003493239760157252e+00
1.000000000000000000e+00 1.670438406679725318e+00
1.000000000000000000e+00 3.711882857556355386e+00
2.000000000000000000e+00 6.706940182884696400e-01
1.000000000000000000e+00 9.561878294052955640e-01
2.000000000000000000e+00 3.302942103968321330e+00
5.000000000000000000e+00 1.864741374049737610e+00
5.000000000000000000e+00 1.551595893064464216e+00
5.000000000000000000e+00 4.158809497684960554e+00
2.000000000000000000e+00 1.934757792111037711e+00
5.000000000000000000e+00 2.833402021374320956e+00
5.000000000000000000e+00 4.331848137800291987e+00
5.000000000000000000e+00 2.202120835754163952e+00
2.000000000000000000e+00 4.943435950139400958e+00
1.000000000000000000e+00 2.212938799775909793e+00
1.000000000000000000e+00 4.376592941750109489e+00
2.000000000000000000e+00 5.470271994747498923e+00
5.000000000000000000e+00 8.241076408020407973e-01
5.000000000000000000e+00 4.643892089758153929e+00
1.000000000000000000e+00 4.798425386558942130e+00
5.000000000000000000e+00 3.717290343050937196e+00
5.000000000000000000e+00 2.725104277997947744e+00
1.000000000000000000e+00 2.769287834642830126e-01
1.000000000000000000e+00 4.853247451133805512e+00
2.000000000000000000e+00 1.487630983348076530e+00
5.000000000000000000e+00 6.737991661695335033e-01
2.000000000000000000e+00 1.521942854748267626e+00
1.000000000000000000e+00 1.175957977784768849e+00
5.000000000000000000e+00 2.788441495079310162e+00
5.000000000000000000e+00 2.222865455584718930e+00
2.000000000000000000e+00 1.193292573569328496e+00
1.000000000000000000e+00 2.925169049663311482e-01
5.000000000000000000e+00 4.055540867488131695e+00
1.000000000000000000e+00 4.375184482695089194e+00
2.000000000000000000e+00 2.466773451821207441e+00
1.000000000000000000e+00 2.989837230974893956e+00
5.000000000000000000e+00 1.920666840375884421e+00
2.000000000000000000e+00 5.540826766771071554e+00
1.000000000000000000e+00 8.462340089466500181e-01
2.000000000000000000e+00 9.581708963164107251e-01
2.000000000000000000e+00 3.868006314329138551e+00
5.000000000000000000e+00 1.929051818633478854e+00
2.000000000000000000e+00 4.384780455361211970e+00
1.000000000000000000e+00 2.550366475115031228e+00
2.000000000000000000e+00 2.195017387080289595e+00
1.000000000000000000e+00 4.578303735967640620e+00
1.000000000000000000e+00 3.350616822191754718e+00
1.000000000000000000e+00 3.380381512531128951e+00
2.000000000000000000e+00 4.623182092558697498e+00
1.000000000000000000e+00 2.569738586172283679e+00
1.000000000000000000e+00 3.391872200683575755e+00
1.000000000000000000e+00 1.728770070326176134e+00
5.000000000000000000e+00 3.704724294622710801e+00
5.000000000000000000e+00 2.093976335173580505e+00
1.000000000000000000e+00 3.615083083061848335e+00
2.000000000000000000e+00 4.574323474544037538e+00
2.000000000000000000e+00 2.574584754598445269e+00
1.000000000000000000e+00 3.020778592629012049e+00
2.000000000000000000e+00 4.769842492742222717e+00
5.000000000000000000e+00 4.151525283229676511e+00
1.000000000000000000e+00 4.245122981334183088e+00
5.000000000000000000e+00 4.746499324111045581e+00
5.000000000000000000e+00 5.018819951447025751e+00
1.000000000000000000e+00 2.904408286578553877e+00
2.000000000000000000e+00 1.674078913926899892e+00
2.000000000000000000e+00 1.760595740953654564e+00
2.000000000000000000e+00 1.924387110232372189e+00
1.000000000000000000e+00 4.116806515100022601e+00
5.000000000000000000e+00 4.328742001957058605e+00
2.000000000000000000e+00 4.930165492441663133e+00
1.000000000000000000e+00 1.527898924799122815e+00
5.000000000000000000e+00 2.038154574773888950e+00
2.000000000000000000e+00 4.306684901744036509e+00
1.000000000000000000e+00 2.933708800156813012e+00
1.000000000000000000e+00 2.882650026621995210e+00
2.000000000000000000e+00 2.710380629977374056e+00
2.000000000000000000e+00 4.315677705885408777e+00
5.000000000000000000e+00 1.449866854198293531e+00
5.000000000000000000e+00 6.618504658491201065e-01
2.000000000000000000e+00 4.646827357026537264e+00
1.000000000000000000e+00 2.395555500625770051e+00
5.000000000000000000e+00 1.727086804848033008e+00
2.000000000000000000e+00 2.055185605506485658e+00
5.000000000000000000e+00 2.832919701949642377e+00
2.000000000000000000e+00 4.873396142966403666e+00
1.000000000000000000e+00 9.800879530598161082e-01
2.000000000000000000e+00 4.138662017160245732e+00
2.000000000000000000e+00 2.073644735434748032e+00
1.000000000000000000e+00 2.176650643139199648e+00
2.000000000000000000e+00 4.472304796257072779e-01
2.000000000000000000e+00 1.663748867117427421e+00
5.000000000000000000e+00 2.817489711158509991e+00
1.000000000000000000e+00 1.421204449291674443e+00
5.000000000000000000e+00 3.779411765595459993e+00
1.000000000000000000e+00 4.931632078316313006e+00
1.000000000000000000e+00 5.971782690626679102e-01
2.000000000000000000e+00 1.954533717514171265e+00
2.000000000000000000e+00 1.534256215497409315e+00
2.000000000000000000e+00 8.972796690629947225e-01
1.000000000000000000e+00 1.415828288428813364e+00
5.000000000000000000e+00 1.716358382669176619e+00
1.000000000000000000e+00 2.279075345882981996e+00
5.000000000000000000e+00 4.744071968246616144e+00
1.000000000000000000e+00 4.442877223319467106e+00
1.000000000000000000e+00 3.422569599189206446e+00
5.000000000000000000e+00 3.913294699337063864e+00
1.000000000000000000e+00 2.595700539781783167e+00
1.000000000000000000e+00 1.707752595354478542e+00
5.000000000000000000e+00 3.778866115019396066e+00
5.000000000000000000e+00 5.469368170784675298e-01
5.000000000000000000e+00 6.534090475963445499e-01
5.000000000000000000e+00 3.461218284027058889e-01
5.000000000000000000e+00 2.223338222973230138e+00
1.000000000000000000e+00 2.664851863044764180e+00
5.000000000000000000e+00 2.405383197791043592e+00
2.000000000000000000e+00 5.064556797812837630e+00
5.000000000000000000e+00 3.275534360359915187e+00
5.000000000000000000e+00 2.921399657184507337e+00
1.000000000000000000e+00 4.146221320439213986e-01
2.000000000000000000e+00 2.990808701232571920e+00
2.000000000000000000e+00 5.504324071375746641e+00
1.000000000000000000e+00 2.238522602081895130e+00
1.000000000000000000e+00 1.352430986334836271e+00
5.000000000000000000e+00 1.592580172934562555e+00
5.000000000000000000e+00 2.531488725332179612e+00
5.000000000000000000e+00 4.874774244193125661e+00
5.000000000000000000e+00 3.754496263794272259e+00
2.000000000000000000e+00 6.737975125087496409e-01
1.000000000000000000e+00 2.356724403192289152e+00
2.000000000000000000e+00 4.316074178090868685e+00
2.000000000000000000e+00 3.874310041028972140e+00
2.000000000000000000e+00 3.036166525806964334e+00
5.000000000000000000e+00 3.028798912394758513e+00
5.000000000000000000e+00 3.434662063452417868e+00
2.000000000000000000e+00 2.811445332109391515e+00
2.000000000000000000e+00 3.090668537642369706e+00
2.000000000000000000e+00 1.608497495241159037e+00
2.000000000000000000e+00 7.229237558875828418e-01
2.000000000000000000e+00 2.431471005878119040e+00
1.000000000000000000e+00 4.225158405823521868e+00
1.000000000000000000e+00 5.304163651319103501e+00
5.000000000000000000e+00 4.927441217805772489e+00
1.000000000000000000e+00 1.525492015018641734e+00
5.000000000000000000e+00 2.110182898125489093e+00
5.000000000000000000e+00 3.437530151276297907e+00
1.000000000000000000e+00 2.170896485370135576e+00
2.000000000000000000e+00 2.879478190270179816e+00
5.000000000000000000e+00 2.836072481852672578e+00
5.000000000000000000e+00 2.937423602485857987e+00
5.000000000000000000e+00 9.873145442029380714e-01
1.000000000000000000e+00 3.413469377138288241e+00
2.000000000000000000e+00 1.499502400642812372e+00
1.000000000000000000e+00 4.956532230251569082e+00
2.000000000000000000e+00 5.065382984609793304e+00
2.000000000000000000e+00 1.595541910923728546e+00
2.000000000000000000e+00 2.945349548642628879e+00
2.000000000000000000e+00 4.427736169295946489e+00
5.000000000000000000e+00 5.191419919809169059e+00
2.000000000000000000e+00 4.282075880123178635e+00
1.000000000000000000e+00 1.884204307151974067e+00
5.000000000000000000e+00 4.471623583860769302e-01
2.000000000000000000e+00 4.025828995737004590e+00
2.000000000000000000e+00 4.250092155628093060e+00
2.000000000000000000e+00 3.923869297065034178e+00
1.000000000000000000e+00 1.722778145863786303e+00
1.000000000000000000e+00 3.495924118547845794e+00
5.000000000000000000e+00 5.870363270347125351e-01
2.000000000000000000e+00 6.842731158263223312e-01
1.000000000000000000e+00 2.372121926020236415e+00
2.000000000000000000e+00 5.432414141946164676e+00
5.000000000000000000e+00 2.804756246886179305e+00
2.000000000000000000e+00 3.610839010499979906e+00
1.000000000000000000e+00 1.119704651234637360e+00
2.000000000000000000e+00 3.794954786950379244e+00
1.000000000000000000e+00 2.102821110221600787e+00
5.000000000000000000e+00 2.646632224195997640e+00
2.000000000000000000e+00 4.159690852560596674e+00
5.000000000000000000e+00 4.469365523100770510e+00
5.000000000000000000e+00 3.857296865200710467e+00
2.000000000000000000e+00 4.323156218804024675e+00
1.000000000000000000e+00 2.130599927705965346e-01
2.000000000000000000e+00 3.020807342516687033e+00
1.000000000000000000e+00 2.605037863830619305e+00
5.000000000000000000e+00 4.650285137554177162e+00
2.000000000000000000e+00 2.974376035901304505e+00
1.000000000000000000e+00 4.290281730940979976e+00
5.000000000000000000e+00 2.331247477687025782e+00
2.000000000000000000e+00 2.223105878926609158e+00
5.000000000000000000e+00 1.038159061789256432e+00
5.000000000000000000e+00 2.392052671603407177e+00
1.000000000000000000e+00 5.177357482805123645e+00
1.000000000000000000e+00 1.734846868891562144e+00
5.000000000000000000e+00 6.081487152304894117e-01
1.000000000000000000e+00 4.188858939703560935e+00
5.000000000000000000e+00 2.773924999779999290e+00
1.000000000000000000e+00 1.108222334498755401e+00
5.000000000000000000e+00 3.250494771852062037e+00
1.000000000000000000e+00 3.981006364789425600e+00
1.000000000000000000e+00 3.029228872303691311e+00
2.000000000000000000e+00 4.318459744071725837e+00
1.000000000000000000e+00 5.462149655986594077e+00
2.000000000000000000e+00 1.402422045873798817e+00
2.000000000000000000e+00 7.703636028269884584e-01
5.000000000000000000e+00 3.121361787961070888e+00
1.000000000000000000e+00 3.017440832173515108e+00
2.000000000000000000e+00 2.599972958875868212e+00
1.000000000000000000e+00 4.636627333092371295e+00
5.000000000000000000e+00 4.582293199949893037e+00
1.000000000000000000e+00 3.060541253003049800e+00
2.000000000000000000e+00 2.863351079469060867e+00
5.000000000000000000e+00 4.058301930517894895e+00
5.000000000000000000e+00 2.793161656551046867e+00
5.000000000000000000e+00 2.959143082697016425e+00
5.000000000000000000e+00 3.023784688469912219e+00
5.000000000000000000e+00 8.305879936247383410e-01
5.000000000000000000e+00 4.171671772566742931e+00
1.000000000000000000e+00 2.334269068447543116e+00
5.000000000000000000e+00 5.060439644036819340e-01
2.000000000000000000e+00 4.421070646458852060e+00
1.000000000000000000e+00 2.712943489826109111e+00
1.000000000000000000e+00 3.853089143844354858e+00
2.000000000000000000e+00 3.237784705062070501e+00
1.000000000000000000e+00 3.128941055154671691e+00
5.000000000000000000e+00 1.133967004560362701e+00
1.000000000000000000e+00 3.498419738893383979e+00
5.000000000000000000e+00 3.540398964059139786e+00
1.000000000000000000e+00 4.715059075782215281e+00
5.000000000000000000e+00 2.691812786796521806e+00
2.000000000000000000e+00 1.092011258570172449e+00
5.000000000000000000e+00 2.548791088696103824e+00
1.000000000000000000e+00 3.260717123372280035e+00
5.000000000000000000e+00 4.285699361433310095e+00
2.000000000000000000e+00 4.210365959847075956e+00
2.000000000000000000e+00 3.687704270242311733e+00
1.000000000000000000e+00 1.566148570464171996e+00
1.000000000000000000e+00 4.467224623238675640e+00
1.000000000000000000e+00 1.301487794988046343e+00
2.000000000000000000e+00 2.027772861398562831e+00
1.000000000000000000e+00 2.960749788916862801e+00
2.000000000000000000e+00 3.476544077555626444e+00
5.000000000000000000e+00 2.607039638068130660e+00
2.000000000000000000e+00 2.234583898141103919e+00
2.000000000000000000e+00 4.638661023591465593e+00
2.000000000000000000e+00 8.533233818147475391e-01
5.000000000000000000e+00 4.077847241770446551e+00
5.000000000000000000e+00 1.731741307894849147e+00
2.000000000000000000e+00 7.059926042093113141e-01
1.000000000000000000e+00 2.174156102112571265e+00
5.000000000000000000e+00 3.882273901044953845e+00
1.000000000000000000e+00 3.147294135673644355e+00
5.000000000000000000e+00 1.766051904088975721e+00
1.000000000000000000e+00 3.049072005208037783e+00
5.000000000000000000e+00 3.601624913445626852e+00
2.000000000000000000e+00 1.046648420487656717e+00
1.000000000000000000e+00 1.694383487877989980e+00
1.000000000000000000e+00 2.814174820634544272e+00
1.000000000000000000e+00 4.759739282051109299e+00
5.000000000000000000e+00 3.086666372914512735e+00
1.000000000000000000e+00 1.460204630234920087e+00
2.000000000000000000e+00 3.028966982171167999e+00
1.000000000000000000e+00 1.275982694575082510e+00
1.000000000000000000e+00 5.356906772501523584e+00
2.000000000000000000e+00 2.964979788106035130e+00
2.000000000000000000e+00 1.031525647426280612e+00
1.000000000000000000e+00 2.250536514071003413e+00
2.000000000000000000e+00 4.619764970154976780e+00
1.000000000000000000e+00 2.363222432893285596e+00
2.000000000000000000e+00 2.149241991496592785e+00
1.000000000000000000e+00 3.157243436618486054e+00
5.000000000000000000e+00 1.480701310299466389e+00
1.000000000000000000e+00 2.079001145029256037e+00
2.000000000000000000e+00 1.475555984156179390e+00
2.000000000000000000e+00 9.875108613805411162e-01
5.000000000000000000e+00 1.276486106379089991e+00
1.000000000000000000e+00 9.288567814464874228e-01
5.000000000000000000e+00 4.004945948609780260e+00
1.000000000000000000e+00 1.804861925722176075e+00
1.000000000000000000e+00 3.374494990581728526e+00
5.000000000000000000e+00 2.563210521411068754e+00
1.000000000000000000e+00 3.997712646485168442e+00
1.000000000000000000e+00 2.601812231370689954e+00
1.000000000000000000e+00 1.989669429241993637e+00
5.000000000000000000e+00 4.437493697502927326e+00
2.000000000000000000e+00 6.044568260891319156e+00
1.000000000000000000e+00 2.652535393521012530e+00
5.000000000000000000e+00 2.787652953163902048e+00
5.000000000000000000e+00 4.174618399576837113e+00
5.000000000000000000e+00 5.153320849473577603e+00
1.000000000000000000e+00 2.994190604653464316e+00
1.000000000000000000e+00 1.988860269342165976e+00
5.000000000000000000e+00 3.081380900390249700e+00
1.000000000000000000e+00 5.238883297323195798e+00
1.000000000000000000e+00 3.139106940590743022e+00
2.000000000000000000e+00 3.099610925166083941e+00
2.000000000000000000e+00 5.361032931482151653e+00
5.000000000000000000e+00 3.924914475944032421e+00
1.000000000000000000e+00 1.507792689808769460e+00
5.000000000000000000e+00 2.042466359408304566e+00
1.000000000000000000e+00 1.296106857264673229e+00
1.000000000000000000e+00 1.703541550590719433e+00
2.000000000000000000e+00 3.337500511132327929e+00
5.000000000000000000e+00 2.013629694124894343e+00
5.000000000000000000e+00 2.398830886711834864e+00
5.000000000000000000e+00 1.723959993347151443e+00
5.000000000000000000e+00 4.538115351228008798e+00
1.000000000000000000e+00 3.343996708166627307e+00
5.000000000000000000e+00 1.431587703294209035e+00
5.000000000000000000e+00 2.632810630496127402e+00
5.000000000000000000e+00 3.871690884957321721e+00
1.000000000000000000e+00 4.765399179796895091e+00
2.000000000000000000e+00 6.121000437608926648e-01
1.000000000000000000e+00 2.378079167855530418e+00
1.000000000000000000e+00 4.127980091171897570e+00
5.000000000000000000e+00 1.200299997140961361e+00
5.000000000000000000e+00 3.649182533313540810e-01
1.000000000000000000e+00 4.336253916465942382e+00
5.000000000000000000e+00 2.336442457450024879e+00
1.000000000000000000e+00 5.886589108461463660e+00
1.000000000000000000e+00 1.592012777334935292e+00
2.000000000000000000e+00 2.667596844205952777e+00
2.000000000000000000e+00 3.439280835603790276e+00
5.000000000000000000e+00 1.661959564077573281e+00
2.000000000000000000e+00 2.169700743459815229e+00
5.000000000000000000e+00 9.145222441652046674e-01
1.000000000000000000e+00 3.623997875423283332e+00
1.000000000000000000e+00 2.119004050170399278e+00
1.000000000000000000e+00 3.029116959504568385e+00
1.000000000000000000e+00 4.052751669377447463e+00
1.000000000000000000e+00 3.790785715334454853e+00
2.000000000000000000e+00 3.052679147076777344e+00
2.000000000000000000e+00 3.852582592987156218e+00
5.000000000000000000e+00 3.328531707446408250e-01
2.000000000000000000e+00 3.282292392213644217e+00
5.000000000000000000e+00 2.923170971520419048e-01
1.000000000000000000e+00 1.097788766849859154e+00
2.000000000000000000e+00 9.137665983013586457e-01
1.000000000000000000e+00 2.860863807895817512e+00
1.000000000000000000e+00 3.568796173051364207e+00
1.000000000000000000e+00 1.410165373585929194e+00
5.000000000000000000e+00 3.138954482692760894e+00
1.000000000000000000e+00 2.719398504995083954e+00
2.000000000000000000e+00 3.584095546180336100e+00
2.000000000000000000e+00 4.677866147875547220e+00
1.000000000000000000e+00 1.588368539424330317e+00
2.000000000000000000e+00 4.461876603929352036e+00
1.000000000000000000e+00 1.801617848850747050e+00
1.000000000000000000e+00 3.759398507479032592e+00
1.000000000000000000e+00 2.333625581221185907e+00
1.000000000000000000e+00 4.624222890320706547e+00
2.000000000000000000e+00 1.397742010339968699e+00
1.000000000000000000e+00 4.501251262269778231e+00
5.000000000000000000e+00 5.690252396221251452e+00
5.000000000000000000e+00 3.584024446181478307e+00
2.000000000000000000e+00 1.433995324280517902e+00
1.000000000000000000e+00 4.261040581240219893e+00
1.000000000000000000e+00 2.971481353437114947e+00
1.000000000000000000e+00 4.179227582454936751e+00
1.000000000000000000e+00 1.594704334222521114e+00
5.000000000000000000e+00 3.827686454355457180e+00
5.000000000000000000e+00 1.590120352292331729e+00
2.000000000000000000e+00 2.275030426526901017e+00
5.000000000000000000e+00 3.410459290603816918e+00
1.000000000000000000e+00 4.264131716079184287e+00
2.000000000000000000e+00 2.038250082691609233e+00
5.000000000000000000e+00 1.508104696541084255e+00
5.000000000000000000e+00 2.035288606534757960e+00
2.000000000000000000e+00 1.117828714852891814e+00
2.000000000000000000e+00 2.392060698994117551e+00
2.000000000000000000e+00 1.111119777629775429e+00
5.000000000000000000e+00 1.845925188069194256e+00
2.000000000000000000e+00 3.487916012112514785e+00
2.000000000000000000e+00 2.463404883485674546e+00
5.000000000000000000e+00 3.985486017854192653e+00
5.000000000000000000e+00 3.500274830812286631e+00
2.000000000000000000e+00 6.141925401184934463e-01
5.000000000000000000e+00 1.629464271536920972e+00
5.000000000000000000e+00 2.618589469501394706e+00
5.000000000000000000e+00 5.235228715592995741e+00
1.000000000000000000e+00 3.498391973685016865e+00
2.000000000000000000e+00 2.725007889661262617e+00
2.000000000000000000e+00 1.843748566325392524e+00
5.000000000000000000e+00 3.034695323969048175e+00
1.000000000000000000e+00 3.628278237134094475e+00
1.000000000000000000e+00 1.319624170133702812e+00
5.000000000000000000e+00 5.611379210851726640e+00
2.000000000000000000e+00 3.351060208693870113e+00
1.000000000000000000e+00 1.134442521480205412e+00
2.000000000000000000e+00 3.954328216779736671e+00
1.000000000000000000e+00 7.254417693429329184e-01
2.000000000000000000e+00 3.899103404732940259e+00
2.000000000000000000e+00 2.146833175496981383e+00
5.000000000000000000e+00 1.957073781341401419e+00
2.000000000000000000e+00 2.126686010391237058e+00
1.000000000000000000e+00 1.226746297271624098e+00
5.000000000000000000e+00 2.292638348517901381e+00
2.000000000000000000e+00 3.419980257874131624e+00
1.000000000000000000e+00 1.736021389328070708e+00
5.000000000000000000e+00 4.247045288068241220e+00
1.000000000000000000e+00 3.448323365886305059e+00
5.000000000000000000e+00 1.035457221861351806e+00
5.000000000000000000e+00 5.120147133169902887e+00
1.000000000000000000e+00 2.081003728928003227e+00
1.000000000000000000e+00 4.875117884712770078e+00
2.000000000000000000e+00 4.331477009066500017e+00
2.000000000000000000e+00 1.857196424393138923e+00
1.000000000000000000e+00 3.236712798696694815e+00
2.000000000000000000e+00 3.677884413953497411e+00
2.000000000000000000e+00 1.961877510898329513e+00
2.000000000000000000e+00 4.493450050563581932e+00
5.000000000000000000e+00 2.674438055762946576e+00
5.000000000000000000e+00 3.235983801037388918e+00
5.000000000000000000e+00 3.696713887690508571e+00
5.000000000000000000e+00 5.654350224408017489e+00
5.000000000000000000e+00 2.877644410554064169e+00
5.000000000000000000e+00 2.974307783744347677e+00
1.000000000000000000e+00 2.365695392508419204e+00
2.000000000000000000e+00 3.105433805160009886e+00
1.000000000000000000e+00 1.373674454395231503e+00
2.000000000000000000e+00 1.579936921572044461e+00
5.000000000000000000e+00 1.968166757666269362e+00
1.000000000000000000e+00 1.860837588717407121e+00
1.000000000000000000e+00 3.564594755754922684e+00
5.000000000000000000e+00 5.115197289190240859e+00
5.000000000000000000e+00 2.464916883806725689e+00
2.000000000000000000e+00 3.748196276343046307e+00
2.000000000000000000e+00 7.133302135165989766e-01
2.000000000000000000e+00 4.951523276253999128e+00
1.000000000000000000e+00 2.824891088792319316e+00
1.000000000000000000e+00 4.058649918626644038e+00
2.000000000000000000e+00 4.082185467951626734e+00
5.000000000000000000e+00 2.461294459883062835e+00
2.000000000000000000e+00 3.634226717949267105e+00
5.000000000000000000e+00 2.635675559505175958e+00
2.000000000000000000e+00 4.706945870139169763e+00
1.000000000000000000e+00 1.178906602758109878e+00
5.000000000000000000e+00 2.715369483874976009e+00
5.000000000000000000e+00 2.192862709178212022e+00
5.000000000000000000e+00 4.717014647977499919e+00
2.000000000000000000e+00 5.455991314171844131e-01
5.000000000000000000e+00 1.648081630775677375e+00
5.000000000000000000e+00 2.414002168687896077e+00
2.000000000000000000e+00 4.158489594921735422e-01
2.000000000000000000e+00 2.450967199124497675e+00
1.000000000000000000e+00 5.146677274579779748e+00
2.000000000000000000e+00 3.233210838995186909e-01
2.000000000000000000e+00 8.137198320098496529e-01
1.000000000000000000e+00 4.216487959839855471e+00
5.000000000000000000e+00 3.053558069504815009e+00
1.000000000000000000e+00 3.630863692352686911e+00
1.000000000000000000e+00 1.575628722632143042e+00
2.000000000000000000e+00 5.517913325297675975e+00
1.000000000000000000e+00 3.664254338534524980e+00
2.000000000000000000e+00 3.282412843302310979e+00
5.000000000000000000e+00 1.711409104102276757e+00
2.000000000000000000e+00 4.055593631445464808e+00
2.000000000000000000e+00 2.106085511013407463e-01
1.000000000000000000e+00 2.400298165385042370e+00
2.000000000000000000e+00 3.751570284049742909e+00
2.000000000000000000e+00 3.072177091528261350e+00
1.000000000000000000e+00 3.309181366554133419e+00
5.000000000000000000e+00 4.746674975257007212e+00
2.000000000000000000e+00 2.805796092363301852e+00
1.000000000000000000e+00 4.460820616855298404e+00
5.000000000000000000e+00 3.471407987617636692e+00
5.000000000000000000e+00 1.761469005932434273e+00
1.000000000000000000e+00 5.280863267031801200e-01
2.000000000000000000e+00 4.182959666861275849e+00
1.000000000000000000e+00 4.820163609553212325e+00
5.000000000000000000e+00 4.085732351694704612e+00
1.000000000000000000e+00 2.991491338290377833e+00
2.000000000000000000e+00 3.155505718314646768e-01
5.000000000000000000e+00 5.065635420126540112e+00
1.000000000000000000e+00 2.942069922621553868e+00
5.000000000000000000e+00 4.907816256369378571e+00
2.000000000000000000e+00 1.757277724698571353e+00
5.000000000000000000e+00 3.571300927882693266e+00
1.000000000000000000e+00 2.103751501145455727e+00
5.000000000000000000e+00 4.419608119054285744e+00
5.000000000000000000e+00 4.736244095730754999e+00
3.000000000000000000e+00 4.735517884111422049e+00
4.000000000000000000e+00 4.619543653116170212e+00
0.000000000000000000e+00 5.161275619843848084e+00
3.000000000000000000e+00 3.275320050922319037e+00
4.000000000000000000e+00 1.852803617378059764e+00
4.000000000000000000e+00 2.097434318339528314e+00
3.000000000000000000e+00 9.036671274326267822e-01
4.000000000000000000e+00 2.309975500537517767e+00
0.000000000000000000e+00 1.385593088942025819e+00
0.000000000000000000e+00 1.568766900978696199e+00
4.000000000000000000e+00 1.334988052794280566e+00
4.000000000000000000e+00 3.563328832284209824e+00
0.000000000000000000e+00 3.039523897605176384e+00
3.000000000000000000e+00 5.307061520627595064e-01
3.000000000000000000e+00 1.516453452259250989e+00
3.000000000000000000e+00 6.772359431091021786e-01
3.000000000000000000e+00 4.411055485442441082e+00
3.000000000000000000e+00 2.615531447112367847e+00
4.000000000000000000e+00 2.726518043590038687e+00
4.000000000000000000e+00 9.820293131295954048e-01
0.000000000000000000e+00 3.452329401840861678e+00
4.000000000000000000e+00 1.003493239760161027e+00
4.000000000000000000e+00 1.670438406679724430e+00
4.000000000000000000e+00 3.711882857556359827e+00
3.000000000000000000e+00 6.725662297374619403e-01
4.000000000000000000e+00 9.561878294052913452e-01
3.000000000000000000e+00 3.325323894805909397e+00
0.000000000000000000e+00 1.892354157376588075e+00
0.000000000000000000e+00 1.534805288017595526e+00
0.000000000000000000e+00 4.186462121117001445e+00
3.000000000000000000e+00 1.960170257835647023e+00
0.000000000000000000e+00 2.860970179450964768e+00
0.000000000000000000e+00 4.359518599361244640e+00
0.000000000000000000e+00 2.174892968949089678e+00
3.000000000000000000e+00 4.969063910627508740e+00
4.000000000000000000e+00 2.212938799775907128e+00
4.000000000000000000e+00 4.376592941750113930e+00
3.000000000000000000e+00 5.497927179777228446e+00
0.000000000000000000e+00 8.359091994511441692e-01
0.000000000000000000e+00 4.670984057090819874e+00
4.000000000000000000e+00 4.798425386558946570e+00
0.000000000000000000e+00 3.692551120546135657e+00
0.000000000000000000e+00 2.748429001311587516e+00
4.000000000000000000e+00 2.769287834642844004e-01
4.000000000000000000e+00 4.853247451133801071e+00
3.000000000000000000e+00 1.459848596709476976e+00
0.000000000000000000e+00 6.890746864331742660e-01
3.000000000000000000e+00 1.494044972904400082e+00
4.000000000000000000e+00 1.175957977784768183e+00
0.000000000000000000e+00 2.816112270382890692e+00
0.000000000000000000e+00 2.250491969901963429e+00
3.000000000000000000e+00 1.221840436698596655e+00
4.000000000000000000e+00 2.925169049663322585e-01
0.000000000000000000e+00 4.083153735871660750e+00
4.000000000000000000e+00 4.375184482695093635e+00
3.000000000000000000e+00 2.476817663488708465e+00
4.000000000000000000e+00 2.989837230974897064e+00
0.000000000000000000e+00 1.923279753674093984e+00
3.000000000000000000e+00 5.566541499345865951e+00
4.000000000000000000e+00 8.462340089466466875e-01
3.000000000000000000e+00 9.296830187024632819e-01
3.000000000000000000e+00 3.844812465892387898e+00
0.000000000000000000e+00 1.919553063127721337e+00
3.000000000000000000e+00 4.412668764849176917e+00
4.000000000000000000e+00 2.550366475115027232e+00
3.000000000000000000e+00 2.166954316032696504e+00
4.000000000000000000e+00 4.578303735967645061e+00
4.000000000000000000e+00 3.350616822191758715e+00
4.000000000000000000e+00 3.380381512531125843e+00
3.000000000000000000e+00 4.598067136927178389e+00
4.000000000000000000e+00 2.569738586172287231e+00
4.000000000000000000e+00 3.391872200683579308e+00
4.000000000000000000e+00 1.728770070326172359e+00
0.000000000000000000e+00 3.727498507369102931e+00
0.000000000000000000e+00 2.121647627001295611e+00
4.000000000000000000e+00 3.615083083061844338e+00
3.000000000000000000e+00 4.546061515460855240e+00
3.000000000000000000e+00 2.553550929891609478e+00
4.000000000000000000e+00 3.020778592629008052e+00
3.000000000000000000e+00 4.790387750134692979e+00
0.000000000000000000e+00 4.127268766758908747e+00
4.000000000000000000e+00 4.245122981334178647e+00
0.000000000000000000e+00 4.729239816289164011e+00
0.000000000000000000e+00 4.992258223950702956e+00
4.000000000000000000e+00 2.904408286578549436e+00
3.000000000000000000e+00 1.683454784711841290e+00
3.000000000000000000e+00 1.741464329496577923e+00
3.000000000000000000e+00 1.921719872023657238e+00
4.000000000000000000e+00 4.116806515100018160e+00
0.000000000000000000e+00 4.301240568791844687e+00
3.000000000000000000e+00 4.905922419690217140e+00
4.000000000000000000e+00 1.527898924799118596e+00
0.000000000000000000e+00 2.010555471631768842e+00
3.000000000000000000e+00 4.278226087566976865e+00
4.000000000000000000e+00 2.933708800156817453e+00
4.000000000000000000e+00 2.882650026621999206e+00
3.000000000000000000e+00 2.681877601136183564e+00
3.000000000000000000e+00 4.288619981175824769e+00
0.000000000000000000e+00 1.423944519609299464e+00
0.000000000000000000e+00 6.602186794046375207e-01
3.000000000000000000e+00 4.620014538478629085e+00
4.000000000000000000e+00 2.395555500625766499e+00
0.000000000000000000e+00 1.703671894996297231e+00
3.000000000000000000e+00 2.083457798158371954e+00
0.000000000000000000e+00 2.812593611521230219e+00
3.000000000000000000e+00 4.894095054945143630e+00
4.000000000000000000e+00 9.800879530598162193e-01
3.000000000000000000e+00 4.165433993813396185e+00
3.000000000000000000e+00 2.087916903579889460e+00
4.000000000000000000e+00 2.176650643139197427e+00
3.000000000000000000e+00 4.345234692496089957e-01
3.000000000000000000e+00 1.681749936943167878e+00
0.000000000000000000e+00 2.792437801003584408e+00
4.000000000000000000e+00 1.421204449291678440e+00
0.000000000000000000e+00 3.802209787591098955e+00
4.000000000000000000e+00 4.931632078316317447e+00
4.000000000000000000e+00 5.971782690626653567e-01
3.000000000000000000e+00 1.980375909902310605e+00
3.000000000000000000e+00 1.508590402966806465e+00
3.000000000000000000e+00 9.116313568848797289e-01
4.000000000000000000e+00 1.415828288428816251e+00
0.000000000000000000e+00 1.738863030839846724e+00
4.000000000000000000e+00 2.279075345882985992e+00
0.000000000000000000e+00 4.726284640882920662e+00
4.000000000000000000e+00 4.442877223319463553e+00
4.000000000000000000e+00 3.422569599189210443e+00
0.000000000000000000e+00 3.888021653486166684e+00
4.000000000000000000e+00 2.595700539781787608e+00
4.000000000000000000e+00 1.707752595354482539e+00
0.000000000000000000e+00 3.760472883920082943e+00
0.000000000000000000e+00 5.720813338972162709e-01
0.000000000000000000e+00 6.792216228268924683e-01
0.000000000000000000e+00 3.668832317634547202e-01
0.000000000000000000e+00 2.209109627908898421e+00
4.000000000000000000e+00 2.664851863044768621e+00
0.000000000000000000e+00 2.379122809663101634e+00
3.000000000000000000e+00 5.040561011003827474e+00
0.000000000000000000e+00 3.288311337354778985e+00
0.000000000000000000e+00 2.907158395243757187e+00
4.000000000000000000e+00 4.146221320439230085e-01
3.000000000000000000e+00 2.974630407795009202e+00
3.000000000000000000e+00 5.480081301295965268e+00
4.000000000000000000e+00 2.238522602081891133e+00
4.000000000000000000e+00 1.352430986334835383e+00
0.000000000000000000e+00 1.608548992433168179e+00
0.000000000000000000e+00 2.510577369697955419e+00
0.000000000000000000e+00 4.847825300520679725e+00
0.000000000000000000e+00 3.780171810438981428e+00
3.000000000000000000e+00 6.452300548250317069e-01
4.000000000000000000e+00 2.356724403192286488e+00
3.000000000000000000e+00 4.287748539445851215e+00
3.000000000000000000e+00 3.855242033135525492e+00
3.000000000000000000e+00 3.054764724831458444e+00
0.000000000000000000e+00 3.055929909317367965e+00
0.000000000000000000e+00 3.462130668887759999e+00
3.000000000000000000e+00 2.826010538412926376e+00
3.000000000000000000e+00 3.119205187879849461e+00
3.000000000000000000e+00 1.626848865853434134e+00
3.000000000000000000e+00 7.124591781396747425e-01
3.000000000000000000e+00 2.439636611238242825e+00
4.000000000000000000e+00 4.225158405823526309e+00
4.000000000000000000e+00 5.304163651319107942e+00
0.000000000000000000e+00 4.949809723749556412e+00
4.000000000000000000e+00 1.525492015018642622e+00
0.000000000000000000e+00 2.082576170366003510e+00
0.000000000000000000e+00 3.421775390270965556e+00
4.000000000000000000e+00 2.170896485370131135e+00
3.000000000000000000e+00 2.862473910663222654e+00
0.000000000000000000e+00 2.812112359040868093e+00
0.000000000000000000e+00 2.964362037452985543e+00
0.000000000000000000e+00 1.012474759799895541e+00
4.000000000000000000e+00 3.413469377138283800e+00
3.000000000000000000e+00 1.471356745935122667e+00
4.000000000000000000e+00 4.956532230251564641e+00
3.000000000000000000e+00 5.092503274889057074e+00
3.000000000000000000e+00 1.621745821433280277e+00
3.000000000000000000e+00 2.969964270081445257e+00
3.000000000000000000e+00 4.453233506038282385e+00
0.000000000000000000e+00 5.215654798435296335e+00
3.000000000000000000e+00 4.307427556605715857e+00
4.000000000000000000e+00 1.884204307151970514e+00
0.000000000000000000e+00 4.730200598556351665e-01
3.000000000000000000e+00 4.041536499746688271e+00
3.000000000000000000e+00 4.223685217492040955e+00
3.000000000000000000e+00 3.901236889082242421e+00
4.000000000000000000e+00 1.722778145863782084e+00
4.000000000000000000e+00 3.495924118547843573e+00
0.000000000000000000e+00 6.104423364063855661e-01
3.000000000000000000e+00 6.657623463959593257e-01
4.000000000000000000e+00 2.372121926020232863e+00
3.000000000000000000e+00 5.458760761290619712e+00
0.000000000000000000e+00 2.831917937597640655e+00
3.000000000000000000e+00 3.582865550054410875e+00
4.000000000000000000e+00 1.119704651234640469e+00
3.000000000000000000e+00 3.767460056625113296e+00
4.000000000000000000e+00 2.102821110221596346e+00
0.000000000000000000e+00 2.674237155497365848e+00
3.000000000000000000e+00 4.176142531954102566e+00
0.000000000000000000e+00 4.492841454297554549e+00
0.000000000000000000e+00 3.834008813267372417e+00
3.000000000000000000e+00 4.348116181542437175e+00
4.000000000000000000e+00 2.130599927705926211e-01
3.000000000000000000e+00 3.049276324563994667e+00
4.000000000000000000e+00 2.605037863830614864e+00
0.000000000000000000e+00 4.676081910811928921e+00
3.000000000000000000e+00 2.946267900415630692e+00
4.000000000000000000e+00 4.290281730940984417e+00
0.000000000000000000e+00 2.303634548854579300e+00
3.000000000000000000e+00 2.196609683849390038e+00
0.000000000000000000e+00 1.065761134011798061e+00
0.000000000000000000e+00 2.419047436410620922e+00
4.000000000000000000e+00 5.177357482805128086e+00
4.000000000000000000e+00 1.734846868891561034e+00
0.000000000000000000e+00 6.261114687528938072e-01
4.000000000000000000e+00 4.188858939703556494e+00
0.000000000000000000e+00 2.753732334719594999e+00
4.000000000000000000e+00 1.108222334498758288e+00
0.000000000000000000e+00 3.229214794560052670e+00
4.000000000000000000e+00 3.981006364789428709e+00
4.000000000000000000e+00 3.029228872303686870e+00
3.000000000000000000e+00 4.293863064925285578e+00
4.000000000000000000e+00 5.462149655986589636e+00
3.000000000000000000e+00 1.382583554146936677e+00
3.000000000000000000e+00 7.686681276813345232e-01
0.000000000000000000e+00 3.094392041905589696e+00
4.000000000000000000e+00 3.017440832173519549e+00
3.000000000000000000e+00 2.571503547429377701e+00
4.000000000000000000e+00 4.636627333092374847e+00
0.000000000000000000e+00 4.607366141810016913e+00
4.000000000000000000e+00 3.060541253003047135e+00
3.000000000000000000e+00 2.891487529899200215e+00
0.000000000000000000e+00 4.085518443223906893e+00
0.000000000000000000e+00 2.765510973879720780e+00
0.000000000000000000e+00 2.986362826035645845e+00
0.000000000000000000e+00 2.996614655630434054e+00
0.000000000000000000e+00 8.153449252380561285e-01
0.000000000000000000e+00 4.148653948371973321e+00
4.000000000000000000e+00 2.334269068447547557e+00
0.000000000000000000e+00 5.087243689024630866e-01
3.000000000000000000e+00 4.398979728874175876e+00
4.000000000000000000e+00 2.712943489826105559e+00
4.000000000000000000e+00 3.853089143844357523e+00
3.000000000000000000e+00 3.223173806921181495e+00
4.000000000000000000e+00 3.128941055154675688e+00
0.000000000000000000e+00 1.119632071230673098e+00
4.000000000000000000e+00 3.498419738893388420e+00
0.000000000000000000e+00 3.521660419906890382e+00
4.000000000000000000e+00 4.715059075782219722e+00
0.000000000000000000e+00 2.700311251635814092e+00
3.000000000000000000e+00 1.101294466787283044e+00
0.000000000000000000e+00 2.555251487016735545e+00
4.000000000000000000e+00 3.260717123372283144e+00
0.000000000000000000e+00 4.258081055937935844e+00
3.000000000000000000e+00 4.182618493459740350e+00
3.000000000000000000e+00 3.659145255187893131e+00
4.000000000000000000e+00 1.566148570464175771e+00
4.000000000000000000e+00 4.467224623238672088e+00
4.000000000000000000e+00 1.301487794988043012e+00
3.000000000000000000e+00 2.056275832688154726e+00
4.000000000000000000e+00 2.960749788916859693e+00
3.000000000000000000e+00 3.452520124968808002e+00
0.000000000000000000e+00 2.627844095224117993e+00
3.000000000000000000e+00 2.206080542369251773e+00
3.000000000000000000e+00 4.667029144971107435e+00
3.000000000000000000e+00 8.812910236729941671e-01
0.000000000000000000e+00 4.096184900123144068e+00
0.000000000000000000e+00 1.710303071658437979e+00
3.000000000000000000e+00 7.336601098316649638e-01
4.000000000000000000e+00 2.174156102112574818e+00
0.000000000000000000e+00 3.860898082783998930e+00
4.000000000000000000e+00 3.147294135673648352e+00
0.000000000000000000e+00 1.791272717828281902e+00
4.000000000000000000e+00 3.049072005208041780e+00
0.000000000000000000e+00 3.583167477924627420e+00
3.000000000000000000e+00 1.022968309736143500e+00
4.000000000000000000e+00 1.694383487877990202e+00
4.000000000000000000e+00 2.814174820634548713e+00
4.000000000000000000e+00 4.759739282051105747e+00
0.000000000000000000e+00 3.113630722414239216e+00
4.000000000000000000e+00 1.460204630234923417e+00
3.000000000000000000e+00 3.043818248362276879e+00
4.000000000000000000e+00 1.275982694575086951e+00
4.000000000000000000e+00 5.356906772501519143e+00
3.000000000000000000e+00 2.936405865862059539e+00
3.000000000000000000e+00 1.027167843083199417e+00
4.000000000000000000e+00 2.250536514071000305e+00
3.000000000000000000e+00 4.647293678232794711e+00
4.000000000000000000e+00 2.363222432893281599e+00
3.000000000000000000e+00 2.141225294518506406e+00
4.000000000000000000e+00 3.157243436618490495e+00
0.000000000000000000e+00 1.454592989785768564e+00
4.000000000000000000e+00 2.079001145029252928e+00
3.000000000000000000e+00 1.502292554150671533e+00
3.000000000000000000e+00 9.914994917878277025e-01
0.000000000000000000e+00 1.281246514698423544e+00
4.000000000000000000e+00 9.288567814464858685e-01
0.000000000000000000e+00 3.977320072275111862e+00
4.000000000000000000e+00 1.804861925722171856e+00
4.000000000000000000e+00 3.374494990581730747e+00
0.000000000000000000e+00 2.545194781769017922e+00
4.000000000000000000e+00 3.997712646485164889e+00
4.000000000000000000e+00 2.601812231370693507e+00
4.000000000000000000e+00 1.989669429241990084e+00
0.000000000000000000e+00 4.465051543992804461e+00
3.000000000000000000e+00 6.071577623483196184e+00
4.000000000000000000e+00 2.652535393521009421e+00
0.000000000000000000e+00 2.763639713495334771e+00
0.000000000000000000e+00 4.201687963889465749e+00
0.000000000000000000e+00 5.126435826951714958e+00
4.000000000000000000e+00 2.994190604653460319e+00
4.000000000000000000e+00 1.988860269342169307e+00
0.000000000000000000e+00 3.053756768071776317e+00
4.000000000000000000e+00 5.238883297323191357e+00
4.000000000000000000e+00 3.139106940590747463e+00
3.000000000000000000e+00 3.118649650464356160e+00
3.000000000000000000e+00 5.385769190222099212e+00
0.000000000000000000e+00 3.952385722480680652e+00
4.000000000000000000e+00 1.507792689808770126e+00
0.000000000000000000e+00 2.055319774369673613e+00
4.000000000000000000e+00 1.296106857264670564e+00
4.000000000000000000e+00 1.703541550590715214e+00
3.000000000000000000e+00 3.358350632038724637e+00
0.000000000000000000e+00 2.006926593083477428e+00
0.000000000000000000e+00 2.373200021361104639e+00
0.000000000000000000e+00 1.701837002337448057e+00
3.000000000000000000e+00 4.545960369185006122e+00
4.000000000000000000e+00 3.343996708166623311e+00
0.000000000000000000e+00 1.445478323725074787e+00
0.000000000000000000e+00 2.660451770687943807e+00
0.000000000000000000e+00 3.899130708647023713e+00
4.000000000000000000e+00 4.765399179796891538e+00
3.000000000000000000e+00 6.406394432217873414e-01
4.000000000000000000e+00 2.378079167855525977e+00
4.000000000000000000e+00 4.127980091171894017e+00
0.000000000000000000e+00 1.199855387316164590e+00
0.000000000000000000e+00 3.910459635069987172e-01
4.000000000000000000e+00 4.336253916465938829e+00
0.000000000000000000e+00 2.362890382384610355e+00
4.000000000000000000e+00 5.886589108461467212e+00
4.000000000000000000e+00 1.592012777334937956e+00
3.000000000000000000e+00 2.687827394091860445e+00
3.000000000000000000e+00 3.413004545149055158e+00
0.000000000000000000e+00 1.640298748883469493e+00
3.000000000000000000e+00 2.184109373879762117e+00
0.000000000000000000e+00 9.133671413225520341e-01
4.000000000000000000e+00 3.623997875423280224e+00
4.000000000000000000e+00 2.119004050170396614e+00
4.000000000000000000e+00 3.029116959504571049e+00
4.000000000000000000e+00 4.052751669377443022e+00
4.000000000000000000e+00 3.790785715334450412e+00
3.000000000000000000e+00 3.026080374785487415e+00
3.000000000000000000e+00 3.879633497521549401e+00
0.000000000000000000e+00 3.526322251684714248e-01
3.000000000000000000e+00 3.304582617884377793e+00
0.000000000000000000e+00 3.193817379966598091e-01
4.000000000000000000e+00 1.097788766849854936e+00
3.000000000000000000e+00 9.381001545161141708e-01
4.000000000000000000e+00 2.860863807895821509e+00
4.000000000000000000e+00 3.568796173051368648e+00
4.000000000000000000e+00 1.410165373585933413e+00
0.000000000000000000e+00 3.166175512603635944e+00
4.000000000000000000e+00 2.719398504995087951e+00
3.000000000000000000e+00 3.612396898158561687e+00
3.000000000000000000e+00 4.653005158293451515e+00
4.000000000000000000e+00 1.588368539424334536e+00
3.000000000000000000e+00 4.433333707439127913e+00
4.000000000000000000e+00 1.801617848850745940e+00
4.000000000000000000e+00 3.759398507479036144e+00
4.000000000000000000e+00 2.333625581221189904e+00
4.000000000000000000e+00 4.624222890320710988e+00
3.000000000000000000e+00 1.393296140355389623e+00
4.000000000000000000e+00 4.501251262269782671e+00
0.000000000000000000e+00 5.664073353760882945e+00
0.000000000000000000e+00 3.611038422739913489e+00
3.000000000000000000e+00 1.452117753407210055e+00
4.000000000000000000e+00 4.261040581240223446e+00
4.000000000000000000e+00 2.971481353437118056e+00
4.000000000000000000e+00 4.179227582454933199e+00
4.000000000000000000e+00 1.594704334222519337e+00
0.000000000000000000e+00 3.801431018903188352e+00
0.000000000000000000e+00 1.585683364999218359e+00
3.000000000000000000e+00 2.303569849750951359e+00
0.000000000000000000e+00 3.383701284392239383e+00
4.000000000000000000e+00 4.264131716079180734e+00
3.000000000000000000e+00 2.064787776815217857e+00
0.000000000000000000e+00 1.484402073004596145e+00
0.000000000000000000e+00 2.018015573917820493e+00
3.000000000000000000e+00 1.146094856943680629e+00
3.000000000000000000e+00 2.385082961717514660e+00
3.000000000000000000e+00 1.100191532837973885e+00
0.000000000000000000e+00 1.867334822124990357e+00
3.000000000000000000e+00 3.460559441893427568e+00
3.000000000000000000e+00 2.434833590982238505e+00
0.000000000000000000e+00 4.007000994309604103e+00
0.000000000000000000e+00 3.527475921819215543e+00
3.000000000000000000e+00 5.876295970671374658e-01
0.000000000000000000e+00 1.618519779509789203e+00
0.000000000000000000e+00 2.645893734985379275e+00
0.000000000000000000e+00 5.210156716723964188e+00
4.000000000000000000e+00 3.498391973685020417e+00
3.000000000000000000e+00 2.696420925702759597e+00
3.000000000000000000e+00 1.849107412892758484e+00
0.000000000000000000e+00 3.050885650594075127e+00
4.000000000000000000e+00 3.628278237134098472e+00
4.000000000000000000e+00 1.319624170133700813e+00
0.000000000000000000e+00 5.584455534866331838e+00
3.000000000000000000e+00 3.369970531080953791e+00
4.000000000000000000e+00 1.134442521480209631e+00
3.000000000000000000e+00 3.933901851810861938e+00
4.000000000000000000e+00 7.254417693429286995e-01
3.000000000000000000e+00 3.923035494422960401e+00
3.000000000000000000e+00 2.144455238051400148e+00
0.000000000000000000e+00 1.981327893593205713e+00
3.000000000000000000e+00 2.143439692090504334e+00
4.000000000000000000e+00 1.226746297271627206e+00
0.000000000000000000e+00 2.281032073459031917e+00
3.000000000000000000e+00 3.446445835218517217e+00
4.000000000000000000e+00 1.736021389328074926e+00
0.000000000000000000e+00 4.274491476818027103e+00
4.000000000000000000e+00 3.448323365886300618e+00
0.000000000000000000e+00 1.030907331303371421e+00
0.000000000000000000e+00 5.094144418169905819e+00
4.000000000000000000e+00 2.081003728928005447e+00
4.000000000000000000e+00 4.875117884712773630e+00
3.000000000000000000e+00 4.355303439457820502e+00
3.000000000000000000e+00 1.863991250498160612e+00
4.000000000000000000e+00 3.236712798696698812e+00
3.000000000000000000e+00 3.649669703977279855e+00
3.000000000000000000e+00 1.963996282919227232e+00
3.000000000000000000e+00 4.521633386469321891e+00
0.000000000000000000e+00 2.647741933952355353e+00
0.000000000000000000e+00 3.220056962990469618e+00
0.000000000000000000e+00 3.676626418162167731e+00
0.000000000000000000e+00 5.628773894785421561e+00
0.000000000000000000e+00 2.893309618083952373e+00
0.000000000000000000e+00 2.988301323960836697e+00
4.000000000000000000e+00 2.365695392508414763e+00
3.000000000000000000e+00 3.131224352509698772e+00
4.000000000000000000e+00 1.373674454395231503e+00
3.000000000000000000e+00 1.603919660913249778e+00
0.000000000000000000e+00 1.989942138129068949e+00
4.000000000000000000e+00 1.860837588717411339e+00
4.000000000000000000e+00 3.564594755754919131e+00
0.000000000000000000e+00 5.137616978153426217e+00
0.000000000000000000e+00 2.465639283647277580e+00
3.000000000000000000e+00 3.724750602757171070e+00
3.000000000000000000e+00 6.847601830618498253e-01
3.000000000000000000e+00 4.977317979730405462e+00
4.000000000000000000e+00 2.824891088792323313e+00
4.000000000000000000e+00 4.058649918626639597e+00
3.000000000000000000e+00 4.055984514202228830e+00
0.000000000000000000e+00 2.465866483479754567e+00
3.000000000000000000e+00 3.618950271299765653e+00
0.000000000000000000e+00 2.657703761949332222e+00
3.000000000000000000e+00 4.680787118846886585e+00
4.000000000000000000e+00 1.178906602758112321e+00
0.000000000000000000e+00 2.691237466863057648e+00
0.000000000000000000e+00 2.220514250609874285e+00
0.000000000000000000e+00 4.698500301845794702e+00
3.000000000000000000e+00 5.380405458365107307e-01
0.000000000000000000e+00 1.624205881834000609e+00
0.000000000000000000e+00 2.440212577837497232e+00
3.000000000000000000e+00 3.891938489467157147e-01
3.000000000000000000e+00 2.422376331512317016e+00
4.000000000000000000e+00 5.146677274579784189e+00
3.000000000000000000e+00 3.400781223427218891e-01
3.000000000000000000e+00 8.422807334407008684e-01
4.000000000000000000e+00 4.216487959839852806e+00
0.000000000000000000e+00 3.074154488507844452e+00
4.000000000000000000e+00 3.630863692352683358e+00
4.000000000000000000e+00 1.575628722632146150e+00
3.000000000000000000e+00 5.542479420987355354e+00
4.000000000000000000e+00 3.664254338534520539e+00
3.000000000000000000e+00 3.254047684073442248e+00
0.000000000000000000e+00 1.699671916352371692e+00
3.000000000000000000e+00 4.072327615221092323e+00
3.000000000000000000e+00 2.339513201633632578e-01
4.000000000000000000e+00 2.400298165385039262e+00
3.000000000000000000e+00 3.770511478902543789e+00
3.000000000000000000e+00 3.046833134662816800e+00
4.000000000000000000e+00 3.309181366554137416e+00
0.000000000000000000e+00 4.724606542610619186e+00
3.000000000000000000e+00 2.796438731830206414e+00
4.000000000000000000e+00 4.460820616855302845e+00
0.000000000000000000e+00 3.453036316453114818e+00
0.000000000000000000e+00 1.740350256278773378e+00
4.000000000000000000e+00 5.280863267031800090e-01
3.000000000000000000e+00 4.160076004585722131e+00
4.000000000000000000e+00 4.820163609553209660e+00
0.000000000000000000e+00 4.106537835491232968e+00
4.000000000000000000e+00 2.991491338290373836e+00
3.000000000000000000e+00 3.126657898366377308e-01
0.000000000000000000e+00 5.089985866075670273e+00
4.000000000000000000e+00 2.942069922621549427e+00
0.000000000000000000e+00 4.880666901460409157e+00
3.000000000000000000e+00 1.785862314957116226e+00
0.000000000000000000e+00 3.543843367635722164e+00
4.000000000000000000e+00 2.103751501145453506e+00
0.000000000000000000e+00 4.441253221270193841e+00
0.000000000000000000e+00 4.714053523367010889e+00
