2.000000000000000000e+00 1.671464752011095012e+00
0.000000000000000000e+00 1.502636394038805889e+00
0.000000000000000000e+00 2.741884794747335263e+00
0.000000000000000000e+00 1.573875706809587882e+00
2.000000000000000000e+00 1.306457972693381153e+00
3.000000000000000000e+00 3.064548203776432000e+00
2.000000000000000000e+00 1.325526482660577487e+00
3.000000000000000000e+00 1.583732078152029432e+00
0.000000000000000000e+00 5.549241195902391510e+00
0.000000000000000000e+00 4.636442387292959211e+00
2.000000000000000000e+00 4.013642901187018275e+00
3.000000000000000000e+00 4.288855355256599999e+00
2.000000000000000000e+00 2.124088160926613345e+00
2.000000000000000000e+00 1.926589345944047960e+00
3.000000000000000000e+00 2.808919681446150118e+00
0.000000000000000000e+00 2.666832727112231627e+00
3.000000000000000000e+00 1.140197455682020911e+00
0.000000000000000000e+00 6.809477538646321326e-01
0.000000000000000000e+00 1.470955246093906377e+00
3.000000000000000000e+00 4.591811474671017912e+00
0.000000000000000000e+00 9.358603548821994300e-01
0.000000000000000000e+00 1.243707368011213177e+00
0.000000000000000000e+00 4.490240555418195001e+00
2.000000000000000000e+00 1.086931586720899956e+00
3.000000000000000000e+00 1.788944381998715194e+00
3.000000000000000000e+00 3.711031751475835083e+00
0.000000000000000000e+00 2.318730207131591392e+00
3.000000000000000000e+00 2.442286795312457404e+00
3.000000000000000000e+00 5.400121011461684439e+00
0.000000000000000000e+00 2.361637256839943078e+00
2.000000000000000000e+00 2.173346194904070661e+00
0.000000000000000000e+00 3.280801736084425713e+00
3.000000000000000000e+00 3.198872594095693689e+00
3.000000000000000000e+00 2.923532633635041567e+00
0.000000000000000000e+00 3.637469151558961666e+00
0.000000000000000000e+00 4.294282924648452071e-01
3.000000000000000000e+00 1.866752036546389215e+00
3.000000000000000000e+00 2.390854455018078362e+00
3.000000000000000000e+00 3.881115882963982466e-01
3.000000000000000000e+00 6.869886727474240340e-01
2.000000000000000000e+00 5.816184900724302720e-01
0.000000000000000000e+00 1.755530516910289718e+00
2.000000000000000000e+00 2.043201429825095339e+00
0.000000000000000000e+00 9.170958615516922041e-01
2.000000000000000000e+00 1.957948181334474569e+00
3.000000000000000000e+00 2.711405744946941532e+00
0.000000000000000000e+00 2.153496476024880035e+00
3.000000000000000000e+00 1.909230718222723333e-01
3.000000000000000000e+00 2.012710642680272333e+00
3.000000000000000000e+00 4.575662965212715427e+00
3.000000000000000000e+00 2.352339280925453302e+00
0.000000000000000000e+00 5.285362834598655191e+00
2.000000000000000000e+00 1.273697685271139468e+00
0.000000000000000000e+00 5.944234997491114392e+00
3.000000000000000000e+00 3.770990566842062908e+00
2.000000000000000000e+00 3.180231379791439217e+00
3.000000000000000000e+00 3.596521468925802267e+00
3.000000000000000000e+00 2.874843175540481077e+00
0.000000000000000000e+00 7.758829340812239961e-01
3.000000000000000000e+00 3.191799325107241625e+00
2.000000000000000000e+00 5.251895975942857397e+00
0.000000000000000000e+00 3.359601243949347449e+00
2.000000000000000000e+00 2.476112866006476843e+00
2.000000000000000000e+00 2.932972384980996328e+00
3.000000000000000000e+00 2.789663313139215006e+00
0.000000000000000000e+00 1.295906464867932373e+00
2.000000000000000000e+00 6.605243333595219868e-01
0.000000000000000000e+00 4.238723676804887042e+00
0.000000000000000000e+00 2.272742195307976054e+00
0.000000000000000000e+00 5.869295710301802416e+00
3.000000000000000000e+00 2.838075516545004007e+00
0.000000000000000000e+00 3.312528591315099469e+00
3.000000000000000000e+00 4.557046201001902830e+00
0.000000000000000000e+00 2.458910623048012667e+00
2.000000000000000000e+00 5.884662808368900100e-01
2.000000000000000000e+00 4.034296369994784470e+00
0.000000000000000000e+00 6.009839425493674447e+00
0.000000000000000000e+00 5.149623635122254406e+00
0.000000000000000000e+00 3.292909347970007783e+00
3.000000000000000000e+00 2.806241242992157048e+00
3.000000000000000000e+00 3.856445572714076508e+00
2.000000000000000000e+00 2.084250295961417976e+00
0.000000000000000000e+00 1.375334450478454595e+00
3.000000000000000000e+00 2.129845213941980120e+00
0.000000000000000000e+00 3.497235260408850355e+00
2.000000000000000000e+00 4.169390139592297650e+00
0.000000000000000000e+00 1.285239939324964942e+00
2.000000000000000000e+00 4.256150506952793400e+00
0.000000000000000000e+00 3.916705610413617755e+00
0.000000000000000000e+00 5.560283833034014300e+00
0.000000000000000000e+00 4.097914342884369177e+00
3.000000000000000000e+00 6.089695446415447577e+00
2.000000000000000000e+00 4.991765916360272115e+00
0.000000000000000000e+00 4.933690768582843056e+00
3.000000000000000000e+00 5.057188995656902719e+00
3.000000000000000000e+00 1.177335362658985085e+00
3.000000000000000000e+00 2.535438479016097979e+00
0.000000000000000000e+00 2.449925300240110904e+00
0.000000000000000000e+00 6.392932553234897064e+00
3.000000000000000000e+00 4.867292565421960759e+00
0.000000000000000000e+00 8.025546843850979162e-01
3.000000000000000000e+00 1.216535826578466484e+00
0.000000000000000000e+00 5.109947329169946428e+00
3.000000000000000000e+00 5.545157655517543027e+00
0.000000000000000000e+00 2.467273042712413211e+00
3.000000000000000000e+00 1.166417220342711225e+00
0.000000000000000000e+00 1.562849958947036821e+00
0.000000000000000000e+00 1.399094332598062262e+00
0.000000000000000000e+00 4.604433444872640280e+00
3.000000000000000000e+00 4.670323567815654719e+00
3.000000000000000000e+00 2.564652636513965245e+00
0.000000000000000000e+00 2.676768410712275781e+00
3.000000000000000000e+00 1.274464223341855496e+00
0.000000000000000000e+00 1.617662135199850582e+00
3.000000000000000000e+00 3.260592962207847112e+00
0.000000000000000000e+00 4.816569987630150429e+00
2.000000000000000000e+00 1.693337054195636737e+00
0.000000000000000000e+00 1.136468649457830660e+00
0.000000000000000000e+00 3.154221339693250137e+00
3.000000000000000000e+00 4.722465937593332441e+00
0.000000000000000000e+00 6.245111113930386093e-01
2.000000000000000000e+00 1.292141099245103675e+00
0.000000000000000000e+00 6.131533482517345313e+00
3.000000000000000000e+00 3.697722314242626762e+00
3.000000000000000000e+00 3.937760935925705752e+00
3.000000000000000000e+00 3.947218200471831917e+00
2.000000000000000000e+00 2.161815826966823284e+00
0.000000000000000000e+00 3.608825347041658915e+00
3.000000000000000000e+00 3.579462214486509364e+00
0.000000000000000000e+00 4.686434181470457538e+00
0.000000000000000000e+00 5.566962906208892115e+00
2.000000000000000000e+00 1.687201404697656226e+00
3.000000000000000000e+00 1.343627852426540148e+00
0.000000000000000000e+00 2.281351277817659895e+00
0.000000000000000000e+00 6.451787155677664032e+00
2.000000000000000000e+00 1.141338865183418649e+00
0.000000000000000000e+00 2.409149421845769634e+00
3.000000000000000000e+00 2.228341451036142562e+00
0.000000000000000000e+00 5.527596795819305520e+00
0.000000000000000000e+00 2.115311943179393417e+00
0.000000000000000000e+00 3.669972586717563878e+00
0.000000000000000000e+00 1.645046771969764121e+00
2.000000000000000000e+00 1.526387710476425630e+00
3.000000000000000000e+00 4.226062359216671283e+00
0.000000000000000000e+00 2.071696197964541408e+00
3.000000000000000000e+00 2.150219796687006024e+00
3.000000000000000000e+00 1.259878184989512651e+00
0.000000000000000000e+00 3.667984011956110901e+00
2.000000000000000000e+00 1.313628553737421267e+00
2.000000000000000000e+00 1.031414893282252443e+00
0.000000000000000000e+00 3.297703861172137874e+00
2.000000000000000000e+00 4.130845268333886544e+00
3.000000000000000000e+00 4.483770604886445632e+00
0.000000000000000000e+00 2.260195083430498464e+00
2.000000000000000000e+00 7.457924052390271230e-01
0.000000000000000000e+00 5.398787091653145520e-01
0.000000000000000000e+00 2.543396082905817757e+00
3.000000000000000000e+00 1.628580291411483083e+00
0.000000000000000000e+00 5.093341367168497946e+00
3.000000000000000000e+00 2.860360140850378041e+00
3.000000000000000000e+00 5.550311570430037200e+00
2.000000000000000000e+00 2.622626198702099121e+00
0.000000000000000000e+00 2.653139609849080038e+00
0.000000000000000000e+00 3.313830338803107622e+00
0.000000000000000000e+00 4.730544873438410569e+00
0.000000000000000000e+00 1.376156492722858671e+00
0.000000000000000000e+00 2.010240745418802710e+00
0.000000000000000000e+00 1.908692912101767503e+00
3.000000000000000000e+00 3.193326726574432062e+00
2.000000000000000000e+00 6.312050954969607997e-01
3.000000000000000000e+00 5.347174588449144395e+00
3.000000000000000000e+00 3.804763870496828737e+00
0.000000000000000000e+00 3.241304378761665994e+00
0.000000000000000000e+00 3.199691454579904448e+00
3.000000000000000000e+00 5.698119052419815533e-01
0.000000000000000000e+00 1.405299960374606139e+00
3.000000000000000000e+00 2.883586412860100534e+00
3.000000000000000000e+00 3.012599573308458734e+00
2.000000000000000000e+00 4.980194253199732302e+00
3.000000000000000000e+00 2.675339564116062885e+00
0.000000000000000000e+00 4.113735255079135733e+00
0.000000000000000000e+00 2.616306130665180696e+00
2.000000000000000000e+00 5.234670017863641611e+00
0.000000000000000000e+00 5.919621705846998871e+00
2.000000000000000000e+00 2.273445744687813797e+00
2.000000000000000000e+00 2.162303381780049438e+00
0.000000000000000000e+00 4.323294153217219993e+00
2.000000000000000000e+00 3.425041962166643916e+00
3.000000000000000000e+00 3.286625808925838665e+00
2.000000000000000000e+00 2.089480728800942710e+00
0.000000000000000000e+00 1.766392139055346755e+00
0.000000000000000000e+00 9.424880351607686224e-01
2.000000000000000000e+00 4.224560992240242285e+00
0.000000000000000000e+00 2.266350030624987966e+00
3.000000000000000000e+00 5.381658566377074848e+00
3.000000000000000000e+00 2.354616627033147669e+00
3.000000000000000000e+00 2.536972247309978723e+00
0.000000000000000000e+00 2.633887382178925041e+00
2.000000000000000000e+00 2.536865098319906586e+00
0.000000000000000000e+00 1.434147906398448580e+00
2.000000000000000000e+00 1.527617033625062293e+00
0.000000000000000000e+00 3.796770684464976231e+00
2.000000000000000000e+00 3.024699161907574041e+00
2.000000000000000000e+00 2.904504215265834244e+00
0.000000000000000000e+00 1.584310962455863114e+00
0.000000000000000000e+00 3.568876243838866369e+00
2.000000000000000000e+00 3.732714837159102572e+00
3.000000000000000000e+00 5.709161154864105470e+00
0.000000000000000000e+00 3.834966358180854407e+00
3.000000000000000000e+00 2.438712481081979355e+00
0.000000000000000000e+00 2.536065036278858820e+00
0.000000000000000000e+00 3.024922896330276778e+00
0.000000000000000000e+00 4.704874453527657430e+00
3.000000000000000000e+00 3.796737490910995216e+00
0.000000000000000000e+00 5.173607308471935617e+00
0.000000000000000000e+00 2.094452772750410308e+00
0.000000000000000000e+00 1.512374019762859012e+00
0.000000000000000000e+00 3.772579486358731859e+00
0.000000000000000000e+00 3.777926980918531186e+00
0.000000000000000000e+00 3.846521684046907197e+00
0.000000000000000000e+00 2.921617520767610277e+00
3.000000000000000000e+00 2.055489666423806039e+00
3.000000000000000000e+00 1.327978935063524935e+00
2.000000000000000000e+00 1.423285091404429936e+00
3.000000000000000000e+00 5.233026652851456184e+00
3.000000000000000000e+00 1.827937980368937954e+00
3.000000000000000000e+00 4.130960933595275719e+00
3.000000000000000000e+00 3.358873628712773396e+00
3.000000000000000000e+00 3.272774300286511284e+00
0.000000000000000000e+00 1.600959396206302010e+00
0.000000000000000000e+00 0.000000000000000000e+00
2.000000000000000000e+00 3.676941534396180433e+00
3.000000000000000000e+00 3.122587665730948814e+00
3.000000000000000000e+00 7.563524148036073758e-01
3.000000000000000000e+00 3.650842580438006912e+00
3.000000000000000000e+00 3.342960914049694754e+00
0.000000000000000000e+00 1.196250303927030245e+00
2.000000000000000000e+00 3.065001587842138608e+00
0.000000000000000000e+00 3.820445213657663874e+00
2.000000000000000000e+00 2.848266815943179431e+00
0.000000000000000000e+00 3.042066809020591123e+00
0.000000000000000000e+00 2.120023940817440167e+00
3.000000000000000000e+00 4.524600049006606284e-01
2.000000000000000000e+00 2.884175162912612222e+00
2.000000000000000000e+00 2.351581194015059495e+00
3.000000000000000000e+00 2.757180904210997152e+00
2.000000000000000000e+00 3.073860687932500113e+00
3.000000000000000000e+00 8.446736531218848043e-01
3.000000000000000000e+00 5.213719497314282414e+00
3.000000000000000000e+00 4.529712039970163140e+00
0.000000000000000000e+00 4.269006204324539588e+00
3.000000000000000000e+00 3.708079581556576798e+00
0.000000000000000000e+00 2.862489322347793852e+00
2.000000000000000000e+00 3.497321332144956774e+00
0.000000000000000000e+00 5.179781212768630461e+00
2.000000000000000000e+00 1.723153957992473284e+00
0.000000000000000000e+00 3.541684423613621124e+00
0.000000000000000000e+00 4.664803282351834390e+00
3.000000000000000000e+00 3.830381842013406146e+00
3.000000000000000000e+00 2.209761656412413178e+00
3.000000000000000000e+00 5.835403110073333011e+00
0.000000000000000000e+00 4.413924413439189287e+00
3.000000000000000000e+00 0.000000000000000000e+00
3.000000000000000000e+00 5.143109803672879288e+00
2.000000000000000000e+00 4.167136924215241400e+00
0.000000000000000000e+00 4.730579519557430501e+00
2.000000000000000000e+00 2.710052978364966059e+00
2.000000000000000000e+00 1.783658719183534469e+00
3.000000000000000000e+00 2.582386063246564945e+00
2.000000000000000000e+00 5.350561692210471954e+00
3.000000000000000000e+00 3.580951942894804674e+00
3.000000000000000000e+00 4.475821085659976717e+00
0.000000000000000000e+00 5.171763315016433715e+00
2.000000000000000000e+00 2.257967775064444904e+00
2.000000000000000000e+00 2.965429614081089849e+00
0.000000000000000000e+00 6.975143981462735177e+00
0.000000000000000000e+00 4.935197170835738056e+00
2.000000000000000000e+00 5.716537128634185727e+00
3.000000000000000000e+00 9.620265370739086164e-01
0.000000000000000000e+00 4.395340508882242148e+00
3.000000000000000000e+00 1.861749947182265608e+00
0.000000000000000000e+00 1.033441515487145690e+00
2.000000000000000000e+00 3.465079804657260620e+00
2.000000000000000000e+00 2.185585034025504303e+00
3.000000000000000000e+00 7.603178953711228205e-01
3.000000000000000000e+00 4.237113491972593238e+00
0.000000000000000000e+00 4.680023705752075713e+00
2.000000000000000000e+00 3.211263737508765370e+00
3.000000000000000000e+00 2.557684902567233909e+00
3.000000000000000000e+00 3.234434122125919409e+00
3.000000000000000000e+00 2.401577102131488228e+00
2.000000000000000000e+00 2.258280722362240867e-01
0.000000000000000000e+00 1.909285004348259207e+00
2.000000000000000000e+00 3.083205066752326751e+00
2.000000000000000000e+00 2.645614798322553973e+00
0.000000000000000000e+00 1.827394034926651756e+00
0.000000000000000000e+00 1.312634124781640210e+00
3.000000000000000000e+00 3.054650432124727644e+00
0.000000000000000000e+00 8.250190523831039124e-01
0.000000000000000000e+00 4.028355710727217875e+00
0.000000000000000000e+00 6.001769609221639934e-01
0.000000000000000000e+00 6.507032062164678443e+00
2.000000000000000000e+00 2.577676668167869334e+00
2.000000000000000000e+00 2.010241685971710712e+00
3.000000000000000000e+00 6.293279525808502584e+00
3.000000000000000000e+00 9.216491878221142464e-01
3.000000000000000000e+00 6.572314915379983802e+00
0.000000000000000000e+00 2.563312859544606415e+00
3.000000000000000000e+00 4.221406903241486375e-01
0.000000000000000000e+00 4.474541604563191832e+00
3.000000000000000000e+00 3.690118018532059896e+00
3.000000000000000000e+00 3.143659761183101864e+00
3.000000000000000000e+00 5.213763110252850552e+00
3.000000000000000000e+00 2.585563880413723314e+00
0.000000000000000000e+00 4.410603819616160770e+00
3.000000000000000000e+00 3.439868888575997374e+00
2.000000000000000000e+00 2.244951955032491675e+00
2.000000000000000000e+00 3.054073090469199059e+00
3.000000000000000000e+00 4.436915682569283703e+00
2.000000000000000000e+00 2.333003553385228024e+00
0.000000000000000000e+00 4.487366333627260673e+00
2.000000000000000000e+00 3.119372271597751212e+00
3.000000000000000000e+00 2.134572991774568607e+00
0.000000000000000000e+00 2.817277136920601333e+00
3.000000000000000000e+00 1.809619852751735092e+00
2.000000000000000000e+00 1.582858549636984469e+00
3.000000000000000000e+00 2.852714463972698233e+00
0.000000000000000000e+00 5.357085556403101023e+00
2.000000000000000000e+00 5.225596894837702955e+00
3.000000000000000000e+00 4.571163381291992067e+00
2.000000000000000000e+00 1.153752916031117071e+00
2.000000000000000000e+00 3.036119131046921549e+00
0.000000000000000000e+00 4.630655762128610853e+00
3.000000000000000000e+00 3.379898852822112332e+00
2.000000000000000000e+00 5.203679902981107830e+00
0.000000000000000000e+00 2.835172905943488253e+00
2.000000000000000000e+00 2.187222681603029906e-01
3.000000000000000000e+00 4.998302673126601370e+00
3.000000000000000000e+00 3.625232121815742836e+00
3.000000000000000000e+00 3.745434650671255916e+00
0.000000000000000000e+00 1.293492198771327928e+00
0.000000000000000000e+00 1.333704158614032798e+00
3.000000000000000000e+00 3.477075634210164967e+00
3.000000000000000000e+00 1.025771253122068405e+00
2.000000000000000000e+00 3.062673240551706311e+00
0.000000000000000000e+00 5.434894643014414051e+00
2.000000000000000000e+00 2.552136297554946864e+00
0.000000000000000000e+00 2.532288336329460599e+00
2.000000000000000000e+00 3.316735863892214642e+00
0.000000000000000000e+00 3.221596062795178739e+00
3.000000000000000000e+00 2.223825175806503740e+00
2.000000000000000000e+00 1.462230297558781977e+00
0.000000000000000000e+00 1.577961545312883018e+00
2.000000000000000000e+00 3.495936304181844090e+00
2.000000000000000000e+00 4.019344559168092523e+00
2.000000000000000000e+00 2.916530786226708916e+00
0.000000000000000000e+00 5.651989794336392814e-01
3.000000000000000000e+00 3.630766901471619068e+00
0.000000000000000000e+00 2.402149576207043058e+00
2.000000000000000000e+00 3.447656535274746137e+00
2.000000000000000000e+00 1.548920348128253632e+00
3.000000000000000000e+00 2.775450336082513125e+00
3.000000000000000000e+00 3.680672886574233527e+00
0.000000000000000000e+00 5.124842873188064196e+00
3.000000000000000000e+00 3.210194647197901041e+00
3.000000000000000000e+00 2.684704653324918144e+00
3.000000000000000000e+00 2.581858619421563805e+00
0.000000000000000000e+00 5.450496060869642001e+00
3.000000000000000000e+00 5.481422119555294792e+00
2.000000000000000000e+00 2.570766275235880638e+00
0.000000000000000000e+00 2.231433076083836564e+00
0.000000000000000000e+00 4.875388385105849487e+00
0.000000000000000000e+00 3.521939494283193639e+00
3.000000000000000000e+00 1.605712567666702562e+00
0.000000000000000000e+00 4.498172438219131486e+00
0.000000000000000000e+00 5.307118421026522981e+00
3.000000000000000000e+00 4.997254098523793431e+00
2.000000000000000000e+00 1.921035909034440659e+00
2.000000000000000000e+00 4.125558285423820415e+00
3.000000000000000000e+00 3.169568076685910896e+00
3.000000000000000000e+00 4.092317719057608549e+00
3.000000000000000000e+00 4.856896213245914140e+00
2.000000000000000000e+00 3.834135606387317097e+00
0.000000000000000000e+00 3.474999034633392103e+00
3.000000000000000000e+00 1.806091998109932151e+00
0.000000000000000000e+00 2.537775483143147603e+00
3.000000000000000000e+00 1.193474562897727687e+00
2.000000000000000000e+00 3.143678655416824785e+00
0.000000000000000000e+00 1.909010931609094408e+00
2.000000000000000000e+00 0.000000000000000000e+00
0.000000000000000000e+00 2.918649511526254514e+00
3.000000000000000000e+00 3.232793591261341248e+00
2.000000000000000000e+00 2.368332260465999983e+00
3.000000000000000000e+00 1.729184130840409450e+00
0.000000000000000000e+00 2.219394628394208535e+00
0.000000000000000000e+00 5.796131671178706313e+00
2.000000000000000000e+00 3.554796568839396986e+00
3.000000000000000000e+00 3.300477492094464615e+00
0.000000000000000000e+00 5.703619049404121455e+00
0.000000000000000000e+00 1.985813114905049082e+00
0.000000000000000000e+00 4.540197305237741787e+00
0.000000000000000000e+00 3.904357183517103813e+00
2.000000000000000000e+00 4.852339746543430365e+00
0.000000000000000000e+00 4.132407341549768631e+00
0.000000000000000000e+00 3.271968599511400733e+00
3.000000000000000000e+00 4.542178885930769461e+00
0.000000000000000000e+00 1.525946729130442936e+00
0.000000000000000000e+00 2.745986134410105972e+00
2.000000000000000000e+00 5.114067594183189236e+00
0.000000000000000000e+00 3.777809902332692982e+00
2.000000000000000000e+00 2.085272264768634809e+00
2.000000000000000000e+00 2.724325019720694296e+00
3.000000000000000000e+00 7.307750765357066136e-01
0.000000000000000000e+00 2.752970570851135168e+00
0.000000000000000000e+00 4.925462801880441610e+00
3.000000000000000000e+00 2.965642065013875506e+00
3.000000000000000000e+00 3.185360181097783183e+00
0.000000000000000000e+00 3.745731073968441294e+00
0.000000000000000000e+00 5.005948481769570968e+00
0.000000000000000000e+00 3.452376663341885532e+00
3.000000000000000000e+00 5.101827110293691625e+00
3.000000000000000000e+00 1.735957177167046561e+00
2.000000000000000000e+00 4.147801882819916131e+00
2.000000000000000000e+00 3.022684718498908296e+00
3.000000000000000000e+00 2.489123641778674401e+00
3.000000000000000000e+00 2.836264074196271245e+00
2.000000000000000000e+00 2.910876458806021194e+00
0.000000000000000000e+00 1.747881876660270395e+00
2.000000000000000000e+00 1.934105571431037340e+00
0.000000000000000000e+00 4.133229385367785724e+00
2.000000000000000000e+00 6.631087514549918183e-01
3.000000000000000000e+00 1.315007062530789250e+00
3.000000000000000000e+00 4.790177498919114818e+00
0.000000000000000000e+00 5.522341208853541517e+00
2.000000000000000000e+00 2.765399423691947689e+00
3.000000000000000000e+00 4.963792068975525495e+00
3.000000000000000000e+00 1.138284061735951730e-01
0.000000000000000000e+00 3.486448239030058183e+00
3.000000000000000000e+00 2.809370695259836737e+00
3.000000000000000000e+00 6.572277842238626322e-01
0.000000000000000000e+00 4.995898141903817979e+00
3.000000000000000000e+00 2.734589468709919924e+00
2.000000000000000000e+00 5.039822462686205817e+00
2.000000000000000000e+00 3.700996817763135827e+00
3.000000000000000000e+00 4.298516145798395804e+00
3.000000000000000000e+00 5.005477780114470754e+00
3.000000000000000000e+00 3.562673119440841418e+00
0.000000000000000000e+00 3.321744639895872986e+00
2.000000000000000000e+00 3.650690311034055835e+00
2.000000000000000000e+00 3.683523492351535644e+00
3.000000000000000000e+00 1.426113526830950162e+00
0.000000000000000000e+00 4.431504553683118353e+00
0.000000000000000000e+00 3.818052868525385168e+00
3.000000000000000000e+00 4.663303259536095702e+00
2.000000000000000000e+00 3.741713951511364211e+00
3.000000000000000000e+00 1.435319335264812368e+00
0.000000000000000000e+00 6.315583076246604755e+00
3.000000000000000000e+00 4.051768341840252141e+00
0.000000000000000000e+00 1.624881870481601931e+00
0.000000000000000000e+00 5.370313757382092490e+00
2.000000000000000000e+00 3.134529529585580399e+00
3.000000000000000000e+00 1.973122806167054932e+00
0.000000000000000000e+00 1.229760387061437754e+00
2.000000000000000000e+00 2.157605145793056511e+00
0.000000000000000000e+00 3.109755283368007550e+00
0.000000000000000000e+00 3.249261626921080115e+00
3.000000000000000000e+00 5.923340759871237537e+00
3.000000000000000000e+00 5.681042337621654781e+00
3.000000000000000000e+00 3.921349558562911231e+00
3.000000000000000000e+00 3.663425834884867172e+00
2.000000000000000000e+00 3.193343801949982019e+00
0.000000000000000000e+00 3.503039219982165164e+00
3.000000000000000000e+00 2.643106480898164801e+00
0.000000000000000000e+00 5.879559389110595724e+00
0.000000000000000000e+00 4.224051365615704157e+00
3.000000000000000000e+00 6.181126094880682320e-01
0.000000000000000000e+00 4.757807860992048887e+00
2.000000000000000000e+00 2.261769848955920370e+00
2.000000000000000000e+00 3.577431279392125685e+00
2.000000000000000000e+00 2.058363632648142705e+00
0.000000000000000000e+00 4.675847018901587937e+00
0.000000000000000000e+00 4.503655452236288603e+00
2.000000000000000000e+00 3.933459364533427927e+00
3.000000000000000000e+00 2.318050834927437354e+00
0.000000000000000000e+00 3.058357919615863452e+00
0.000000000000000000e+00 1.671191753656015466e+00
2.000000000000000000e+00 1.729339074898466944e+00
0.000000000000000000e+00 5.380138627122494910e+00
3.000000000000000000e+00 4.154899933694548686e+00
2.000000000000000000e+00 3.642304586186646098e+00
3.000000000000000000e+00 4.640708249905972416e+00
3.000000000000000000e+00 1.433900138753147369e+00
0.000000000000000000e+00 4.857887893502596199e+00
0.000000000000000000e+00 2.954003649463932568e+00
3.000000000000000000e+00 9.481070421366596390e-01
0.000000000000000000e+00 6.173304589983302115e+00
3.000000000000000000e+00 5.418494256664085462e+00
0.000000000000000000e+00 4.000934094649736927e+00
3.000000000000000000e+00 2.437346707984730187e+00
0.000000000000000000e+00 2.695726753322895686e+00
1.000000000000000000e+00 3.397899012631876214e+00
5.000000000000000000e+00 2.401212572792653432e+00
4.000000000000000000e+00 1.632960769331225359e+00
5.000000000000000000e+00 2.499669278606401868e+00
1.000000000000000000e+00 4.712780576000757948e-01
1.000000000000000000e+00 4.500304517256625836e+00
1.000000000000000000e+00 1.297939468030806065e+00
1.000000000000000000e+00 4.859565303209790521e+00
5.000000000000000000e+00 3.438737147574242758e+00
4.000000000000000000e+00 5.973201629502994381e-01
1.000000000000000000e+00 5.374639738621509899e+00
5.000000000000000000e+00 5.726290145803804243e+00
1.000000000000000000e+00 3.976769544353118135e-01
1.000000000000000000e+00 2.299554479568448162e+00
1.000000000000000000e+00 5.454771553939189666e+00
4.000000000000000000e+00 1.745729638463472844e+00
1.000000000000000000e+00 4.897648758486671916e+00
4.000000000000000000e+00 3.881763905239093759e+00
4.000000000000000000e+00 2.882183497368900227e+00
5.000000000000000000e+00 7.341818184935749336e+00
5.000000000000000000e+00 2.688316609242594524e+00
5.000000000000000000e+00 3.146158894205500545e+00
5.000000000000000000e+00 3.560047423502600061e+00
1.000000000000000000e+00 2.806602575316803350e+00
1.000000000000000000e+00 4.351762171367257181e+00
5.000000000000000000e+00 6.323470814813104468e+00
5.000000000000000000e+00 2.026508157554087752e+00
1.000000000000000000e+00 6.442457754095211264e+00
5.000000000000000000e+00 5.331690881579534746e+00
5.000000000000000000e+00 2.843146217206016235e+00
1.000000000000000000e+00 1.938680947499344276e+00
4.000000000000000000e+00 3.187194294890824509e+00
5.000000000000000000e+00 7.617321027233358244e+00
5.000000000000000000e+00 7.108732360404072637e+00
5.000000000000000000e+00 3.691031915022831011e+00
5.000000000000000000e+00 3.231997748572073004e+00
5.000000000000000000e+00 4.919778652474487757e+00
1.000000000000000000e+00 4.026296712408946377e+00
1.000000000000000000e+00 5.653145724034387420e+00
1.000000000000000000e+00 5.056008790461332225e+00
1.000000000000000000e+00 1.752306130864405453e+00
5.000000000000000000e+00 2.077709310136568011e+00
1.000000000000000000e+00 2.372163566688049396e+00
4.000000000000000000e+00 3.407127711626228628e+00
1.000000000000000000e+00 3.111274559682862595e+00
1.000000000000000000e+00 3.720115084373049275e+00
5.000000000000000000e+00 1.496302150870143288e+00
1.000000000000000000e+00 6.044187517169981483e+00
1.000000000000000000e+00 6.446623155136038896e+00
5.000000000000000000e+00 5.454916550828003530e+00
1.000000000000000000e+00 5.970426061815579999e+00
5.000000000000000000e+00 3.074342114325583353e+00
1.000000000000000000e+00 1.007465073536840450e+00
4.000000000000000000e+00 2.042803571251581296e+00
5.000000000000000000e+00 6.273303994086764312e+00
1.000000000000000000e+00 4.902563260809504442e+00
1.000000000000000000e+00 3.366531601112269456e+00
1.000000000000000000e+00 4.230688253075408412e+00
4.000000000000000000e+00 3.969991221083205790e+00
5.000000000000000000e+00 6.924888933504194988e+00
1.000000000000000000e+00 6.918190116845431170e+00
4.000000000000000000e+00 1.193911068359278627e+00
1.000000000000000000e+00 4.205268864393332251e+00
1.000000000000000000e+00 2.345562156166085099e+00
1.000000000000000000e+00 6.916465469804311539e+00
5.000000000000000000e+00 2.410995419497410808e+00
1.000000000000000000e+00 2.212877614167992224e+00
5.000000000000000000e+00 2.201972511947787314e+00
4.000000000000000000e+00 2.144191319311707034e+00
5.000000000000000000e+00 2.965122844835224925e+00
1.000000000000000000e+00 4.540056402831440963e+00
5.000000000000000000e+00 3.562113696240689076e-01
5.000000000000000000e+00 5.571337912663865133e+00
5.000000000000000000e+00 1.250963360869310037e+00
1.000000000000000000e+00 1.360654130022092900e+00
1.000000000000000000e+00 5.457552828162646641e+00
4.000000000000000000e+00 2.066234835943614456e+00
4.000000000000000000e+00 3.126796036526764411e+00
5.000000000000000000e+00 2.309645435325355045e+00
1.000000000000000000e+00 6.539040764269797634e+00
5.000000000000000000e+00 5.508985667386502527e+00
1.000000000000000000e+00 5.886003911121001630e-01
5.000000000000000000e+00 2.468778165995196172e+00
5.000000000000000000e+00 5.029055735916704961e+00
5.000000000000000000e+00 3.011497166757907351e+00
1.000000000000000000e+00 5.877000633531606510e+00
4.000000000000000000e+00 3.472624436266376957e+00
1.000000000000000000e+00 5.963879667848200228e+00
4.000000000000000000e+00 9.888552580686962301e-01
4.000000000000000000e+00 2.077495826849360849e+00
5.000000000000000000e+00 3.583050265358440623e+00
5.000000000000000000e+00 3.506187360861551028e+00
1.000000000000000000e+00 6.609328222898787963e+00
5.000000000000000000e+00 3.129643397668686156e+00
5.000000000000000000e+00 4.666143068830423957e+00
1.000000000000000000e+00 5.164425768739650202e+00
1.000000000000000000e+00 6.379603396416375638e+00
4.000000000000000000e+00 2.074847092993668873e+00
4.000000000000000000e+00 2.072796006938452340e+00
5.000000000000000000e+00 4.433837319070149441e+00
5.000000000000000000e+00 3.263485483199448645e+00
1.000000000000000000e+00 5.325173470373426809e+00
5.000000000000000000e+00 3.440925594716055969e+00
5.000000000000000000e+00 5.770484579704095118e+00
5.000000000000000000e+00 2.454881477517700361e+00
1.000000000000000000e+00 4.859277274821578452e+00
4.000000000000000000e+00 2.980371799371518637e+00
5.000000000000000000e+00 3.290542302290885956e+00
4.000000000000000000e+00 5.621861396994051185e-01
5.000000000000000000e+00 5.378106455852650569e+00
1.000000000000000000e+00 3.581730695031329681e+00
5.000000000000000000e+00 9.364996034948001036e-01
1.000000000000000000e+00 5.503531423282078450e+00
4.000000000000000000e+00 3.602909037163741779e+00
1.000000000000000000e+00 3.593736209809578863e+00
5.000000000000000000e+00 2.805195240712033300e+00
1.000000000000000000e+00 1.667525054448786292e+00
4.000000000000000000e+00 4.081506076535961647e+00
5.000000000000000000e+00 3.068927318965459783e+00
5.000000000000000000e+00 6.811857853237214933e+00
4.000000000000000000e+00 4.014463148995167430e+00
1.000000000000000000e+00 7.483851298019806864e-01
4.000000000000000000e+00 2.093886667100653298e+00
1.000000000000000000e+00 3.511152654285183861e+00
5.000000000000000000e+00 8.071253288770506629e+00
5.000000000000000000e+00 6.485801459785927037e+00
1.000000000000000000e+00 1.580252365238725920e+00
5.000000000000000000e+00 0.000000000000000000e+00
1.000000000000000000e+00 3.063557713329412735e+00
4.000000000000000000e+00 2.517812482706810240e+00
4.000000000000000000e+00 1.413371883127641393e+00
1.000000000000000000e+00 7.113799608422800569e-01
1.000000000000000000e+00 5.532734395823598383e+00
5.000000000000000000e+00 2.496481573292408829e+00
4.000000000000000000e+00 2.148600004437346112e+00
1.000000000000000000e+00 2.342236611931917345e+00
4.000000000000000000e+00 2.087407617347354361e+00
1.000000000000000000e+00 4.398048866367560983e+00
5.000000000000000000e+00 3.243090751661725335e+00
5.000000000000000000e+00 2.056077426394670393e+00
4.000000000000000000e+00 1.231264292220427103e+00
4.000000000000000000e+00 3.450767905953592507e+00
1.000000000000000000e+00 3.219395166504964489e+00
5.000000000000000000e+00 7.415151182657748308e+00
5.000000000000000000e+00 1.603283745074015831e+00
1.000000000000000000e+00 6.044861328157948854e+00
1.000000000000000000e+00 4.787715419693665098e+00
4.000000000000000000e+00 1.158503525747947238e+00
1.000000000000000000e+00 2.103206376982841075e+00
1.000000000000000000e+00 1.749074633145820012e+00
4.000000000000000000e+00 2.065367778331673954e+00
1.000000000000000000e+00 5.662031579580902196e+00
5.000000000000000000e+00 6.677638903095693301e+00
4.000000000000000000e+00 3.119016477154545441e+00
1.000000000000000000e+00 1.121910591272359481e+00
4.000000000000000000e+00 3.825525083506173818e+00
5.000000000000000000e+00 1.086643748123073516e+00
1.000000000000000000e+00 4.439480929306866663e+00
5.000000000000000000e+00 2.249941889738567902e+00
5.000000000000000000e+00 4.659003686537618094e+00
5.000000000000000000e+00 5.502640246755116316e+00
1.000000000000000000e+00 3.931123988715397921e+00
5.000000000000000000e+00 1.684315296737153522e+00
4.000000000000000000e+00 2.664941900901776961e+00
5.000000000000000000e+00 1.397766493026433743e+00
4.000000000000000000e+00 3.222845793799358205e+00
5.000000000000000000e+00 2.029064409568469785e+00
5.000000000000000000e+00 2.656708967525999832e+00
1.000000000000000000e+00 2.912181677420783821e+00
1.000000000000000000e+00 2.227665456381766163e+00
5.000000000000000000e+00 5.512282396597350420e+00
1.000000000000000000e+00 3.184445840143844908e+00
5.000000000000000000e+00 8.635849343251850163e-01
4.000000000000000000e+00 3.050528383575869640e+00
1.000000000000000000e+00 4.886335863875129526e+00
5.000000000000000000e+00 2.503789777050713372e+00
5.000000000000000000e+00 7.234033756677757054e+00
1.000000000000000000e+00 3.788973670748647660e+00
1.000000000000000000e+00 6.415882883373032364e+00
1.000000000000000000e+00 3.584785004633353367e+00
4.000000000000000000e+00 4.623524448155040267e-01
5.000000000000000000e+00 1.284682486438896154e+00
1.000000000000000000e+00 6.811782073298962459e+00
4.000000000000000000e+00 2.403272296958490095e+00
1.000000000000000000e+00 1.791365420165248024e+00
1.000000000000000000e+00 3.828660931874222850e+00
4.000000000000000000e+00 0.000000000000000000e+00
1.000000000000000000e+00 5.154130690378095458e+00
5.000000000000000000e+00 6.957124072294059935e+00
1.000000000000000000e+00 2.899385467873851763e+00
5.000000000000000000e+00 2.441798658060672533e+00
5.000000000000000000e+00 3.568028921850573187e+00
1.000000000000000000e+00 5.656727105253220422e+00
5.000000000000000000e+00 3.301310170514859088e+00
5.000000000000000000e+00 6.058599917312950112e+00
5.000000000000000000e+00 5.223501850687042314e+00
1.000000000000000000e+00 6.381847382732442675e+00
4.000000000000000000e+00 2.564424766459098226e+00
1.000000000000000000e+00 4.266181165558739607e+00
5.000000000000000000e+00 3.088371283440070947e+00
1.000000000000000000e+00 2.505850603378548147e+00
5.000000000000000000e+00 3.605241801985786254e-01
1.000000000000000000e+00 1.383932741649607667e+00
1.000000000000000000e+00 1.586641531530822213e+00
5.000000000000000000e+00 2.913374939652003448e+00
4.000000000000000000e+00 1.867558208980915291e+00
1.000000000000000000e+00 5.444347825317318978e+00
5.000000000000000000e+00 4.741809045614542306e+00
4.000000000000000000e+00 8.256938533115850687e-01
1.000000000000000000e+00 5.767116632926690301e+00
5.000000000000000000e+00 1.493406559563145164e+00
5.000000000000000000e+00 1.372638650796449200e+00
4.000000000000000000e+00 4.484342390761613117e-01
5.000000000000000000e+00 7.653648882891186389e+00
5.000000000000000000e+00 2.463422411266377843e+00
5.000000000000000000e+00 3.315121992672259932e+00
4.000000000000000000e+00 3.298888483697195007e+00
5.000000000000000000e+00 6.650512216626330853e-01
4.000000000000000000e+00 1.779504003116533450e+00
5.000000000000000000e+00 3.407677739097104919e+00
5.000000000000000000e+00 2.112565462687358675e+00
1.000000000000000000e+00 4.933028539464116236e+00
1.000000000000000000e+00 5.497055165929682019e+00
1.000000000000000000e+00 3.118789853718570093e+00
5.000000000000000000e+00 6.568009873557874023e+00
1.000000000000000000e+00 4.222451214255062979e+00
5.000000000000000000e+00 7.855927917046184206e+00
5.000000000000000000e+00 7.043547507281939346e+00
5.000000000000000000e+00 5.005227526480518385e+00
4.000000000000000000e+00 2.728789863324963427e+00
4.000000000000000000e+00 3.368644887256331266e+00
1.000000000000000000e+00 2.499572731284553040e+00
1.000000000000000000e+00 3.050800716284065572e+00
1.000000000000000000e+00 5.525267377444657235e+00
5.000000000000000000e+00 6.420138323805778313e+00
1.000000000000000000e+00 3.446058111505161392e+00
5.000000000000000000e+00 3.068977212350921135e+00
1.000000000000000000e+00 2.515875667439256169e+00
5.000000000000000000e+00 2.024038620256539911e+00
1.000000000000000000e+00 4.559428222706800149e+00
4.000000000000000000e+00 2.399704284667557808e+00
5.000000000000000000e+00 2.062238991882877404e+00
1.000000000000000000e+00 6.301748856351277794e+00
1.000000000000000000e+00 2.699347441337544229e+00
1.000000000000000000e+00 3.217328124264496214e+00
1.000000000000000000e+00 6.658482488516373365e+00
1.000000000000000000e+00 1.938897657832939325e+00
1.000000000000000000e+00 4.845595597636450869e+00
5.000000000000000000e+00 4.980383652785095094e+00
5.000000000000000000e+00 7.508375994030736855e+00
5.000000000000000000e+00 3.385323687701928819e+00
1.000000000000000000e+00 2.444977121599751779e+00
4.000000000000000000e+00 2.963211702205149845e+00
1.000000000000000000e+00 4.730958945094495327e+00
4.000000000000000000e+00 1.863953241339922906e+00
1.000000000000000000e+00 3.254647014322445298e+00
4.000000000000000000e+00 1.963214245216624798e+00
4.000000000000000000e+00 1.909750168455581099e+00
1.000000000000000000e+00 2.985452226357231176e+00
5.000000000000000000e+00 4.606591162865830036e+00
5.000000000000000000e+00 5.631538899430984735e+00
5.000000000000000000e+00 2.564195250399898818e+00
1.000000000000000000e+00 6.037076505947339022e+00
5.000000000000000000e+00 6.694375053493729411e+00
1.000000000000000000e+00 5.715541527225544094e+00
4.000000000000000000e+00 1.303843335499636602e+00
1.000000000000000000e+00 1.132373159108067906e+00
1.000000000000000000e+00 3.097011177427492878e+00
5.000000000000000000e+00 5.806589956701715849e+00
1.000000000000000000e+00 6.675285467748352630e+00
1.000000000000000000e+00 2.503347363383066515e+00
5.000000000000000000e+00 5.690135225580172929e+00
4.000000000000000000e+00 1.196251967688891416e+00
1.000000000000000000e+00 3.081664221818064764e+00
1.000000000000000000e+00 4.441241435662650616e+00
4.000000000000000000e+00 2.746419491597009266e+00
5.000000000000000000e+00 2.335078664396555759e+00
1.000000000000000000e+00 7.429391389553978264e+00
1.000000000000000000e+00 6.517626271818022232e+00
4.000000000000000000e+00 2.529267212304264323e+00
5.000000000000000000e+00 5.435214910731885674e+00
4.000000000000000000e+00 3.222315772197491324e+00
1.000000000000000000e+00 1.910871516027202288e+00
1.000000000000000000e+00 2.778448223724649058e+00
1.000000000000000000e+00 6.254149557191236219e+00
1.000000000000000000e+00 3.153021791938111829e+00
5.000000000000000000e+00 3.831600165988989559e+00
1.000000000000000000e+00 4.362802761954633013e+00
5.000000000000000000e+00 5.573296595336099557e+00
1.000000000000000000e+00 2.856266569040400771e+00
5.000000000000000000e+00 4.447453400583708749e+00
1.000000000000000000e+00 1.713583463165074594e+00
5.000000000000000000e+00 1.907797167361961810e+00
1.000000000000000000e+00 1.372244308005617475e+00
1.000000000000000000e+00 1.018070717759276711e+00
5.000000000000000000e+00 2.842411456439304374e+00
5.000000000000000000e+00 2.416262989742140821e+00
5.000000000000000000e+00 4.526051408066328108e+00
4.000000000000000000e+00 3.511137754224376462e+00
4.000000000000000000e+00 3.092292575241618047e-01
5.000000000000000000e+00 3.151059195442982297e+00
4.000000000000000000e+00 2.196833299912560378e+00
1.000000000000000000e+00 1.192601805121241476e+00
1.000000000000000000e+00 2.852882077940003036e+00
5.000000000000000000e+00 4.342922205241269040e+00
1.000000000000000000e+00 5.228743895164297939e+00
5.000000000000000000e+00 4.276136253405742771e+00
4.000000000000000000e+00 3.751740501024317886e+00
1.000000000000000000e+00 6.318681871063410505e+00
5.000000000000000000e+00 1.629701907774793179e+00
1.000000000000000000e+00 2.347463726055902811e+00
5.000000000000000000e+00 5.023790963536738374e+00
5.000000000000000000e+00 5.233346994381221862e+00
5.000000000000000000e+00 5.478983329770169775e+00
5.000000000000000000e+00 1.448240016880166792e+00
1.000000000000000000e+00 4.124478199302475723e+00
1.000000000000000000e+00 1.164362296806162655e+00
1.000000000000000000e+00 2.030364723730714083e+00
5.000000000000000000e+00 5.585271159603473201e+00
1.000000000000000000e+00 4.002503203143903399e+00
5.000000000000000000e+00 2.464437301269996272e+00
1.000000000000000000e+00 4.482989609195147551e+00
5.000000000000000000e+00 5.981674376241218560e+00
4.000000000000000000e+00 1.508515452527492640e+00
1.000000000000000000e+00 5.912972115440764398e+00
1.000000000000000000e+00 1.056730308465207546e+00
5.000000000000000000e+00 4.036873277170102803e+00
4.000000000000000000e+00 2.683036289839526134e+00
1.000000000000000000e+00 6.888283715079681180e+00
5.000000000000000000e+00 5.939387351352207745e+00
1.000000000000000000e+00 5.834948882957363692e-01
1.000000000000000000e+00 1.425776032438274665e+00
4.000000000000000000e+00 2.298011991226455830e+00
1.000000000000000000e+00 3.800492124711073227e+00
1.000000000000000000e+00 6.911103493916083806e+00
5.000000000000000000e+00 1.800239534015827703e+00
1.000000000000000000e+00 1.603655822343380333e+00
5.000000000000000000e+00 4.375765771855402164e+00
1.000000000000000000e+00 2.483729988414957290e+00
5.000000000000000000e+00 7.602189358314596745e+00
4.000000000000000000e+00 3.040944421402045350e+00
4.000000000000000000e+00 3.045538249134418063e+00
5.000000000000000000e+00 7.813673669937118760e+00
1.000000000000000000e+00 6.051747110760815396e+00
1.000000000000000000e+00 2.000870155916948168e+00
5.000000000000000000e+00 3.068541598181083074e+00
1.000000000000000000e+00 3.764406027836729063e+00
4.000000000000000000e+00 2.033032125034514692e+00
1.000000000000000000e+00 4.679667656235295681e+00
5.000000000000000000e+00 1.425549320442027978e+00
5.000000000000000000e+00 4.613335487788716271e+00
1.000000000000000000e+00 3.359396591645636976e-01
4.000000000000000000e+00 2.746175733194376800e+00
1.000000000000000000e+00 4.531500435733944343e+00
1.000000000000000000e+00 5.740760228539571131e+00
1.000000000000000000e+00 1.220824175550129898e+00
4.000000000000000000e+00 3.763213043820232695e+00
1.000000000000000000e+00 2.655299971876563525e+00
4.000000000000000000e+00 2.761826748030175249e+00
1.000000000000000000e+00 1.755046563327785192e+00
1.000000000000000000e+00 3.051566313863325774e+00
5.000000000000000000e+00 4.652104012688350387e+00
5.000000000000000000e+00 6.716941995745206562e+00
4.000000000000000000e+00 2.637258654516088985e+00
5.000000000000000000e+00 6.804806214110703522e+00
1.000000000000000000e+00 3.408502713910825488e+00
1.000000000000000000e+00 5.979145055230519645e+00
4.000000000000000000e+00 1.314569273211311673e+00
5.000000000000000000e+00 4.002139384350797968e+00
1.000000000000000000e+00 3.469436006607533152e+00
4.000000000000000000e+00 2.114362584249007693e+00
4.000000000000000000e+00 2.332574438661722205e+00
4.000000000000000000e+00 9.848549676528759456e-01
5.000000000000000000e+00 5.234966922056089267e+00
5.000000000000000000e+00 2.837887808227945285e+00
4.000000000000000000e+00 1.813575495329208254e+00
5.000000000000000000e+00 5.151288462360136045e+00
1.000000000000000000e+00 2.362726755380990085e+00
1.000000000000000000e+00 5.621958039246237604e+00
1.000000000000000000e+00 4.364408768138275718e+00
1.000000000000000000e+00 2.879587429056749581e+00
5.000000000000000000e+00 5.404501703608638685e+00
1.000000000000000000e+00 5.529779220530165240e+00
4.000000000000000000e+00 1.029302611768716069e+00
1.000000000000000000e+00 6.843408331929214050e+00
5.000000000000000000e+00 2.797153695458002076e+00
1.000000000000000000e+00 5.388933586855111812e+00
1.000000000000000000e+00 4.870508444349950672e+00
5.000000000000000000e+00 2.423910583400042285e+00
1.000000000000000000e+00 1.729339074898466944e+00
5.000000000000000000e+00 3.251431122919829608e+00
5.000000000000000000e+00 6.782235129252339512e+00
1.000000000000000000e+00 2.643099328931797665e+00
5.000000000000000000e+00 5.955526980651751678e+00
5.000000000000000000e+00 2.046204558017000963e+00
4.000000000000000000e+00 1.716045720425698695e+00
1.000000000000000000e+00 2.399179758986098143e+00
1.000000000000000000e+00 3.792865513474266592e+00
5.000000000000000000e+00 2.614004533799975327e+00
5.000000000000000000e+00 3.400079583986758802e+00
4.000000000000000000e+00 2.216740532558961474e-01
4.000000000000000000e+00 1.455313794949295358e+00
1.000000000000000000e+00 6.202186371644265783e+00
5.000000000000000000e+00 9.402828223573848065e-01
5.000000000000000000e+00 3.335531317687078001e+00
5.000000000000000000e+00 6.600804675204038574e+00
4.000000000000000000e+00 2.815575832908430609e+00
4.000000000000000000e+00 2.326393572427599032e+00
1.000000000000000000e+00 6.790604676626366576e+00
4.000000000000000000e+00 2.593334204014980937e+00
1.000000000000000000e+00 3.647434255710622963e+00
1.000000000000000000e+00 4.453627247499092334e+00
1.000000000000000000e+00 5.159212939606080184e+00
5.000000000000000000e+00 2.212270193055140943e+00
5.000000000000000000e+00 3.100055556447184113e+00
1.000000000000000000e+00 3.471552125175092485e+00
5.000000000000000000e+00 4.957567100086770040e+00
5.000000000000000000e+00 2.203434240893567875e+00
5.000000000000000000e+00 4.469271615708861667e+00
5.000000000000000000e+00 1.037154260397876948e+00
5.000000000000000000e+00 4.162802624635705939e+00
1.000000000000000000e+00 5.563088302921104678e+00
1.000000000000000000e+00 5.401128451916843431e+00
1.000000000000000000e+00 4.030612814770427654e+00
5.000000000000000000e+00 5.394976601092839275e+00
1.000000000000000000e+00 3.363924069270983974e+00
1.000000000000000000e+00 4.543790491342474702e+00
5.000000000000000000e+00 2.662389387169111110e+00
1.000000000000000000e+00 3.648678578341483014e+00
4.000000000000000000e+00 8.163110428273396835e-01
1.000000000000000000e+00 1.193446945171225737e+00
1.000000000000000000e+00 4.735877721239638127e+00
5.000000000000000000e+00 6.147629440283202129e+00
5.000000000000000000e+00 3.274189198718752358e+00
1.000000000000000000e+00 2.750995646273417083e+00
5.000000000000000000e+00 4.277724269282005665e+00
1.000000000000000000e+00 6.068838079113464623e+00
4.000000000000000000e+00 2.551840418476686079e+00
5.000000000000000000e+00 4.642430166325397956e+00
1.000000000000000000e+00 6.134924456566072770e+00
4.000000000000000000e+00 6.747448528861579309e-01
1.000000000000000000e+00 5.158142779100797881e+00
1.000000000000000000e+00 6.407268766882435074e+00
1.000000000000000000e+00 5.131568364791236014e+00
5.000000000000000000e+00 5.929377466980072064e+00
5.000000000000000000e+00 6.245253618592936817e+00
1.000000000000000000e+00 3.234625194254257874e+00
5.000000000000000000e+00 1.775623278101927660e+00
1.000000000000000000e+00 2.046902304627646885e+00
1.000000000000000000e+00 5.409245732719996091e+00
1.000000000000000000e+00 5.239030646269123181e+00
5.000000000000000000e+00 9.338937867196895892e-01
4.000000000000000000e+00 1.426781259249975342e+00
5.000000000000000000e+00 5.357090957843581691e+00
1.000000000000000000e+00 2.633704254583487891e+00
1.000000000000000000e+00 5.828191032348176925e+00
4.000000000000000000e+00 2.013009315030683588e+00
5.000000000000000000e+00 6.422558278784410213e+00
4.000000000000000000e+00 3.405301432668466077e+00
4.000000000000000000e+00 1.047273192599111002e+00
1.000000000000000000e+00 4.594507568328763725e+00
5.000000000000000000e+00 4.870597638775111093e+00
5.000000000000000000e+00 3.149756672255471290e+00
1.000000000000000000e+00 3.831900330007848687e+00
4.000000000000000000e+00 2.282226220313677612e+00
5.000000000000000000e+00 2.287485393154935043e+00
5.000000000000000000e+00 5.383679476189053403e+00
5.000000000000000000e+00 4.671828696606056930e+00
5.000000000000000000e+00 6.561719658958912405e+00
1.000000000000000000e+00 2.474233911050974566e+00
1.000000000000000000e+00 1.559180310039881112e+00
4.000000000000000000e+00 8.354074740312482650e-01
5.000000000000000000e+00 4.388440081692719374e+00
4.000000000000000000e+00 1.556286243037511952e+00
5.000000000000000000e+00 3.130403235648937965e+00
1.000000000000000000e+00 6.430442842088520017e+00
4.000000000000000000e+00 6.544784645391436007e-01
1.000000000000000000e+00 7.051176668252631119e-01
1.000000000000000000e+00 1.868505845510479046e+00
1.000000000000000000e+00 2.503611923158059582e+00
4.000000000000000000e+00 2.435215289506661218e+00
4.000000000000000000e+00 1.825595926063695584e+00
1.000000000000000000e+00 5.498805557622508999e+00
1.000000000000000000e+00 4.134463413246202812e+00
5.000000000000000000e+00 1.911362276226328261e+00
5.000000000000000000e+00 3.076829624135555274e+00
1.000000000000000000e+00 0.000000000000000000e+00
4.000000000000000000e+00 2.898750332362174831e+00
5.000000000000000000e+00 6.869520977603374767e+00
1.000000000000000000e+00 4.734210166909110562e+00
5.000000000000000000e+00 7.231035856802108697e+00
1.000000000000000000e+00 5.653606621151291201e+00
5.000000000000000000e+00 4.330569267014944934e+00
5.000000000000000000e+00 3.252521672586664803e+00
1.000000000000000000e+00 4.920295520274068579e+00
4.000000000000000000e+00 2.155689398118044497e+00
5.000000000000000000e+00 3.730948524601104932e+00
5.000000000000000000e+00 1.567195194982333950e+00
5.000000000000000000e+00 4.351220341557175075e+00
5.000000000000000000e+00 3.241641389137699392e+00
