1.713981479761888638e+00 1.041225672476970132e+01
-1.100693798308830829e+01 4.323077801509898954e+00
5.989189317546239621e+00 7.170634518711854533e+00
1.004132163338815786e+01 5.879990653105616083e+00
5.892334483800038214e+00 8.171783946078818417e+00
-4.253095710429533938e+00 7.344437912149906822e+00
9.868575810850158447e+00 3.682690610683224897e+00
4.202127412926015104e+00 1.009689569003924348e+01
-1.050253868624691655e+01 4.356626094901101531e+00
-3.765301806788275751e+00 7.877424250249148052e+00
6.285743236789564925e-01 8.863209018128808125e+00
-1.088392800881061540e+01 3.590702894608244655e+00
-2.317370161651016058e+00 1.049677890544134584e+01
1.112265986098374171e+01 3.952903755665338359e+00
-6.895914141471230607e+00 7.166221279414437539e+00
-1.130407920707528469e+01 1.697302733144524733e+00
-2.075578257394990189e-02 8.066562109825440530e+00
4.548783097126729125e+00 1.008982657136854222e+01
-2.529196816831615013e+00 1.049479113063437730e+01
8.875274535682162735e+00 1.980174119932503751e-01
-1.068589331015598098e+01 2.665948843089561926e+00
-4.613899139013273754e+00 8.351875292308445609e+00
1.098717435111621121e+01 1.213547309290939236e+00
-2.948850210965866303e+00 1.116340573303135209e+01
9.455843843990502151e+00 2.184168699988555229e+00
-7.194680029759402018e+00 4.577038531407908728e+00
9.186550787515260552e+00 7.571159510976592344e+00
3.853420538784672056e-01 1.044633625476392425e+01
-8.322537532745830191e+00 2.348792635220329217e-01
-7.955312179771472536e+00 8.108972222254434925e+00
-2.307966690644280394e+00 1.058299346086766413e+01
-8.839240168983900858e+00 2.830880790790212931e+00
4.165305704922198871e+00 9.373285086588166948e+00
7.534952159631269630e+00 9.288903183492886129e+00
6.748646361134495564e+00 9.431626369013397237e+00
5.592930898351274216e+00 9.900030949740902031e+00
-1.145319506296328882e+01 3.399000302020350750e-01
9.868631518551643111e+00 6.231653281766363683e+00
-6.611422083764051827e+00 9.592483783217685911e+00
-4.000834234827778779e+00 7.425583406092931327e+00
4.235507499088138950e+00 7.335837434308976057e+00
-2.924671948961028001e+00 1.065444423219506831e+01
2.573794633127791887e+00 7.736254670338969852e+00
9.002837783475616362e+00 3.700001732819798939e+00
-1.037142196216933954e+01 4.976739148272645963e+00
-8.697466231481435273e+00 8.608129926490909467e-02
2.432313858675214657e+00 1.174946943274019695e+01
-4.713851938197637814e+00 6.580147997248681158e+00
1.052438017901947731e+01 6.514049980895489922e-01
5.989507861677701328e+00 6.425800726352929537e+00
7.166224698613719468e+00 3.885761323579712823e+00
-8.192129455264744564e+00 7.138215649191125500e+00
-1.697530588128655316e+00 9.210569637724629999e+00
2.340758977036368815e+00 1.165876559114573929e+01
-9.547224010436737629e+00 1.263481619403353573e+00
8.107423330966536668e+00 7.936443543156579850e+00
1.072331100038361917e+01 1.491515634535186319e+00
-7.589194073468847002e+00 7.398649731317881617e+00
-2.157657989621926953e-01 8.913936101550914870e+00
-7.013361473441521277e+00 4.106337093777310265e+00
1.105169977328662512e+01 3.686042344639483659e+00
-6.688731825759705041e-01 1.130010472409482070e+01
4.409934129601659869e+00 1.067990074826161084e+01
-3.737748842151926709e+00 8.396039298205037582e+00
7.911381132454258669e+00 9.018356859114645019e+00
5.670306575622932499e+00 7.585103400618142366e+00
3.666201433578938573e+00 1.095958713726951395e+01
-5.057531699686323989e+00 1.075246440690757410e+01
7.943724383293439217e+00 4.085912126417263757e+00
1.660948467914337590e+00 9.133855419956294242e+00
1.184388732260209842e+01 1.172853163096234885e+00
9.565172017339385491e+00 7.149685332728594744e+00
7.580150128390314990e+00 5.797956876401261006e+00
7.709448949787396366e+00 7.992824962772117736e+00
2.673733383262015817e+00 8.325628048115655488e+00
-7.258823247267165435e+00 5.873349411141776777e+00
-4.205626076404503699e+00 9.572612574195758839e+00
-8.131045382173773817e+00 8.012848894483274975e+00
-8.965816966519042808e+00 3.681439212065134914e+00
-6.545752560107352735e+00 9.885532963538084417e+00
4.704320956409309140e+00 7.298774542239375052e+00
-1.016446208769612625e+01 7.996384169055458235e-01
-3.745805113189009994e+00 8.286208826780496750e+00
-3.697430898688877088e-01 8.583146300803434769e+00
-4.016842804993434157e+00 7.755751809700421440e+00
7.885994660857146954e+00 5.631132034063625724e+00
1.047883868178335298e+01 1.385472064798572545e+00
1.878903703650177226e+00 1.141572892089818403e+01
-5.322633126171143481e+00 7.622962462948475348e+00
4.651378807365179391e+00 1.004806937100110176e+01
-5.722575799822753773e+00 1.016810561331862317e+01
-4.917735853841346483e+00 9.857297856925194779e+00
8.360760089220473645e+00 5.937846838118311155e+00
6.562201714975951283e+00 7.766128713535967343e+00
8.811368722682033194e+00 2.593846191132302526e+00
-1.278310323259338022e+00 9.749911020687134666e+00
1.674317996568162714e+00 9.355669413540814716e+00
-7.586094787302585019e+00 5.595668316758549921e+00
5.082803887453209768e+00 6.898716093512483383e+00
1.014554850967397748e+01 4.899025586341265281e+00
9.117432883928962895e+00 4.812999559734977950e+00
-2.323249087236349819e+00 1.122824956496746474e+01
7.822376827023271417e+00 6.046425770804229494e+00
7.876232551919760683e-01 1.110110809182299541e+01
4.250360859761785015e+00 1.106001078121388304e+01
-2.037039552952391031e+00 9.324518435762978896e+00
7.147677257752378388e+00 7.063626127878164240e+00
8.661418142555024957e+00 7.970290642584750840e-01
8.265704706001853808e+00 1.531851147892963949e+00
-3.584614090241195150e+00 9.386854411757797223e+00
-1.540896091480451036e+00 8.445689903677070731e+00
-6.530521458868632223e+00 5.154856405708442502e+00
5.570791100725622336e+00 6.006903803151222299e+00
5.203046519333222264e+00 6.782582118319526288e+00
-3.427035502297727465e+00 7.306536595084981656e+00
-9.177414757426793912e+00 1.006009810216317746e+00
-5.493234339917069775e+00 1.047119808071915692e+01
-1.753165286323350003e+00 1.082715704669528378e+01
-3.045720612600325783e+00 8.530026754397582067e+00
4.751661950307350502e+00 8.457936465257647640e+00
8.195376845832406332e+00 3.420768585840721965e+00
1.254660718482319623e-02 9.009949541268563067e+00
-3.998308479900129497e-01 9.576346486714230721e+00
5.167688835398196900e+00 9.421555914512536489e+00
-7.591162185187836364e+00 5.367122029589358689e+00
-5.965538811591335033e+00 5.614534194503675302e+00
8.223501707710010322e+00 3.009023889948378105e+00
5.166162266872602604e-01 8.714077888919964821e+00
1.116227709919756350e+01 9.555267412375314517e-01
-1.187330998665062504e-01 8.283935166734448075e+00
6.293556587326552432e+00 6.178716790279305648e+00
8.157886524648866100e+00 3.610828826024058635e+00
-1.048715087746403185e+01 5.233848105326099009e+00
3.714336804270175207e+00 7.900626265686307548e+00
5.859753598199547220e+00 9.265601753541869101e+00
9.103454497118155686e+00 3.736090688523061587e+00
-1.798867775678134162e+00 7.840912327279822236e+00
-5.477464630642464583e-02 8.356671654669654004e+00
-3.804590608259421192e+00 9.552147122417423475e+00
-8.212968828766147311e+00 2.190465647681607564e+00
3.495146105347460619e+00 9.139018372502617282e+00
1.882476865986347114e+00 1.009693105930177737e+01
-9.472066090088498314e+00 5.805815063989704372e-01
-5.091220937126215595e+00 1.013398934110157157e+01
-8.262089541292557016e+00 5.115520346862443724e+00
-5.441392047870248661e+00 8.781107892809075111e+00
-3.453638287475844226e+00 1.058511140584090171e+01
-1.794760822070955442e+00 1.101961057878261485e+01
1.909883582143638625e+00 8.432555102860964880e+00
-1.185519007788946588e+00 1.079114711443406449e+01
1.157228354141828319e+01 1.408141221442104074e-01
-4.080480374517096109e+00 9.870483543961551476e+00
-6.133335560733125469e+00 5.180416244577905616e+00
-9.936363882287801985e+00 3.063809656094726996e+00
9.377608303273795798e+00 7.213517944036932583e+00
7.147194141745227824e+00 4.429990984027869949e+00
1.092173651772546705e+01 4.490669362778710649e+00
1.674276663427950895e+00 8.425391706125468616e+00
3.588251980589051815e+00 7.574176477106089322e+00
-4.457303999428743779e+00 8.935062610349680412e+00
1.038922276880176909e+01 5.810857210541381157e+00
-8.370992113173624460e+00 7.294994898086571311e+00
6.132110082449159449e+00 9.636792292606983779e+00
-8.789482584411164368e+00 7.926676789291519754e+00
-6.840192369095003500e+00 6.847753145732922597e+00
-9.734519792664759308e+00 5.244972575065059317e+00
-6.624074457996897536e+00 4.970939161362443848e+00
5.718092359932809288e+00 1.053946329901561008e+01
-1.017951424467518429e+01 4.146587359750616208e+00
-1.135271670080058826e+01 1.985638768730827008e+00
-6.882176006033255078e+00 5.475525406848174015e+00
-5.089616608263756170e+00 9.296115237216852734e+00
9.724198671136461414e+00 2.839170046004740655e+00
-1.748961371530596942e+00 1.181877280712425993e+01
6.498761870435988186e+00 9.447338968777620138e+00
9.158078024892727598e+00 3.929652406616789273e-01
3.710825243692902120e+00 1.014671780129534717e+01
-7.956328678989821324e-01 1.169199317512152270e+01
-8.988813742426099651e+00 5.566965498841292437e+00
-2.531521974310738443e+00 1.159921635128431916e+01
9.752557906460143755e+00 4.099049952262307506e-01
-1.679613690509186963e+00 1.181042487270624797e+01
1.153146101953362823e+01 1.562350247674411330e+00
-5.052827894451886515e+00 9.216003405293502482e+00
9.761730937679427456e+00 3.268592467670435653e+00
-8.495417704117889102e+00 2.746301789881016586e-01
1.002977440664025544e+01 2.874284341640264362e+00
-2.791831415436919261e+00 7.947823350593249181e+00
2.098494182605498692e-01 1.181985650554139156e+01
9.083582929529374184e+00 5.290517872117274090e-01
-1.809432244289942981e-01 9.199718389319537337e+00
6.164892450578344452e+00 5.522098501380725111e+00
9.174951058668302295e+00 3.062225193113385924e+00
-5.441065603388676841e+00 7.511244469051064243e+00
-5.010300664826578654e+00 9.534832065041635829e+00
-8.409458570565771396e+00 9.581806738170248749e-01
3.668917489048398872e-01 8.725224399055340641e+00
-9.526749530032224911e+00 6.666131294486550729e+00
6.319756530002426764e+00 7.737360376145739238e+00
6.553545740665733810e+00 5.483995219115706199e+00
-9.638205801738449097e+00 6.240301617086914554e+00
7.636445418937231722e+00 2.520097313034267650e+00
-2.775108821466624853e+00 1.078242701001835613e+01
-6.366596256891503991e+00 6.447167908416403748e+00
2.766435250004739999e+00 1.163960025757749328e+01
-2.237012901115770447e+00 1.010167151811034891e+01
7.578809041395763835e+00 4.021390674385676434e+00
-5.285948160802306006e+00 9.213033570231829117e+00
-3.344739760612888357e+00 7.457402669201280254e+00
1.095008734604151712e+01 3.103466180222626658e+00
2.513315991300392849e+00 9.588981514947795048e+00
-1.041380007207012071e+01 5.203106972445331380e+00
8.137053192019173764e+00 3.172660640416566036e+00
-9.387651273376476979e+00 3.660214150169804448e+00
-3.076591926985313030e+00 9.947224465971702401e+00
-8.970262441484036842e+00 6.542613263265336654e-01
1.019457779907644479e+01 9.106903424481391784e-01
8.378779916138848094e+00 7.311906899380505642e+00
-3.106247929699521571e-01 1.065764974037140789e+01
-7.264787430990155670e+00 5.466541169153165569e+00
7.940179015890499237e+00 5.374029293873182844e+00
-8.998607608804022107e+00 7.471482640354968119e+00
-3.220948462459575001e+00 1.142505443634001949e+01
-2.416627035882211949e+00 7.945632122352035864e+00
-5.059923634175800267e+00 7.268517621536943807e+00
6.004137141852269544e+00 7.305546408494437927e+00
-5.911610764154647590e+00 1.036539236398985686e+01
-9.070573455622522374e+00 6.741439330824229970e+00
-9.910692000797522994e+00 3.199667976595989227e+00
1.018597265458187984e+01 5.038681555871187712e+00
-1.830735758730597240e+00 1.114253543323247087e+01
7.367166292034975861e+00 7.200287633421247335e+00
9.035712699952851423e+00 2.103116993916836819e+00
-8.475344727858821869e+00 6.685906463413704870e+00
5.373042225683883011e+00 6.181581306060745185e+00
-9.615745247940783003e+00 7.088231461502100039e+00
-9.523443727163456884e+00 1.020609469523573232e+00
5.808963637381030054e+00 6.222396571953082933e+00
-5.235137144956058641e+00 6.982061315173134552e+00
-7.721806372421424314e+00 2.995833701886455369e+00
-6.471655447469608191e+00 6.196013405637853744e+00
-4.730709295340399301e+00 7.047020872499686561e+00
-2.072548301081568456e-02 1.181112440426445964e+01
-1.138983311412588151e+01 3.741119945951204340e+00
-7.166671609626575012e+00 7.767738039361249847e+00
9.626941081922472776e+00 2.629596429633109356e+00
3.814275354094002868e+00 1.046124871084388808e+01
-1.057440624336659418e+01 4.845912854004847947e-01
-2.130943007654097610e+00 1.096424020191963145e+01
1.085156684489848544e+01 3.538336997637274162e-01
-1.139395766732158322e+01 2.290015845291423879e+00
-1.178123946481620443e+00 9.297487555294765116e+00
-1.448160422324661634e-01 1.063794336363045190e+01
4.093972050006608576e+00 1.029225653649000272e+01
7.794376632217508316e+00 2.132230979194137177e+00
-2.361168639733492114e+00 8.668756018124703644e+00
7.665073451842151719e+00 2.761910766843051590e+00
-9.032982550501966301e+00 1.521490503916015591e+00
7.381170127086559063e+00 3.181360696546904343e+00
-8.813327129689444206e+00 4.497750508548318038e+00
5.899778622165522179e+00 5.854250810049629550e+00
-6.420748190891683471e+00 8.096159694509196925e+00
-1.384712540568193262e+00 9.750775727901272560e+00
2.849608976632493018e+00 8.371756241183589964e+00
7.713641388501902618e+00 4.891403672160953064e+00
-9.234757614711044837e+00 6.950286270925461807e+00
-2.561257630528829266e-01 8.213515434587931097e+00
-5.788967776523547215e+00 5.695001118434877441e+00
4.390810118431939024e+00 9.142811994954234578e+00
-3.129061518514252516e+00 1.093571853620776224e+01
-6.803838814925050826e+00 5.675146436129327121e+00
-4.570692232964630897e+00 1.038668603058180118e+01
-9.496011185698367996e+00 4.294344411606133782e+00
6.904955171302962214e+00 7.229245084853644698e+00
-9.472610704460498354e+00 5.310091322524301827e-01
-3.183685830876800349e+00 7.480548522661630173e+00
-9.190860482768123063e+00 1.174923138444504245e+00
7.443021026623918068e+00 5.454203013478618800e+00
5.525782852072263829e+00 9.035271205953124607e+00
-4.289992524768950766e+00 7.560145964217019454e+00
9.129937140966056575e+00 6.817224937922540917e+00
1.157700210870803303e+01 7.305127238471487150e-01
8.219405536085378827e+00 5.278522052587661939e+00
8.273950917618694945e+00 3.959389872748032335e+00
-1.243831589267074600e+00 8.864825819858852540e+00
9.823511362834347338e+00 6.672882986435735297e+00
7.257091278156011072e+00 6.899426609578960701e+00
4.895926934128110863e-01 1.147078494229549861e+01
1.015423560377334056e+01 5.629775632329460322e+00
7.590426687448976750e+00 5.649150607367245058e+00
1.017358156713614648e+01 3.110325664962430459e+00
-8.094249871592429812e+00 4.505980429501218687e+00
7.903712512228557030e-02 8.892969145926221231e+00
-1.024111395450601814e+00 1.171633502491726020e+01
9.854766345438280339e+00 3.122320471747760617e+00
7.613489513082967619e+00 8.915646176179226501e+00
1.018749243394440818e+01 5.948781871617738304e+00
4.945513250254359505e+00 8.399646807559539852e+00
-6.967149120803422413e+00 6.349821423963116551e+00
-3.527183587384253194e+00 8.030517569594623595e+00
-1.006991158136587750e+01 3.351222343214633970e+00
8.624049760749338489e+00 1.609833486095366251e+00
-7.873620246867981898e+00 8.323503414666651778e+00
6.035921436116691297e+00 7.242717250588540878e+00
3.607721394034030027e+00 9.431789531290364792e+00
-9.770838144506527101e+00 4.380768504816451525e+00
-6.748004011545280179e+00 7.265901939753111272e+00
-7.792118583520666775e+00 8.351144389414622893e+00
1.125022120448080187e+01 1.012556471876222108e+00
4.652536021079355599e+00 8.587319377702534950e+00
-9.053473524757446711e+00 7.511109772576915589e+00
7.801050859698667850e+00 7.610576748543099512e+00
9.725976944342853869e+00 1.382727357914923072e+00
7.484447783392542242e+00 4.299946704123374985e+00
-6.987052154655343017e+00 5.807611699556905371e+00
7.892328930536747222e+00 5.348701410914738830e+00
-1.016217202910445039e+01 3.766939327080351507e+00
-7.466756276575973850e+00 6.360240706780507125e+00
5.783901626595516987e+00 7.755414811336988734e+00
-2.836306147736611383e+00 8.032736626793250068e+00
-3.649282509929787199e+00 9.717903373056731908e+00
-7.867050571151859906e+00 2.954610547884212401e+00
-1.253164341064279430e+00 1.191237134920291219e+01
5.605968046104572444e+00 5.940203792905068170e+00
3.765238289861608578e+00 8.395978366198333376e+00
1.553187175737261949e+00 9.070465793990695857e+00
-7.866314546956040488e+00 3.655812596124275338e+00
-1.449766543875807168e+00 9.477839038839698915e+00
5.964342527285446671e+00 7.457829556906834689e+00
7.828400516863006864e+00 8.115034552244251742e+00
1.163964561672518627e+01 1.695607742577722510e+00
1.920854872478660935e+00 9.472233009867597531e+00
7.531151575932206299e+00 8.645462534386787468e+00
-1.327283018241578683e+00 8.283553308250139580e+00
7.836840303351673143e-01 9.699788541916383622e+00
8.964494171049077309e+00 6.427259819935438934e+00
-3.707686246938381114e+00 7.170825013674440029e+00
1.119139892462160546e+01 1.090427745085339462e+00
-4.723433027630653536e-01 8.341040329414321164e+00
5.038122523646183737e+00 8.571543004534593280e+00
-3.567947853594489960e+00 8.150993275585422637e+00
5.887240251873699926e+00 5.616187875763268167e+00
3.546344704558383132e+00 8.606794509303540508e+00
8.539685664438353641e+00 4.997568105206151579e+00
9.589339222010469399e+00 3.339287110129696590e+00
-1.546444007338821480e+00 8.472052416181393042e+00
-9.411892310378691562e+00 1.575557524119910235e+00
-4.082378332836966273e+00 1.079011144644419851e+01
-8.385119037993767677e+00 4.858875825178551544e+00
2.567395954807306424e+00 8.312425198796482562e+00
-9.550566251877285140e+00 2.687084339844745262e+00
1.553203739241589165e+00 1.051410883205211633e+01
-6.197264862758079751e+00 5.707947441306591152e+00
8.439265809396717444e+00 6.797352449167257227e+00
7.442495101316713324e+00 8.897543349531451540e+00
-8.356998348706664359e+00 3.255034909501697715e+00
-1.072138445677291330e+01 4.239407132186610028e+00
-9.925817180170961596e-01 9.087409010271702670e+00
-2.971628951990375467e-01 8.591040193541441994e+00
-6.514473183345185880e+00 5.792823100139593784e+00
9.923710935382564102e+00 6.743262558090276748e+00
5.648660017325104477e+00 7.232428712010313454e+00
5.527163113726415444e-01 8.208659046820940830e+00
-5.531188476501210260e+00 7.944198715990244075e+00
-8.676132532381652496e+00 1.404877530183575862e+00
8.487759082792166510e+00 2.213707259683902251e+00
4.952474870720076972e+00 7.560460383102355131e+00
1.292679934534688657e+00 9.749539546366241538e+00
6.928640409807770517e+00 9.461294865373789165e+00
4.668205077440030770e+00 6.919308473996323094e+00
-9.892572634946565913e+00 3.307138060245257805e+00
-8.546155777434416123e+00 5.255722102555239417e+00
-7.997651128295421019e-01 1.005027082744254407e+01
-3.296916987750048378e+00 8.012274569553911263e+00
8.043359493558945417e+00 1.085520652477572234e+00
-6.358878765990585435e+00 5.828809518940169632e+00
5.610342726795237489e+00 7.958035473114396297e+00
8.863902881380468557e+00 5.532697536473272670e+00
8.863014465493876060e+00 5.200474639112284692e+00
7.788741224942865138e+00 6.712778833602214945e+00
-9.764920907784336634e+00 1.123093966420102952e+00
-8.437346017831059086e+00 4.654355189966481454e+00
-4.554803926677304382e+00 8.252971286635917281e+00
-5.216033007058918258e+00 6.786717888258477771e+00
3.523608710343429706e+00 1.071594073508127387e+01
-5.637573787515525403e+00 9.927950042311886492e+00
5.657037330013989340e+00 5.913371477949551647e+00
-6.241394029550471956e+00 8.855009961102584981e+00
-7.316146192969718243e+00 9.434278034635894983e+00
-6.474630642229765698e+00 9.787192693635187624e+00
9.548614176457812519e+00 9.008867771546661407e-01
5.963445482508066497e+00 7.944397039210359779e+00
-9.620641772748930620e+00 4.418662151572400276e+00
-1.082074895873066112e+01 2.868128882362905419e+00
-1.506990250161876821e+00 7.930414313056436626e+00
-2.931290254612438861e+00 1.146380881464612678e+01
1.034488028918762836e+01 5.107389539314354465e+00
-7.221110630825039678e+00 8.482574268514609273e+00
-9.359324682807990570e+00 2.247313670997944435e+00
-1.153272093286909872e+01 2.188462757446131501e+00
-2.066812344730792894e+00 1.165501301684893853e+01
7.612302297364540671e+00 6.986863828677107868e+00
-8.579506901214118963e-01 1.098044573692213710e+01
-3.610058659295339201e+00 9.058062391222170717e+00
-5.117510866440349915e+00 7.555850412360130441e+00
-8.442998460769421953e+00 7.965214344250445500e+00
-5.867692380976092359e+00 7.032936686095855983e+00
8.496298753832645545e+00 2.239876381895417712e+00
-7.529775244234266474e+00 6.355137449784497683e+00
-5.152539377949944210e+00 8.014139436556629192e+00
-7.834058806953660081e+00 2.689498873896104314e+00
8.700856172540028410e+00 2.334472294025833339e+00
8.295920203365785284e+00 7.035986263577003186e-01
-7.839350678439715558e+00 2.596182152345224203e+00
-5.230657757400439145e+00 9.981917652934486185e+00
1.032482535747449504e+01 3.873963589285204789e-01
-8.215275377162196691e+00 1.917433526998975291e+00
8.414727955107819568e+00 7.016798120103501235e-01
3.186320450755137923e+00 7.868549415640722522e+00
6.484413877879648958e+00 5.661044943792230555e+00
-1.585458320189712556e+00 9.042645546501915987e+00
-7.424694821897451114e+00 8.173964794552439628e+00
6.897675236359235296e-01 8.166800123486108731e+00
-4.534634265138572928e+00 8.593493106449990648e+00
2.870796442375912694e+00 1.003563644985988290e+01
-6.097890217355288023e+00 5.468966695613808326e+00
-8.979155353393126759e+00 7.172002728185785436e+00
-2.168121636798921781e+00 8.882330591656151242e+00
-3.125155234949716032e+00 9.294261416426099487e+00
9.266247585290987132e+00 4.542671376789507498e+00
9.773497589577695432e-01 1.037091943976579067e+01
-7.241617675424357969e+00 6.447653843353679193e+00
8.010645618541156310e+00 1.824783010984252218e+00
-1.265078561494989540e+00 1.065957265332739468e+01
-1.090938282612924404e+01 3.971063734343036611e-01
7.063472776543168408e+00 6.284481551829145474e+00
8.360327765977672243e+00 1.536672471466987933e+00
-6.469321560726691622e+00 9.673665690916381621e+00
4.388165437410715519e+00 7.572913524935959373e+00
-2.282373084629144344e+00 9.670826262856843769e+00
-1.127723035654973227e+00 9.356598599410505201e+00
2.548795251147424334e-01 9.830093566649861003e+00
8.466579000653139175e+00 6.771095990843740697e-01
4.169260300283302634e+00 7.263942794850846596e+00
-7.627966706297400812e+00 4.682697724356831515e+00
-2.771536018272597879e+00 1.142797400356279702e+01
4.913148125643084896e+00 7.066701323941501300e+00
1.035045822742790023e+01 2.249623069334740211e-01
1.671198529306191949e+00 9.618588817834378801e+00
4.121033001934671702e+00 1.090202644171506208e+01
-5.394626491714147321e+00 7.632377360875883809e+00
-1.035248325737325281e+01 6.624234635685216643e-01
-1.024880651207348059e+01 1.185416488771620314e+00
-5.173543706219489557e+00 6.282282287395303477e+00
6.017864916006467446e+00 8.682103710507009353e+00
-7.836590519027473611e+00 2.752358803879619842e+00
-1.659180407132644142e+00 1.056290064588378463e+01
-2.292407536553199510e+00 1.144151860589774472e+01
8.306047796480816592e-01 9.314321942504198759e+00
-2.506444854249562759e+00 1.127422113353672728e+01
7.186072523376642707e+00 9.485410678841187604e+00
2.193842170650366796e+00 8.650617575540607618e+00
6.922985373617489557e-01 1.124923390365645304e+01
4.470050615068070776e+00 8.811914891933284366e+00
-5.645100892990450703e+00 8.198139757760101176e+00
-1.015055801686401277e-01 1.074989416593825275e+01
-9.495683253662182466e+00 7.307769409458052756e+00
-6.944226244653713742e+00 6.792103324864689817e+00
-5.895470450173514898e+00 6.188810242128995220e+00
-9.663669273807489191e+00 5.227708462982549875e+00
4.616851531860429958e+00 7.577193524415755554e+00
-9.555790595491290063e+00 4.477686633223558310e+00
1.050337931137544345e+01 3.043996743122619808e+00
3.294124981269783259e+00 1.089269155890440111e+01
1.079619363254870557e+01 3.604883404987611506e+00
-6.595802142847865923e+00 6.146841100691717408e+00
-7.104754209602803350e+00 5.528894442099932860e+00
9.378292326811473956e+00 2.338863815349883968e+00
1.132305999981296196e+01 3.368916810482879054e+00
-9.086855064603660992e+00 1.664271381083398449e+00
-1.106331381167970696e+00 8.052317244625413650e+00
-9.240402175353825243e+00 2.799950429335022584e+00
-9.417340756318262507e+00 1.667397829550222088e+00
-1.640673877862566687e+00 1.171748019644886796e+01
-4.318593462149924456e+00 7.993794983366370843e+00
7.156104502647796295e+00 5.463189893709937905e+00
-9.641769362414045474e-01 1.156415722619266262e+01
6.575548283058854970e+00 6.599398683978332514e+00
8.991299152136422279e+00 4.674254373264093765e+00
-4.854607467633850426e+00 8.322229535041575588e+00
8.187025216853765386e+00 1.832866255877833916e+00
-1.033866926403044850e+01 5.218990675329899354e+00
6.493140233037097531e+00 5.650382820213954993e+00
-2.323256962907058298e+00 1.100317273282573893e+01
-1.678867152407695684e+00 8.311301802841860820e+00
1.151917527545536046e+01 1.364865263313621790e+00
-1.025580565552322376e+01 1.634361799982225083e+00
9.989868489552598874e+00 1.262369815684760477e+00
-1.124468027205078968e+01 2.340957617401566271e+00
-8.522239555748724271e+00 1.414615505424121400e+00
1.171398147976188930e+01 -1.141225672476970132e+01
-1.006937983088308286e+00 -5.323077801509898954e+00
1.598918931754623962e+01 -8.170634518711853644e+00
2.004132163338815786e+01 -6.879990653105616083e+00
1.589233448380003821e+01 -9.171783946078818417e+00
5.746904289570466062e+00 -8.344437912149906822e+00
1.986857581085016022e+01 -4.682690610683224897e+00
1.420212741292601422e+01 -1.109689569003924348e+01
-5.025386862469165550e-01 -5.356626094901101531e+00
6.234698193211723805e+00 -8.877424250249148940e+00
1.062857432367895605e+01 -9.863209018128808125e+00
-8.839280088106153954e-01 -4.590702894608244655e+00
7.682629838348983498e+00 -1.149677890544134584e+01
2.112265986098374171e+01 -4.952903755665338359e+00
3.104085858528769393e+00 -8.166221279414436651e+00
-1.304079207075284685e+00 -2.697302733144524733e+00
9.979244217426050056e+00 -9.066562109825440530e+00
1.454878309712673001e+01 -1.108982657136854222e+01
7.470803183168385431e+00 -1.149479113063437730e+01
1.887527453568216274e+01 -1.198017411993250292e+00
-6.858933101559809842e-01 -3.665948843089561926e+00
5.386100860986726246e+00 -9.351875292308445609e+00
2.098717435111620944e+01 -2.213547309290939236e+00
7.051149789034133697e+00 -1.216340573303135209e+01
1.945584384399050037e+01 -3.184168699988555229e+00
2.805319970240597982e+00 -5.577038531407908728e+00
1.918655078751525878e+01 -8.571159510976592344e+00
1.038534205387846754e+01 -1.144633625476392425e+01
1.677462467254169809e+00 -1.234879263522032922e+00
2.044687820228527464e+00 -9.108972222254434925e+00
7.692033309355720050e+00 -1.158299346086766413e+01
1.160759831016099142e+00 -3.830880790790212931e+00
1.416530570492219887e+01 -1.037328508658816695e+01
1.753495215963127052e+01 -1.028890318349288613e+01
1.674864636113449734e+01 -1.043162636901339724e+01
1.559293089835127333e+01 -1.090003094974090203e+01
-1.453195062963288819e+00 -1.339900030202035186e+00
1.986863151855164489e+01 -7.231653281766363683e+00
3.388577916235948173e+00 -1.059248378321768591e+01
5.999165765172221221e+00 -8.425583406092931327e+00
1.423550749908813984e+01 -8.335837434308976057e+00
7.075328051038971999e+00 -1.165444423219506831e+01
1.257379463312779144e+01 -8.736254670338968964e+00
1.900283778347561636e+01 -4.700001732819798939e+00
-3.714219621693395368e-01 -5.976739148272645963e+00
1.302533768518564727e+00 -1.086081299264909150e+00
1.243231385867521510e+01 -1.274946943274019695e+01
5.286148061802362186e+00 -7.580147997248681158e+00
2.052438017901947731e+01 -1.651404998089549103e+00
1.598950786167770133e+01 -7.425800726352929537e+00
1.716622469861371769e+01 -4.885761323579712823e+00
1.807870544735255436e+00 -8.138215649191124612e+00
8.302469411871344462e+00 -1.021056963772463000e+01
1.234075897703636926e+01 -1.265876559114573929e+01
4.527759895632623710e-01 -2.263481619403353573e+00
1.810742333096653667e+01 -8.936443543156579850e+00
2.072331100038361740e+01 -2.491515634535186319e+00
2.410805926531152998e+00 -8.398649731317881617e+00
9.784234201037806500e+00 -9.913936101550914870e+00
2.986638526558478723e+00 -5.106337093777310265e+00
2.105169977328662512e+01 -4.686042344639483659e+00
9.331126817424030051e+00 -1.230010472409482070e+01
1.440993412960165898e+01 -1.167990074826161084e+01
6.262251157848073291e+00 -9.396039298205037582e+00
1.791138113245425956e+01 -1.001835685911464502e+01
1.567030657562293250e+01 -8.585103400618141478e+00
1.366620143357893902e+01 -1.195958713726951395e+01
4.942468300313676011e+00 -1.175246440690757410e+01
1.794372438329343922e+01 -5.085912126417263757e+00
1.166094846791433781e+01 -1.013385541995629424e+01
2.184388732260210020e+01 -2.172853163096235107e+00
1.956517201733938549e+01 -8.149685332728594744e+00
1.758015012839031499e+01 -6.797956876401261006e+00
1.770944894978739725e+01 -8.992824962772118624e+00
1.267373338326201626e+01 -9.325628048115655488e+00
2.741176752732834565e+00 -6.873349411141776777e+00
5.794373923595496301e+00 -1.057261257419575884e+01
1.868954617826226183e+00 -9.012848894483274975e+00
1.034183033480957192e+00 -4.681439212065134470e+00
3.454247439892647265e+00 -1.088553296353808442e+01
1.470432095640930825e+01 -8.298774542239375052e+00
-1.644620876961262468e-01 -1.799638416905545935e+00
6.254194886810990006e+00 -9.286208826780496750e+00
9.630256910131112846e+00 -9.583146300803434769e+00
5.983157195006565843e+00 -8.755751809700420552e+00
1.788599466085714695e+01 -6.631132034063625724e+00
2.047883868178335121e+01 -2.385472064798572767e+00
1.187890370365017745e+01 -1.241572892089818403e+01
4.677366873828856519e+00 -8.622962462948475348e+00
1.465137880736518028e+01 -1.104806937100110176e+01
4.277424200177246227e+00 -1.116810561331862317e+01
5.082264146158653517e+00 -1.085729785692519478e+01
1.836076008922047365e+01 -6.937846838118311155e+00
1.656220171497595217e+01 -8.766128713535966455e+00
1.881136872268203319e+01 -3.593846191132302526e+00
8.721689676740661312e+00 -1.074991102068713467e+01
1.167431799656816338e+01 -1.035566941354081472e+01
2.413905212697414981e+00 -6.595668316758549921e+00
1.508280388745320977e+01 -7.898716093512483383e+00
2.014554850967397925e+01 -5.899025586341265281e+00
1.911743288392896289e+01 -5.812999559734977950e+00
7.676750912763649737e+00 -1.222824956496746474e+01
1.782237682702326964e+01 -7.046425770804229494e+00
1.078762325519197596e+01 -1.210110809182299541e+01
1.425036085976178413e+01 -1.206001078121388304e+01
7.962960447047608525e+00 -1.032451843576297890e+01
1.714767725775237750e+01 -8.063626127878164240e+00
1.866141814255502496e+01 -1.797029064258475195e+00
1.826570470600185558e+01 -2.531851147892964171e+00
6.415385909758804850e+00 -1.038685441175779722e+01
8.459103908519548298e+00 -9.445689903677070731e+00
3.469478541131367777e+00 -6.154856405708442502e+00
1.557079110072562145e+01 -7.006903803151222299e+00
1.520304651933322226e+01 -7.782582118319526288e+00
6.572964497702272979e+00 -8.306536595084981656e+00
8.225852425732060880e-01 -2.006009810216317746e+00
4.506765660082930225e+00 -1.147119808071915692e+01
8.246834713676649997e+00 -1.182715704669528378e+01
6.954279387399674661e+00 -9.530026754397582067e+00
1.475166195030735139e+01 -9.457936465257647640e+00
1.819537684583240633e+01 -4.420768585840722409e+00
1.001254660718482370e+01 -1.000994954126856307e+01
9.600169152009987883e+00 -1.057634648671423072e+01
1.516768883539819690e+01 -1.042155591451253649e+01
2.408837814812163636e+00 -6.367122029589358689e+00
4.034461188408664967e+00 -6.614534194503675302e+00
1.822350170771001032e+01 -4.009023889948378105e+00
1.051661622668726004e+01 -9.714077888919964821e+00
2.116227709919756350e+01 -1.955526741237531452e+00
9.881266900133493181e+00 -9.283935166734448075e+00
1.629355658732655243e+01 -7.178716790279305648e+00
1.815788652464886610e+01 -4.610828826024058635e+00
-4.871508774640318506e-01 -6.233848105326099009e+00
1.371433680427017521e+01 -8.900626265686307548e+00
1.585975359819954633e+01 -1.026560175354186910e+01
1.910345449711815746e+01 -4.736090688523061587e+00
8.201132224321865394e+00 -8.840912327279822236e+00
9.945225353693574633e+00 -9.356671654669654004e+00
6.195409391740579252e+00 -1.055214712241742347e+01
1.787031171233852689e+00 -3.190465647681607564e+00
1.349514610534746062e+01 -1.013901837250261728e+01
1.188247686598634800e+01 -1.109693105930177737e+01
5.279339099115016865e-01 -1.580581506398970326e+00
4.908779062873784405e+00 -1.113398934110157157e+01
1.737910458707442984e+00 -6.115520346862443724e+00
4.558607952129751339e+00 -9.781107892809075111e+00
6.546361712524156218e+00 -1.158511140584090171e+01
8.205239177929044558e+00 -1.201961057878261485e+01
1.190988358214363885e+01 -9.432555102860964880e+00
8.814480992211052524e+00 -1.179114711443406449e+01
2.157228354141828319e+01 -1.140814122144210518e+00
5.919519625482903891e+00 -1.087048354396155148e+01
3.866664439266874531e+00 -6.180416244577905616e+00
6.363611771219801483e-02 -4.063809656094726996e+00
1.937760830327379580e+01 -8.213517944036933471e+00
1.714719414174522782e+01 -5.429990984027869949e+00
2.092173651772546705e+01 -5.490669362778710649e+00
1.167427666342795156e+01 -9.425391706125468616e+00
1.358825198058905137e+01 -8.574176477106089322e+00
5.542696000571256221e+00 -9.935062610349680412e+00
2.038922276880176909e+01 -6.810857210541381157e+00
1.629007886826375540e+00 -8.294994898086571311e+00
1.613211008244915945e+01 -1.063679229260698378e+01
1.210517415588835632e+00 -8.926676789291519754e+00
3.159807630904996500e+00 -7.847753145732922597e+00
2.654802073352406921e-01 -6.244972575065059317e+00
3.375925542003102464e+00 -5.970939161362443848e+00
1.571809235993280929e+01 -1.153946329901561008e+01
-1.795142446751842868e-01 -5.146587359750616208e+00
-1.352716700800588256e+00 -2.985638768730827231e+00
3.117823993966744922e+00 -6.475525406848174015e+00
4.910383391736243830e+00 -1.029611523721685273e+01
1.972419867113646319e+01 -3.839170046004740655e+00
8.251038628469402170e+00 -1.281877280712425993e+01
1.649876187043598819e+01 -1.044733896877762014e+01
1.915807802489272760e+01 -1.392965240661678816e+00
1.371082524369290212e+01 -1.114671780129534717e+01
9.204367132101017646e+00 -1.269199317512152270e+01
1.011186257573900349e+00 -6.566965498841292437e+00
7.468478025689261557e+00 -1.259921635128431916e+01
1.975255790646014376e+01 -1.409904995226230806e+00
8.320386309490812593e+00 -1.281042487270624797e+01
2.153146101953363001e+01 -2.562350247674411108e+00
4.947172105548113485e+00 -1.021600340529350248e+01
1.976173093767942746e+01 -4.268592467670435653e+00
1.504582295882110898e+00 -1.274630178988101603e+00
2.002977440664025721e+01 -3.874284341640264362e+00
7.208168584563081183e+00 -8.947823350593250069e+00
1.020984941826054992e+01 -1.281985650554139156e+01
1.908358292952937418e+01 -1.529051787211727298e+00
9.819056775571006312e+00 -1.019971838931953734e+01
1.616489245057834268e+01 -6.522098501380725111e+00
1.917495105866830230e+01 -4.062225193113386368e+00
4.558934396611323159e+00 -8.511244469051064243e+00
4.989699335173421346e+00 -1.053483206504163583e+01
1.590541429434228604e+00 -1.958180673817024875e+00
1.036689174890483933e+01 -9.725224399055340641e+00
4.732504699677750892e-01 -7.666131294486550729e+00
1.631975653000242588e+01 -8.737360376145739238e+00
1.655354574066573292e+01 -6.483995219115706199e+00
3.617941982615509033e-01 -7.240301617086914554e+00
1.763644541893723172e+01 -3.520097313034267650e+00
7.224891178533375147e+00 -1.178242701001835613e+01
3.633403743108496009e+00 -7.447167908416403748e+00
1.276643525000474000e+01 -1.263960025757749328e+01
7.762987098884229553e+00 -1.110167151811034891e+01
1.757880904139576472e+01 -5.021390674385676434e+00
4.714051839197693994e+00 -1.021303357023182912e+01
6.655260239387111199e+00 -8.457402669201279366e+00
2.095008734604151712e+01 -4.103466180222627102e+00
1.251331599130039329e+01 -1.058898151494779505e+01
-4.138000720701207058e-01 -6.203106972445331380e+00
1.813705319201917376e+01 -4.172660640416566480e+00
6.123487266235230209e-01 -4.660214150169804448e+00
6.923408073014686970e+00 -1.094722446597170240e+01
1.029737558515963158e+00 -1.654261326326533776e+00
2.019457779907644479e+01 -1.910690342448139178e+00
1.837877991613884632e+01 -8.311906899380506530e+00
9.689375207030048287e+00 -1.165764974037140789e+01
2.735212569009844330e+00 -6.466541169153165569e+00
1.794017901589050012e+01 -6.374029293873182844e+00
1.001392391195977893e+00 -8.471482640354967231e+00
6.779051537540425443e+00 -1.242505443634001949e+01
7.583372964117788051e+00 -8.945632122352035864e+00
4.940076365824199733e+00 -8.268517621536943807e+00
1.600413714185226866e+01 -8.305546408494437927e+00
4.088389235845352410e+00 -1.136539236398985686e+01
9.294265443774776259e-01 -7.741439330824229970e+00
8.930799920247700641e-02 -4.199667976595989671e+00
2.018597265458188161e+01 -6.038681555871187712e+00
8.169264241269402760e+00 -1.214253543323247087e+01
1.736716629203497675e+01 -8.200287633421247335e+00
1.903571269995285320e+01 -3.103116993916836819e+00
1.524655272141178131e+00 -7.685906463413704870e+00
1.537304222568388212e+01 -7.181581306060745185e+00
3.842547520592169974e-01 -8.088231461502100927e+00
4.765562728365431155e-01 -2.020609469523573232e+00
1.580896363738103005e+01 -7.222396571953082933e+00
4.764862855043941359e+00 -7.982061315173134552e+00
2.278193627578575686e+00 -3.995833701886455369e+00
3.528344552530391809e+00 -7.196013405637853744e+00
5.269290704659600699e+00 -8.047020872499686561e+00
9.979274516989184107e+00 -1.281112440426445964e+01
-1.389833114125881508e+00 -4.741119945951204784e+00
2.833328390373424988e+00 -8.767738039361249847e+00
1.962694108192247455e+01 -3.629596429633109356e+00
1.381427535409400242e+01 -1.146124871084388808e+01
-5.744062433665941825e-01 -1.484591285400484795e+00
7.869056992345901946e+00 -1.196424020191963145e+01
2.085156684489848544e+01 -1.353833699763727472e+00
-1.393957667321583216e+00 -3.290015845291423879e+00
8.821876053518380445e+00 -1.029748755529476512e+01
9.855183957767533087e+00 -1.163794336363045190e+01
1.409397205000660946e+01 -1.129225653649000272e+01
1.779437663221750654e+01 -3.132230979194137177e+00
7.638831360266507886e+00 -9.668756018124703644e+00
1.766507345184215083e+01 -3.761910766843051590e+00
9.670174494980336988e-01 -2.521490503916015591e+00
1.738117012708655906e+01 -4.181360696546904343e+00
1.186672870310555794e+00 -5.497750508548318038e+00
1.589977862216552218e+01 -6.854250810049629550e+00
3.579251809108316529e+00 -9.096159694509196925e+00
8.615287459431806738e+00 -1.075077572790127256e+01
1.284960897663249213e+01 -9.371756241183589964e+00
1.771364138850190173e+01 -5.891403672160953064e+00
7.652423852889551625e-01 -7.950286270925461807e+00
9.743874236947117851e+00 -9.213515434587931097e+00
4.211032223476452785e+00 -6.695001118434877441e+00
1.439081011843193991e+01 -1.014281199495423458e+01
6.870938481485747928e+00 -1.193571853620776224e+01
3.196161185074949174e+00 -6.675146436129327121e+00
5.429307767035369103e+00 -1.138668603058180118e+01
5.039888143016320043e-01 -5.294344411606133782e+00
1.690495517130296221e+01 -8.229245084853644698e+00
5.273892955395016457e-01 -1.531009132252430183e+00
6.816314169123199207e+00 -8.480548522661630173e+00
8.091395172318769369e-01 -2.174923138444504467e+00
1.744302102662391718e+01 -6.454203013478618800e+00
1.552578285207226472e+01 -1.003527120595312461e+01
5.710007475231049234e+00 -8.560145964217019454e+00
1.912993714096605657e+01 -7.817224937922540917e+00
2.157700210870803303e+01 -1.730512723847148715e+00
1.821940553608537883e+01 -6.278522052587661939e+00
1.827395091761869494e+01 -4.959389872748031891e+00
8.756168410732925622e+00 -9.864825819858852540e+00
1.982351136283434556e+01 -7.672882986435735297e+00
1.725709127815601107e+01 -7.899426609578960701e+00
1.048959269341281164e+01 -1.247078494229549861e+01
2.015423560377334056e+01 -6.629775632329460322e+00
1.759042668744897497e+01 -6.649150607367245058e+00
2.017358156713614648e+01 -4.110325664962430459e+00
1.905750128407570188e+00 -5.505980429501218687e+00
1.007903712512228545e+01 -9.892969145926221231e+00
8.975888604549398408e+00 -1.271633502491726020e+01
1.985476634543827856e+01 -4.122320471747761061e+00
1.761348951308296762e+01 -9.915646176179226501e+00
2.018749243394440640e+01 -6.948781871617738304e+00
1.494551325025435951e+01 -9.399646807559539852e+00
3.032850879196577587e+00 -7.349821423963116551e+00
6.472816412615746806e+00 -9.030517569594623595e+00
-6.991158136587749539e-02 -4.351222343214633526e+00
1.862404976074933671e+01 -2.609833486095366251e+00
2.126379753132018102e+00 -9.323503414666651778e+00
1.603592143611669130e+01 -8.242717250588540878e+00
1.360772139403403003e+01 -1.043178953129036479e+01
2.291618554934728991e-01 -5.380768504816451525e+00
3.251995988454719821e+00 -8.265901939753110383e+00
2.207881416479333225e+00 -9.351144389414622893e+00
2.125022120448080187e+01 -2.012556471876222108e+00
1.465253602107935649e+01 -9.587319377702534950e+00
9.465264752425532890e-01 -8.511109772576915589e+00
1.780105085969866963e+01 -8.610576748543099512e+00
1.972597694434285387e+01 -2.382727357914923072e+00
1.748444778339254313e+01 -5.299946704123374985e+00
3.012947845344656983e+00 -6.807611699556905371e+00
1.789232893053674900e+01 -6.348701410914738830e+00
-1.621720291044503881e-01 -4.766939327080351063e+00
2.533243723424026150e+00 -7.360240706780507125e+00
1.578390162659551699e+01 -8.755414811336988734e+00
7.163693852263389061e+00 -9.032736626793250068e+00
6.350717490070213245e+00 -1.071790337305673191e+01
2.132949428848140094e+00 -3.954610547884212401e+00
8.746835658935721014e+00 -1.291237134920291219e+01
1.560596804610457156e+01 -6.940203792905068170e+00
1.376523828986160858e+01 -9.395978366198333376e+00
1.155318717573726239e+01 -1.007046579399069586e+01
2.133685453043959512e+00 -4.655812596124275338e+00
8.550233456124193054e+00 -1.047783903883969892e+01
1.596434252728544578e+01 -8.457829556906833801e+00
1.782840051686300598e+01 -9.115034552244251742e+00
2.163964561672518627e+01 -2.695607742577722732e+00
1.192085487247866027e+01 -1.047223300986759753e+01
1.753115157593220630e+01 -9.645462534386787468e+00
8.672716981758421539e+00 -9.283553308250139580e+00
1.078368403033516643e+01 -1.069978854191638362e+01
1.896449417104907553e+01 -7.427259819935438934e+00
6.292313753061618442e+00 -8.170825013674440029e+00
2.119139892462160546e+01 -2.090427745085339239e+00
9.527656697236935202e+00 -9.341040329414321164e+00
1.503812252364618374e+01 -9.571543004534593280e+00
6.432052146405510484e+00 -9.150993275585422637e+00
1.588724025187369904e+01 -6.616187875763268167e+00
1.354634470455838269e+01 -9.606794509303540508e+00
1.853968566443835186e+01 -5.997568105206151579e+00
1.958933922201046940e+01 -4.339287110129696146e+00
8.453555992661177854e+00 -9.472052416181393042e+00
5.881076896213084382e-01 -2.575557524119910013e+00
5.917621667163033727e+00 -1.179011144644419851e+01
1.614880962006232323e+00 -5.858875825178551544e+00
1.256739595480730642e+01 -9.312425198796482562e+00
4.494337481227148601e-01 -3.687084339844745262e+00
1.155320373924158872e+01 -1.151410883205211633e+01
3.802735137241920249e+00 -6.707947441306591152e+00
1.843926580939671567e+01 -7.797352449167257227e+00
1.744249510131671244e+01 -9.897543349531451540e+00
1.643001651293335641e+00 -4.255034909501697271e+00
-7.213844567729132962e-01 -5.239407132186610028e+00
9.007418281982904062e+00 -1.008740901027170267e+01
9.702837104800963175e+00 -9.591040193541441994e+00
3.485526816654814120e+00 -6.792823100139593784e+00
1.992371093538256588e+01 -7.743262558090276748e+00
1.564866001732510448e+01 -8.232428712010314342e+00
1.055271631137264166e+01 -9.208659046820940830e+00
4.468811523498789740e+00 -8.944198715990243187e+00
1.323867467618347504e+00 -2.404877530183576084e+00
1.848775908279216651e+01 -3.213707259683902251e+00
1.495247487072007786e+01 -8.560460383102356019e+00
1.129267993453468932e+01 -1.074953954636624154e+01
1.692864040980776963e+01 -1.046129486537378916e+01
1.466820507744003166e+01 -7.919308473996323094e+00
1.074273650534340874e-01 -4.307138060245257805e+00
1.453844222565583877e+00 -6.255722102555239417e+00
9.200234887170458009e+00 -1.105027082744254407e+01
6.703083012249951622e+00 -9.012274569553911263e+00
1.804335949355894542e+01 -2.085520652477572234e+00
3.641121234009414565e+00 -6.828809518940169632e+00
1.561034272679523838e+01 -8.958035473114396297e+00
1.886390288138046856e+01 -6.532697536473272670e+00
1.886301446549387606e+01 -6.200474639112284692e+00
1.778874122494286425e+01 -7.712778833602214945e+00
2.350790922156633656e-01 -2.123093966420102952e+00
1.562653982168940914e+00 -5.654355189966481454e+00
5.445196073322695618e+00 -9.252971286635917281e+00
4.783966992941081742e+00 -7.786717888258477771e+00
1.352360871034342971e+01 -1.171594073508127387e+01
4.362426212484474597e+00 -1.092795004231188649e+01
1.565703733001398845e+01 -6.913371477949551647e+00
3.758605970449528044e+00 -9.855009961102584981e+00
2.683853807030281757e+00 -1.043427803463589498e+01
3.525369357770234302e+00 -1.078719269363518762e+01
1.954861417645781074e+01 -1.900886777154666252e+00
1.596344548250806739e+01 -8.944397039210359779e+00
3.793582272510693798e-01 -5.418662151572400276e+00
-8.207489587306611156e-01 -3.868128882362905419e+00
8.493009749838122957e+00 -8.930414313056436626e+00
7.068709745387561583e+00 -1.246380881464612678e+01
2.034488028918762836e+01 -6.107389539314354465e+00
2.778889369174960322e+00 -9.482574268514609273e+00
6.406753171920094303e-01 -3.247313670997944435e+00
-1.532720932869098718e+00 -3.188462757446131501e+00
7.933187655269207106e+00 -1.265501301684893853e+01
1.761230229736453978e+01 -7.986863828677107868e+00
9.142049309878588659e+00 -1.198044573692213710e+01
6.389941340704661243e+00 -1.005806239122217072e+01
4.882489133559650085e+00 -8.555850412360129553e+00
1.557001539230578047e+00 -8.965214344250444611e+00
4.132307619023907641e+00 -8.032936686095855094e+00
1.849629875383264732e+01 -3.239876381895417712e+00
2.470224755765733526e+00 -7.355137449784497683e+00
4.847460622050055790e+00 -9.014139436556629192e+00
2.165941193046339919e+00 -3.689498873896104314e+00
1.870085617254002841e+01 -3.334472294025833339e+00
1.829592020336578528e+01 -1.703598626357700319e+00
2.160649321560284442e+00 -3.596182152345224203e+00
4.769342242599560855e+00 -1.098191765293448618e+01
2.032482535747449504e+01 -1.387396358928520534e+00
1.784724622837803309e+00 -2.917433526998975069e+00
1.841472795510782134e+01 -1.701679812010350012e+00
1.318632045075513837e+01 -8.868549415640721634e+00
1.648441387787964985e+01 -6.661044943792230555e+00
8.414541679810287889e+00 -1.004264554650191599e+01
2.575305178102548886e+00 -9.173964794552439628e+00
1.068976752363592375e+01 -9.166800123486108731e+00
5.465365734861427072e+00 -9.593493106449990648e+00
1.287079644237591225e+01 -1.103563644985988290e+01
3.902109782644711977e+00 -6.468966695613808326e+00
1.020844646606873241e+00 -8.172002728185784548e+00
7.831878363201077775e+00 -9.882330591656151242e+00
6.874844765050283968e+00 -1.029426141642609949e+01
1.926624758529098713e+01 -5.542671376789507498e+00
1.097734975895776977e+01 -1.137091943976579067e+01
2.758382324575642031e+00 -7.447653843353679193e+00
1.801064561854115453e+01 -2.824783010984252218e+00
8.734921438505010016e+00 -1.165957265332739468e+01
-9.093828261292440374e-01 -1.397106373434303661e+00
1.706347277654316841e+01 -7.284481551829145474e+00
1.836032776597767224e+01 -2.536672471466987933e+00
3.530678439273308378e+00 -1.067366569091638162e+01
1.438816543741071641e+01 -8.572913524935959373e+00
7.717626915370855656e+00 -1.067082626285684377e+01
8.872276964345026329e+00 -1.035659859941050520e+01
1.025487952511474177e+01 -1.083009356664986100e+01
1.846657900065314095e+01 -1.677109599084374070e+00
1.416926030028330175e+01 -8.263942794850846596e+00
2.372033293702599188e+00 -5.682697724356831515e+00
7.228463981727402121e+00 -1.242797400356279702e+01
1.491314812564308490e+01 -8.066701323941501300e+00
2.035045822742790023e+01 -1.224962306933474077e+00
1.167119852930619217e+01 -1.061858881783437880e+01
1.412103300193467170e+01 -1.190202644171506208e+01
4.605373508285852679e+00 -8.632377360875883809e+00
-3.524832573732528118e-01 -1.662423463568521775e+00
-2.488065120734805902e-01 -2.185416488771620536e+00
4.826456293780510443e+00 -7.282282287395303477e+00
1.601786491600646656e+01 -9.682103710507009353e+00
2.163409480972526389e+00 -3.752358803879619842e+00
8.340819592867354970e+00 -1.156290064588378463e+01
7.707592463446800934e+00 -1.244151860589774472e+01
1.083060477964808221e+01 -1.031432194250419876e+01
7.493555145750437241e+00 -1.227422113353672728e+01
1.718607252337664448e+01 -1.048541067884118760e+01
1.219384217065036680e+01 -9.650617575540607618e+00
1.069229853736174896e+01 -1.224923390365645304e+01
1.447005061506807166e+01 -9.811914891933284366e+00
4.354899107009549297e+00 -9.198139757760101176e+00
9.898494419831360247e+00 -1.174989416593825275e+01
5.043167463378175341e-01 -8.307769409458053644e+00
3.055773755346286258e+00 -7.792103324864689817e+00
4.104529549826485102e+00 -7.188810242128995220e+00
3.363307261925108094e-01 -6.227708462982549875e+00
1.461685153186042996e+01 -8.577193524415754666e+00
4.442094045087099374e-01 -5.477686633223558310e+00
2.050337931137544345e+01 -4.043996743122619364e+00
1.329412498126978370e+01 -1.189269155890440111e+01
2.079619363254870734e+01 -4.604883404987611506e+00
3.404197857152134077e+00 -7.146841100691717408e+00
2.895245790397196650e+00 -6.528894442099932860e+00
1.937829232681147573e+01 -3.338863815349883968e+00
2.132305999981296196e+01 -4.368916810482879498e+00
9.131449353963390081e-01 -2.664271381083398449e+00
8.893668618832029082e+00 -9.052317244625413650e+00
7.595978246461747574e-01 -3.799950429335022584e+00
5.826592436817374931e-01 -2.667397829550222088e+00
8.359326122137433757e+00 -1.271748019644886796e+01
5.681406537850075544e+00 -8.993794983366370843e+00
1.715610450264779629e+01 -6.463189893709937905e+00
9.035823063758595453e+00 -1.256415722619266262e+01
1.657554828305885408e+01 -7.599398683978332514e+00
1.899129915213642050e+01 -5.674254373264093765e+00
5.145392532366149574e+00 -9.322229535041575588e+00
1.818702521685376539e+01 -2.832866255877833694e+00
-3.386692640304485025e-01 -6.218990675329899354e+00
1.649314023303709575e+01 -6.650382820213954993e+00
7.676743037092942146e+00 -1.200317273282573893e+01
8.321132847592304316e+00 -9.311301802841860820e+00
2.151917527545536046e+01 -2.364865263313621568e+00
-2.558056555232237628e-01 -2.634361799982225083e+00
1.998986848955259887e+01 -2.262369815684760255e+00
-1.244680272050789682e+00 -3.340957617401566271e+00
1.477760444251275729e+00 -2.414615505424121622e+00
