0.000000000000000000e+00 4.608974837816648407e-01
1.000000000000000000e+00 1.868423825567292029e+00
5.000000000000000000e+00 5.096683614366717130e+00
5.000000000000000000e+00 7.795196909289612286e-01
5.000000000000000000e+00 1.019957734010863842e-01
0.000000000000000000e+00 4.297321425621014157e+00
0.000000000000000000e+00 2.318580850654469838e+00
0.000000000000000000e+00 3.468427812535802790e+00
0.000000000000000000e+00 2.282658519324643753e-01
1.000000000000000000e+00 3.652206033366008686e+00
1.000000000000000000e+00 2.358360827184089903e+00
5.000000000000000000e+00 1.343472979376356014e+00
5.000000000000000000e+00 2.291489123045482135e+00
0.000000000000000000e+00 2.464580303643224557e+00
1.000000000000000000e+00 1.730946978816904958e+00
0.000000000000000000e+00 7.701301410324631336e-01
0.000000000000000000e+00 5.299695355570010591e+00
5.000000000000000000e+00 2.534942344205708409e+00
5.000000000000000000e+00 3.529118006438507926e+00
0.000000000000000000e+00 3.957956081653302149e+00
0.000000000000000000e+00 4.753207135781991610e+00
5.000000000000000000e+00 2.067151625528650172e+00
0.000000000000000000e+00 4.612633831084887781e+00
1.000000000000000000e+00 3.230531738385604257e+00
5.000000000000000000e+00 1.737816478822129085e+00
5.000000000000000000e+00 3.721477141266865463e+00
5.000000000000000000e+00 5.741035777724081690e-01
5.000000000000000000e+00 2.602657499849990508e+00
1.000000000000000000e+00 9.377774759828996221e-01
0.000000000000000000e+00 3.145404829008270120e+00
5.000000000000000000e+00 3.137556277588400278e+00
1.000000000000000000e+00 2.066640095693742740e+00
0.000000000000000000e+00 3.236717161520438424e+00
0.000000000000000000e+00 3.663396410910555012e+00
5.000000000000000000e+00 2.851985585462102790e+00
1.000000000000000000e+00 3.742652223101248232e+00
5.000000000000000000e+00 3.005177708621963539e+00
1.000000000000000000e+00 1.627939514320323688e+00
5.000000000000000000e+00 5.369835723025441210e-01
5.000000000000000000e+00 3.513602264146872933e+00
5.000000000000000000e+00 3.568826357680541683e+00
1.000000000000000000e+00 3.338396864331687475e+00
5.000000000000000000e+00 1.845058100907894350e+00
0.000000000000000000e+00 2.444919392429429461e+00
5.000000000000000000e+00 8.419972083609577052e-01
1.000000000000000000e+00 1.944499001023902496e+00
5.000000000000000000e+00 2.607746909977894045e+00
0.000000000000000000e+00 4.493006035990963376e+00
0.000000000000000000e+00 3.347015020934447804e+00
5.000000000000000000e+00 1.720597334019083879e+00
5.000000000000000000e+00 1.838015414662840907e+00
5.000000000000000000e+00 3.607485505976704587e+00
5.000000000000000000e+00 2.586501762512766867e+00
5.000000000000000000e+00 3.529852028023978239e+00
1.000000000000000000e+00 4.376838663622927506e+00
0.000000000000000000e+00 2.411076342440049647e+00
5.000000000000000000e+00 9.477624046191409635e-01
0.000000000000000000e+00 2.126528986891528028e+00
0.000000000000000000e+00 4.814787192757695955e+00
5.000000000000000000e+00 3.520028917217125741e+00
1.000000000000000000e+00 4.176937469699933736e+00
5.000000000000000000e+00 1.275805497871412619e+00
5.000000000000000000e+00 3.959568451357200036e+00
5.000000000000000000e+00 1.325349911211216591e+00
0.000000000000000000e+00 2.647516587361581131e+00
1.000000000000000000e+00 1.805674719057718702e+00
5.000000000000000000e+00 5.368044151482695980e+00
5.000000000000000000e+00 4.341976581862781792e+00
5.000000000000000000e+00 5.035897053273888702e+00
1.000000000000000000e+00 2.309510558942544645e+00
5.000000000000000000e+00 4.980464486480221109e-01
5.000000000000000000e+00 2.852245122789343057e+00
5.000000000000000000e+00 2.617091982099593039e+00
1.000000000000000000e+00 3.186701928264870531e+00
1.000000000000000000e+00 2.035907899204765226e+00
1.000000000000000000e+00 3.674587334165899222e+00
1.000000000000000000e+00 6.937290351037186387e-01
1.000000000000000000e+00 2.058876679958414613e+00
5.000000000000000000e+00 1.737997111758610602e+00
5.000000000000000000e+00 8.614176848503866113e-01
0.000000000000000000e+00 3.597381531904674468e+00
5.000000000000000000e+00 5.284797441854633071e+00
0.000000000000000000e+00 3.836497650817722871e+00
0.000000000000000000e+00 5.006798633482389960e+00
1.000000000000000000e+00 1.573341970685000035e+00
0.000000000000000000e+00 4.454207124165089127e+00
5.000000000000000000e+00 5.112618772679050849e+00
5.000000000000000000e+00 2.683071069239703732e+00
5.000000000000000000e+00 1.031058741386543520e+00
0.000000000000000000e+00 4.195438141379897345e+00
1.000000000000000000e+00 3.193502447120097010e+00
0.000000000000000000e+00 4.830177493538570843e+00
0.000000000000000000e+00 1.518828969205863855e+00
5.000000000000000000e+00 5.916989205283282871e+00
0.000000000000000000e+00 2.289616135770705885e+00
0.000000000000000000e+00 1.555744246187488411e+00
1.000000000000000000e+00 1.497131923335750958e+00
5.000000000000000000e+00 2.560106070049226190e+00
5.000000000000000000e+00 1.672802229136746366e+00
1.000000000000000000e+00 1.879862234972317525e+00
0.000000000000000000e+00 2.283667601027127958e+00
1.000000000000000000e+00 1.492484263683159007e+00
0.000000000000000000e+00 3.764355365593825109e+00
1.000000000000000000e+00 2.385499209298097778e+00
1.000000000000000000e+00 5.015422267773662846e+00
1.000000000000000000e+00 2.364169393835388266e+00
5.000000000000000000e+00 5.203709540937297540e+00
0.000000000000000000e+00 2.644522485872927930e+00
0.000000000000000000e+00 5.563054256880761272e+00
0.000000000000000000e+00 6.354920813719147077e+00
5.000000000000000000e+00 2.804610597549975104e+00
5.000000000000000000e+00 3.309276969080669151e+00
0.000000000000000000e+00 2.490571621536954439e+00
1.000000000000000000e+00 4.359093035120696347e-01
0.000000000000000000e+00 4.369112403585830862e+00
1.000000000000000000e+00 3.567564906341841979e+00
5.000000000000000000e+00 3.414557646104360078e+00
0.000000000000000000e+00 2.505072787214750907e+00
5.000000000000000000e+00 2.696316367103181566e+00
5.000000000000000000e+00 3.310094256964057902e+00
0.000000000000000000e+00 3.074759588647633546e+00
5.000000000000000000e+00 5.370748197268169655e+00
0.000000000000000000e+00 2.081096503627175132e+00
1.000000000000000000e+00 4.444673963014732720e+00
0.000000000000000000e+00 2.700401213961845404e+00
5.000000000000000000e+00 4.613396118165932869e+00
5.000000000000000000e+00 2.530380925902014244e+00
5.000000000000000000e+00 5.747041351311225732e+00
0.000000000000000000e+00 5.338300397741216230e+00
5.000000000000000000e+00 3.679266456006590413e+00
5.000000000000000000e+00 2.275711049021742483e+00
1.000000000000000000e+00 1.152046374005322837e+00
1.000000000000000000e+00 3.806585159318786715e+00
5.000000000000000000e+00 8.618097634694588116e-01
1.000000000000000000e+00 2.818632020741816735e+00
5.000000000000000000e+00 2.562522786183619505e+00
5.000000000000000000e+00 4.509808398360856785e+00
0.000000000000000000e+00 5.081310523287629888e-01
1.000000000000000000e+00 1.627858339424022693e+00
5.000000000000000000e+00 4.671003670222156678e+00
1.000000000000000000e+00 2.590849225711584047e+00
0.000000000000000000e+00 2.741001464981171143e+00
1.000000000000000000e+00 2.162840887206300522e+00
1.000000000000000000e+00 5.156703947179211767e+00
5.000000000000000000e+00 5.200572446970220142e+00
0.000000000000000000e+00 9.502511014348955509e-01
0.000000000000000000e+00 1.986847059370723478e+00
5.000000000000000000e+00 1.576741104420331885e+00
5.000000000000000000e+00 2.468320567933921961e+00
5.000000000000000000e+00 8.623505304949914407e-01
0.000000000000000000e+00 2.280502982315978588e+00
5.000000000000000000e+00 2.063185881237930008e+00
0.000000000000000000e+00 2.479945063895848012e+00
0.000000000000000000e+00 1.622862479331024232e+00
5.000000000000000000e+00 6.477403314488320518e+00
1.000000000000000000e+00 1.192010347762926470e+00
5.000000000000000000e+00 2.473585146629230014e+00
5.000000000000000000e+00 2.285838012588701673e+00
0.000000000000000000e+00 1.933446864156200373e+00
0.000000000000000000e+00 2.018164892430953650e+00
5.000000000000000000e+00 2.946845009597010012e+00
5.000000000000000000e+00 4.107863299370575483e+00
0.000000000000000000e+00 3.729152692432532223e+00
1.000000000000000000e+00 2.128202462545225160e+00
1.000000000000000000e+00 1.970366771203630352e+00
0.000000000000000000e+00 6.012824761936170326e+00
0.000000000000000000e+00 8.054730384520448760e-01
1.000000000000000000e+00 1.818936571321021267e+00
5.000000000000000000e+00 1.724841714783963420e+00
5.000000000000000000e+00 1.410333540649367112e+00
5.000000000000000000e+00 5.647543496893772108e+00
1.000000000000000000e+00 2.371149528937795736e+00
1.000000000000000000e+00 6.767089319493548860e-01
1.000000000000000000e+00 5.391448982830085335e+00
1.000000000000000000e+00 0.000000000000000000e+00
0.000000000000000000e+00 1.506041763590807880e+00
0.000000000000000000e+00 3.443834804051264520e+00
0.000000000000000000e+00 4.487264470860088394e+00
0.000000000000000000e+00 1.481386212387181267e+00
1.000000000000000000e+00 4.420288798383667839e+00
5.000000000000000000e+00 2.167452626296451079e+00
0.000000000000000000e+00 4.932658281651385757e+00
0.000000000000000000e+00 3.891739018203222766e+00
5.000000000000000000e+00 2.731803083679761990e+00
5.000000000000000000e+00 1.160711625550654214e+00
0.000000000000000000e+00 1.084852651033069160e+00
1.000000000000000000e+00 2.098202247822249067e+00
0.000000000000000000e+00 3.071743527164504162e+00
1.000000000000000000e+00 3.270316295390718775e+00
1.000000000000000000e+00 1.176635782638618899e+00
1.000000000000000000e+00 5.296018133163499897e+00
1.000000000000000000e+00 2.854381704805458497e+00
1.000000000000000000e+00 4.116808685368676279e+00
1.000000000000000000e+00 3.091433018200837157e+00
5.000000000000000000e+00 3.400367687578180309e+00
1.000000000000000000e+00 2.549883859428708988e+00
5.000000000000000000e+00 5.842667471359280995e+00
5.000000000000000000e+00 4.826002676928942137e+00
0.000000000000000000e+00 5.330572272117632959e-01
0.000000000000000000e+00 3.885633964424994868e+00
1.000000000000000000e+00 1.015039350579347799e+00
5.000000000000000000e+00 1.228880906595851252e+00
1.000000000000000000e+00 2.638083658744800442e+00
0.000000000000000000e+00 1.947206040158778295e+00
5.000000000000000000e+00 3.073209727667390645e+00
1.000000000000000000e+00 4.669842499530784785e+00
0.000000000000000000e+00 3.938798001555036343e+00
0.000000000000000000e+00 4.346653913670086133e+00
5.000000000000000000e+00 2.154965457560680697e+00
1.000000000000000000e+00 1.760674282731627738e+00
0.000000000000000000e+00 2.648804535452426112e+00
0.000000000000000000e+00 6.746389355171601210e+00
1.000000000000000000e+00 3.294577954311860957e+00
5.000000000000000000e+00 2.431183136752165019e+00
0.000000000000000000e+00 2.940421631632135213e+00
0.000000000000000000e+00 1.227489352853505800e+00
5.000000000000000000e+00 3.071237536165960069e+00
0.000000000000000000e+00 3.182078703800016672e+00
1.000000000000000000e+00 5.308946512900464043e+00
0.000000000000000000e+00 3.867647350565429409e+00
1.000000000000000000e+00 2.389135259405947842e+00
1.000000000000000000e+00 3.395230668699224630e+00
0.000000000000000000e+00 3.741985876193325122e+00
5.000000000000000000e+00 5.285177541480743368e-01
1.000000000000000000e+00 3.251879025524790023e+00
0.000000000000000000e+00 2.228707853321945098e+00
5.000000000000000000e+00 2.484676141927928850e+00
5.000000000000000000e+00 3.046446337402021864e+00
1.000000000000000000e+00 2.540324354897456338e+00
1.000000000000000000e+00 3.128547927477869806e+00
0.000000000000000000e+00 1.772349225514777915e+00
5.000000000000000000e+00 2.002155136509976785e+00
1.000000000000000000e+00 2.049946495233805788e+00
1.000000000000000000e+00 2.888310695117770166e+00
0.000000000000000000e+00 5.002220572471861360e+00
5.000000000000000000e+00 2.378424027795684736e+00
1.000000000000000000e+00 3.001400770463274359e+00
0.000000000000000000e+00 3.199233162445632939e+00
1.000000000000000000e+00 3.377262556079429601e+00
5.000000000000000000e+00 5.360883238818517249e+00
0.000000000000000000e+00 1.600226855940914739e+00
0.000000000000000000e+00 1.998341953705380147e+00
1.000000000000000000e+00 6.159632799042349838e+00
1.000000000000000000e+00 2.087093291803006512e+00
1.000000000000000000e+00 2.561605203379554219e+00
1.000000000000000000e+00 4.700803082391897370e+00
1.000000000000000000e+00 3.212054241207185967e+00
0.000000000000000000e+00 5.111642562771383957e+00
5.000000000000000000e+00 6.931490505122788193e-01
0.000000000000000000e+00 1.185509476398816542e+00
1.000000000000000000e+00 1.838663541902949339e+00
5.000000000000000000e+00 3.781988767163112719e+00
1.000000000000000000e+00 2.647615267472890110e+00
5.000000000000000000e+00 4.283342616872787723e+00
5.000000000000000000e+00 4.623928314053983080e+00
1.000000000000000000e+00 1.430300519641704682e+00
1.000000000000000000e+00 7.562951050734605385e-01
1.000000000000000000e+00 3.416983687335982900e+00
1.000000000000000000e+00 4.154675289972776575e+00
1.000000000000000000e+00 2.679030929202264932e+00
1.000000000000000000e+00 2.146959869997431269e+00
5.000000000000000000e+00 9.826243576613911124e-01
5.000000000000000000e+00 2.849179890321537734e+00
1.000000000000000000e+00 3.251676988072783381e+00
0.000000000000000000e+00 5.429167499219055948e+00
0.000000000000000000e+00 2.776974077077862813e+00
1.000000000000000000e+00 1.839169212878960291e+00
5.000000000000000000e+00 3.076310296388656607e+00
5.000000000000000000e+00 6.118808470792902021e+00
5.000000000000000000e+00 4.565441315068906825e+00
1.000000000000000000e+00 3.720529387607782734e+00
1.000000000000000000e+00 2.385467230696638463e+00
1.000000000000000000e+00 2.806474032100614746e+00
0.000000000000000000e+00 3.102575539706052599e+00
5.000000000000000000e+00 6.029287461090727662e-01
1.000000000000000000e+00 3.514942994914399765e+00
1.000000000000000000e+00 2.246224909227175548e+00
1.000000000000000000e+00 1.333580579823969714e+00
0.000000000000000000e+00 2.061284436436177092e+00
0.000000000000000000e+00 2.015223013163240928e+00
1.000000000000000000e+00 3.001446441541637533e+00
5.000000000000000000e+00 3.557814576908767457e+00
1.000000000000000000e+00 1.833198962151589839e+00
0.000000000000000000e+00 3.456360374347889231e+00
0.000000000000000000e+00 3.522159083773066968e+00
1.000000000000000000e+00 2.141978405198683433e+00
0.000000000000000000e+00 4.740370111512617890e-02
5.000000000000000000e+00 2.016057704491418967e+00
5.000000000000000000e+00 2.949834909253185700e+00
0.000000000000000000e+00 5.210285972823457179e+00
5.000000000000000000e+00 4.184998385482716188e+00
0.000000000000000000e+00 2.757645155400641812e+00
1.000000000000000000e+00 3.246834100715248361e+00
0.000000000000000000e+00 4.219692711230995208e+00
0.000000000000000000e+00 4.482893068865505981e+00
1.000000000000000000e+00 3.997031145791974271e+00
0.000000000000000000e+00 3.309157494137604516e+00
5.000000000000000000e+00 4.181050658929033048e+00
1.000000000000000000e+00 2.065832408370292583e+00
5.000000000000000000e+00 1.378708195835562478e+00
5.000000000000000000e+00 4.064180063509552632e+00
5.000000000000000000e+00 2.785554398768430584e+00
5.000000000000000000e+00 4.519686763506723715e+00
0.000000000000000000e+00 1.891478666156655164e+00
5.000000000000000000e+00 3.320198489100013806e+00
5.000000000000000000e+00 1.603917778823140544e-02
5.000000000000000000e+00 2.180058298657035820e+00
0.000000000000000000e+00 2.348677446768986155e+00
1.000000000000000000e+00 3.581923843192576395e+00
5.000000000000000000e+00 2.674761145144047614e+00
5.000000000000000000e+00 0.000000000000000000e+00
1.000000000000000000e+00 3.248370820530150915e+00
5.000000000000000000e+00 2.736270272534661263e+00
5.000000000000000000e+00 1.958457851500546854e+00
0.000000000000000000e+00 1.225612619344779608e+00
5.000000000000000000e+00 1.339187119110422985e+00
5.000000000000000000e+00 4.887541977077758837e+00
0.000000000000000000e+00 1.165505639508072733e+00
0.000000000000000000e+00 1.568831186280182921e+00
1.000000000000000000e+00 3.246464430389493394e+00
0.000000000000000000e+00 1.949519484043789719e+00
0.000000000000000000e+00 1.738482051300144215e+00
0.000000000000000000e+00 1.453896290112754563e+00
5.000000000000000000e+00 2.565442066456309789e+00
5.000000000000000000e+00 4.200645356658101015e+00
1.000000000000000000e+00 3.284338845318090172e+00
1.000000000000000000e+00 6.266244302874817151e-01
1.000000000000000000e+00 1.797213330981628276e+00
5.000000000000000000e+00 3.183331414158939943e+00
5.000000000000000000e+00 4.856016353915993733e+00
0.000000000000000000e+00 2.604899479113152339e+00
5.000000000000000000e+00 2.083250343908835678e+00
5.000000000000000000e+00 8.186344908401178566e-01
0.000000000000000000e+00 2.412839398601254182e+00
0.000000000000000000e+00 3.524551452695220188e+00
5.000000000000000000e+00 5.602989129564623916e-01
1.000000000000000000e+00 1.286026830938364895e+00
0.000000000000000000e+00 3.135431196828379452e+00
0.000000000000000000e+00 1.287935360120334938e+00
5.000000000000000000e+00 4.483544456065011730e+00
0.000000000000000000e+00 5.565496347464875093e+00
5.000000000000000000e+00 4.894076415731838381e+00
5.000000000000000000e+00 2.455972434949630134e+00
1.000000000000000000e+00 1.037908282515911385e+00
1.000000000000000000e+00 4.180627351738952946e+00
5.000000000000000000e+00 1.989179273396515457e+00
5.000000000000000000e+00 5.529774342592986613e+00
0.000000000000000000e+00 2.525603275952064575e+00
1.000000000000000000e+00 4.028164730129828897e+00
5.000000000000000000e+00 3.755249777911174647e+00
5.000000000000000000e+00 6.369663238322623044e+00
5.000000000000000000e+00 4.772946613176019426e+00
5.000000000000000000e+00 4.247729612053433357e+00
1.000000000000000000e+00 3.664764809756863251e+00
0.000000000000000000e+00 4.726489793415049157e+00
5.000000000000000000e+00 4.259057937290347540e-01
1.000000000000000000e+00 8.690218327478044236e-01
0.000000000000000000e+00 3.813637029858535143e+00
0.000000000000000000e+00 1.924676452772889901e+00
1.000000000000000000e+00 2.312840889224022423e+00
5.000000000000000000e+00 2.714679562399495705e+00
0.000000000000000000e+00 4.615788216387081810e+00
5.000000000000000000e+00 1.048504847964401243e+00
0.000000000000000000e+00 4.054182081560914419e+00
0.000000000000000000e+00 0.000000000000000000e+00
5.000000000000000000e+00 5.161308747062940405e+00
0.000000000000000000e+00 2.456681865084210603e+00
0.000000000000000000e+00 2.060536495877116625e+00
0.000000000000000000e+00 3.507576171591885394e+00
0.000000000000000000e+00 3.438849119009447897e+00
0.000000000000000000e+00 4.167745740772006435e+00
0.000000000000000000e+00 2.422986571954869994e+00
0.000000000000000000e+00 2.369900462313743184e+00
0.000000000000000000e+00 1.599363273004122954e+00
1.000000000000000000e+00 1.516248074469546125e+00
0.000000000000000000e+00 4.091987091669727405e+00
0.000000000000000000e+00 2.707738101966785660e+00
0.000000000000000000e+00 1.488088805287189231e+00
5.000000000000000000e+00 4.929077327532128017e+00
1.000000000000000000e+00 3.394588713291296411e+00
0.000000000000000000e+00 4.089581079751769543e+00
5.000000000000000000e+00 1.388494865027165348e+00
1.000000000000000000e+00 1.340857410114264514e+00
5.000000000000000000e+00 5.968574395081839290e-01
1.000000000000000000e+00 1.513229097391418643e+00
0.000000000000000000e+00 1.691219218263210422e+00
5.000000000000000000e+00 1.287917864175321281e+00
0.000000000000000000e+00 4.841200702040055148e+00
1.000000000000000000e+00 3.048680874125903717e+00
0.000000000000000000e+00 2.831499306030864194e+00
1.000000000000000000e+00 4.949818417396393500e+00
1.000000000000000000e+00 4.787530494272792758e+00
1.000000000000000000e+00 2.310830680429972528e+00
1.000000000000000000e+00 1.663118569485705356e+00
1.000000000000000000e+00 3.800777664665568878e+00
5.000000000000000000e+00 2.443503567946629484e+00
0.000000000000000000e+00 3.009037365318557811e+00
5.000000000000000000e+00 1.410145634310299601e+00
0.000000000000000000e+00 4.429002949506229747e+00
1.000000000000000000e+00 3.010934261567361769e+00
1.000000000000000000e+00 4.990850322142201811e+00
0.000000000000000000e+00 1.670189282660468288e+00
0.000000000000000000e+00 4.198521782002208269e+00
5.000000000000000000e+00 3.706961030342577956e+00
5.000000000000000000e+00 4.939366146884236919e+00
5.000000000000000000e+00 4.481676929350327576e+00
1.000000000000000000e+00 2.524765564042445565e+00
5.000000000000000000e+00 3.739372591078830244e+00
1.000000000000000000e+00 3.036034540078411226e+00
5.000000000000000000e+00 4.705193631319463776e+00
5.000000000000000000e+00 3.392367919919207164e+00
5.000000000000000000e+00 3.327925594240241036e+00
1.000000000000000000e+00 4.219353386889970636e+00
5.000000000000000000e+00 3.976699560831039371e+00
5.000000000000000000e+00 3.928716084601660885e+00
5.000000000000000000e+00 2.834528559786039459e+00
5.000000000000000000e+00 4.999938599666026384e+00
1.000000000000000000e+00 1.977346671731773586e+00
0.000000000000000000e+00 2.170405983383820736e+00
1.000000000000000000e+00 3.202755979621703109e+00
0.000000000000000000e+00 1.529180428444404827e+00
5.000000000000000000e+00 2.918416554840613131e+00
5.000000000000000000e+00 9.173221534417828060e-01
0.000000000000000000e+00 2.630660544812040147e+00
0.000000000000000000e+00 1.630201307216173623e+00
5.000000000000000000e+00 1.669330215874623935e+00
0.000000000000000000e+00 3.004122882806023132e+00
1.000000000000000000e+00 2.995804535182001960e+00
5.000000000000000000e+00 3.434247919818784300e+00
1.000000000000000000e+00 1.682954562427361855e+00
0.000000000000000000e+00 2.036276087635501497e+00
0.000000000000000000e+00 5.238320314771784503e+00
0.000000000000000000e+00 5.794156702734915010e-01
5.000000000000000000e+00 2.227671846419045920e+00
0.000000000000000000e+00 3.416589157338940197e+00
1.000000000000000000e+00 5.234170919147014267e-01
1.000000000000000000e+00 9.328595407671217421e-01
0.000000000000000000e+00 2.678272445041834704e+00
0.000000000000000000e+00 3.643744356854786037e+00
0.000000000000000000e+00 3.026675589334593131e+00
0.000000000000000000e+00 8.963489162517037645e-01
0.000000000000000000e+00 2.908674324580869275e+00
0.000000000000000000e+00 1.371724985952116560e+00
1.000000000000000000e+00 3.758694614704579440e+00
0.000000000000000000e+00 4.475114070464233151e+00
5.000000000000000000e+00 5.903324312513984928e+00
0.000000000000000000e+00 5.757314079853502742e-01
1.000000000000000000e+00 2.491651248525615703e+00
5.000000000000000000e+00 4.245071305029518349e+00
0.000000000000000000e+00 4.636614167074573523e+00
0.000000000000000000e+00 3.688509261656479410e+00
0.000000000000000000e+00 1.779511232850202740e+00
5.000000000000000000e+00 2.957349488683422845e+00
5.000000000000000000e+00 3.255037732549628693e+00
0.000000000000000000e+00 8.386363518288504348e-01
1.000000000000000000e+00 3.477797686127686472e+00
0.000000000000000000e+00 4.936571557595081927e+00
5.000000000000000000e+00 2.030005424552616233e+00
1.000000000000000000e+00 4.929722178169507529e+00
5.000000000000000000e+00 5.246210032906675202e+00
5.000000000000000000e+00 1.465223833021553457e+00
1.000000000000000000e+00 2.199291475054463429e+00
1.000000000000000000e+00 6.651209826752125798e-01
1.000000000000000000e+00 3.238189853193600420e+00
1.000000000000000000e+00 2.135551924113883171e+00
0.000000000000000000e+00 3.412080487826024466e+00
1.000000000000000000e+00 3.056855998111984718e+00
0.000000000000000000e+00 3.142317329851840757e+00
5.000000000000000000e+00 9.428615498884153068e-01
5.000000000000000000e+00 4.649109341810950369e+00
1.000000000000000000e+00 5.144783298645637659e-01
5.000000000000000000e+00 1.990924618849197358e+00
1.000000000000000000e+00 2.263839611843537103e+00
1.000000000000000000e+00 1.655278235733893766e+00
0.000000000000000000e+00 4.092241609512656808e+00
0.000000000000000000e+00 4.493998719688167220e+00
1.000000000000000000e+00 1.859802957376374799e+00
5.000000000000000000e+00 1.540787861562628036e-01
1.000000000000000000e+00 3.172103244651084619e+00
0.000000000000000000e+00 3.551631386428018011e+00
0.000000000000000000e+00 5.161327040222710494e+00
5.000000000000000000e+00 9.629908079103611795e-01
1.000000000000000000e+00 2.690112431953292305e+00
1.000000000000000000e+00 3.315374949303477425e+00
5.000000000000000000e+00 5.082408178418528877e+00
0.000000000000000000e+00 1.381490263971484556e+00
0.000000000000000000e+00 2.428431117583762067e+00
0.000000000000000000e+00 4.324460140705893352e+00
5.000000000000000000e+00 3.008936600229923819e+00
5.000000000000000000e+00 9.700098277366896449e-01
1.000000000000000000e+00 3.106191204632442471e+00
0.000000000000000000e+00 3.638211004588289832e+00
1.000000000000000000e+00 5.218009792063587504e+00
1.000000000000000000e+00 1.362186815240345350e+00
0.000000000000000000e+00 3.616525103089369697e+00
5.000000000000000000e+00 2.515837136015708353e+00
0.000000000000000000e+00 4.533931229364683624e+00
0.000000000000000000e+00 1.615074842648439590e+00
0.000000000000000000e+00 4.761482069927007288e+00
0.000000000000000000e+00 4.375602164995848753e+00
3.000000000000000000e+00 3.634207018386574894e+00
4.000000000000000000e+00 4.701485473410022209e+00
2.000000000000000000e+00 1.674011779575958148e+00
2.000000000000000000e+00 5.491287237140969779e+00
2.000000000000000000e+00 4.784812183364340221e+00
3.000000000000000000e+00 1.619092537834870615e+00
3.000000000000000000e+00 5.110622336787015385e+00
3.000000000000000000e+00 3.395736962388368418e+00
3.000000000000000000e+00 3.497164760623853397e+00
4.000000000000000000e+00 6.697379315610960226e+00
4.000000000000000000e+00 7.979969218567573019e-01
2.000000000000000000e+00 5.590258620499777287e+00
2.000000000000000000e+00 6.995041551470541741e+00
3.000000000000000000e+00 4.791262944387758793e+00
4.000000000000000000e+00 4.772892150843991210e+00
3.000000000000000000e+00 2.999934997328649100e+00
2.000000000000000000e+00 2.146905895595863090e+00
2.000000000000000000e+00 5.109137218836490746e+00
2.000000000000000000e+00 1.876469935806574396e+00
3.000000000000000000e+00 3.711884524439243993e+00
2.000000000000000000e+00 2.198381997007722521e+00
2.000000000000000000e+00 6.681913966159503282e+00
3.000000000000000000e+00 4.049809099061405071e+00
4.000000000000000000e+00 6.125154995551755910e+00
2.000000000000000000e+00 6.425531093271763083e+00
2.000000000000000000e+00 1.202610297817602536e+00
2.000000000000000000e+00 4.668105339532794495e+00
2.000000000000000000e+00 5.920705154148985905e+00
4.000000000000000000e+00 2.781231873082397943e+00
3.000000000000000000e+00 3.059438638568940050e+00
2.000000000000000000e+00 6.919414413053802448e+00
4.000000000000000000e+00 1.070285248669057054e+00
4.000000000000000000e+00 2.880417811681168505e+00
3.000000000000000000e+00 3.442648935242673680e+00
2.000000000000000000e+00 4.960156881735741763e+00
4.000000000000000000e+00 7.198059613225785691e-01
2.000000000000000000e+00 6.199367035698519324e+00
4.000000000000000000e+00 4.439706891603123928e+00
2.000000000000000000e+00 5.194413333686088485e+00
2.000000000000000000e+00 8.303364279457838393e+00
2.000000000000000000e+00 8.198061227196161482e+00
4.000000000000000000e+00 6.335314952313620296e+00
2.000000000000000000e+00 5.584949641870441184e+00
3.000000000000000000e+00 1.287159849886343022e+00
2.000000000000000000e+00 4.092957161529770183e+00
4.000000000000000000e+00 4.823152381727203952e+00
2.000000000000000000e+00 7.382816404428740320e+00
3.000000000000000000e+00 4.241428517111658358e+00
3.000000000000000000e+00 4.130336911974438197e-01
2.000000000000000000e+00 3.184826619435566553e+00
2.000000000000000000e+00 6.529856767352859137e+00
2.000000000000000000e+00 1.267793799366395024e+00
2.000000000000000000e+00 7.289848283201077805e+00
2.000000000000000000e+00 1.943488896482517214e+00
4.000000000000000000e+00 4.744083537417456142e+00
3.000000000000000000e+00 2.925645153019157174e+00
2.000000000000000000e+00 4.475595734835763118e+00
3.000000000000000000e+00 3.441946296048834508e+00
2.000000000000000000e+00 3.933818183456275985e+00
2.000000000000000000e+00 8.166431899745766998e+00
4.000000000000000000e+00 7.222895824666260012e+00
2.000000000000000000e+00 5.818162483844180777e+00
2.000000000000000000e+00 8.253836447524193431e+00
2.000000000000000000e+00 3.944478506282913521e+00
3.000000000000000000e+00 3.027681146667755119e+00
4.000000000000000000e+00 4.841182974705741771e+00
2.000000000000000000e+00 1.437071366720092724e+00
2.000000000000000000e+00 5.808189899572215875e-01
2.000000000000000000e+00 1.498327673610165389e+00
4.000000000000000000e+00 2.797657655779464125e+00
2.000000000000000000e+00 5.198987123992596437e+00
2.000000000000000000e+00 4.736242003881375950e+00
2.000000000000000000e+00 2.253178813765096766e+00
4.000000000000000000e+00 2.090120937340669283e+00
4.000000000000000000e+00 4.066534241601774013e+00
4.000000000000000000e+00 1.592395695404335232e+00
4.000000000000000000e+00 3.692158577418199972e+00
4.000000000000000000e+00 4.067870253390817759e+00
2.000000000000000000e+00 4.661911502129973073e+00
2.000000000000000000e+00 5.587084454077557716e+00
3.000000000000000000e+00 3.831977021495157842e+00
2.000000000000000000e+00 1.826558664669604148e+00
3.000000000000000000e+00 3.795056048900864010e+00
2.000000000000000000e+00 2.117342153792347137e+00
4.000000000000000000e+00 4.405930553215782197e+00
2.000000000000000000e+00 4.122032301337933191e+00
2.000000000000000000e+00 1.545659514292336834e+00
2.000000000000000000e+00 2.198630475251307725e+00
2.000000000000000000e+00 5.873681978068380438e+00
3.000000000000000000e+00 8.365285108120764646e-01
4.000000000000000000e+00 3.035544390933098136e-01
2.000000000000000000e+00 2.420902482093774566e+00
3.000000000000000000e+00 3.404081506850983985e+00
2.000000000000000000e+00 1.324829292959082139e+00
3.000000000000000000e+00 1.713971069203544806e+00
3.000000000000000000e+00 4.746401627389101208e+00
4.000000000000000000e+00 3.077224905078499440e+00
2.000000000000000000e+00 6.954777422815950239e+00
2.000000000000000000e+00 3.516661535367390456e+00
4.000000000000000000e+00 4.757584984467181144e+00
3.000000000000000000e+00 2.299048682315974812e+00
4.000000000000000000e+00 2.638243486931785675e+00
2.000000000000000000e+00 3.637824932314367654e+00
4.000000000000000000e+00 4.806409857164145372e+00
4.000000000000000000e+00 1.958648626692512495e+00
4.000000000000000000e+00 1.074155180177201574e+00
2.000000000000000000e+00 3.485194539091339694e-01
3.000000000000000000e+00 2.573203773596088872e+00
2.000000000000000000e+00 2.207976873866881906e+00
2.000000000000000000e+00 3.981332470582453098e+00
2.000000000000000000e+00 2.714462111816270617e+00
2.000000000000000000e+00 3.578101500950056302e+00
3.000000000000000000e+00 1.236070851483285660e+00
4.000000000000000000e+00 2.824910326145428918e+00
2.000000000000000000e+00 3.144853989167275099e+00
4.000000000000000000e+00 1.497572860696289698e+00
2.000000000000000000e+00 7.029336237876157689e+00
3.000000000000000000e+00 3.128417127909825179e+00
2.000000000000000000e+00 7.532373505290401283e+00
2.000000000000000000e+00 1.597264793019853135e+00
3.000000000000000000e+00 3.181906330478904810e+00
2.000000000000000000e+00 1.813938661408470709e+00
3.000000000000000000e+00 2.789488312245310464e+00
4.000000000000000000e+00 1.438119032040211964e+00
3.000000000000000000e+00 4.164415742168205092e+00
2.000000000000000000e+00 1.082974527889580818e+00
2.000000000000000000e+00 2.519456400257894302e+00
2.000000000000000000e+00 2.339674170689156174e+00
2.000000000000000000e+00 1.937012764492737293e+00
2.000000000000000000e+00 8.331822601339881729e+00
2.000000000000000000e+00 3.688792039497629904e+00
4.000000000000000000e+00 3.372161982471358233e+00
4.000000000000000000e+00 7.584344586833382529e-01
2.000000000000000000e+00 4.530077541598610757e+00
4.000000000000000000e+00 5.837309382460047935e+00
2.000000000000000000e+00 3.523686077521761106e+00
2.000000000000000000e+00 1.196842713689300064e+00
3.000000000000000000e+00 3.138546844529481294e+00
4.000000000000000000e+00 2.782510208469947344e+00
2.000000000000000000e+00 1.613433859310569929e+00
4.000000000000000000e+00 5.590469483000247486e+00
3.000000000000000000e+00 3.226403310370299593e+00
4.000000000000000000e+00 5.208169385532627871e+00
4.000000000000000000e+00 5.517712864502458459e+00
2.000000000000000000e+00 1.329480164843420464e+00
3.000000000000000000e+00 4.245244777981368678e+00
3.000000000000000000e+00 1.676530875954637123e+00
2.000000000000000000e+00 6.416664105268435669e+00
2.000000000000000000e+00 3.851361824974225190e+00
2.000000000000000000e+00 5.606051274398140549e+00
3.000000000000000000e+00 5.145262043415712583e+00
2.000000000000000000e+00 2.865994750702637983e+00
3.000000000000000000e+00 1.991164105180899035e+00
3.000000000000000000e+00 2.698531583929860478e+00
2.000000000000000000e+00 1.833597883635745385e+00
4.000000000000000000e+00 1.878866661942137251e+00
2.000000000000000000e+00 7.289851462678714533e+00
2.000000000000000000e+00 4.216042555912056677e+00
3.000000000000000000e+00 2.431023294150604475e+00
3.000000000000000000e+00 2.768377450461353639e+00
2.000000000000000000e+00 4.245708699980603740e+00
2.000000000000000000e+00 1.454071173080613510e+00
3.000000000000000000e+00 1.116315192201964512e+00
4.000000000000000000e+00 3.807266808077734321e+00
4.000000000000000000e+00 1.088441340873309793e+00
2.000000000000000000e+00 3.010178444686230304e+00
3.000000000000000000e+00 4.308033247712493186e+00
4.000000000000000000e+00 3.467251672105018834e+00
2.000000000000000000e+00 3.923086618428778038e+00
2.000000000000000000e+00 3.925478884856349993e+00
2.000000000000000000e+00 1.223669290467002790e+00
4.000000000000000000e+00 5.299260523025220770e+00
4.000000000000000000e+00 2.651084946881656634e+00
4.000000000000000000e+00 5.716315246195563304e+00
4.000000000000000000e+00 3.056855998111984718e+00
3.000000000000000000e+00 3.024221657364889015e+00
3.000000000000000000e+00 3.611407521404718324e+00
2.000000000000000000e+00 3.332376450210821517e+00
3.000000000000000000e+00 4.507199734163005012e+00
4.000000000000000000e+00 7.430947545675667953e+00
2.000000000000000000e+00 6.998933697673781040e+00
2.000000000000000000e+00 3.062980863307296353e+00
4.000000000000000000e+00 2.062848578409151035e+00
2.000000000000000000e+00 2.201987889185799574e+00
2.000000000000000000e+00 5.799397191211852487e+00
3.000000000000000000e+00 4.084557239495134162e+00
4.000000000000000000e+00 1.299104592239733513e+00
3.000000000000000000e+00 1.004320746210547899e+00
4.000000000000000000e+00 8.752266920040265852e-01
4.000000000000000000e+00 4.102720446992729642e+00
4.000000000000000000e+00 5.625190033929271749e+00
4.000000000000000000e+00 5.868324007209308135e+00
4.000000000000000000e+00 7.062038565226815834e+00
4.000000000000000000e+00 5.496040787002640648e+00
2.000000000000000000e+00 2.360465017465144477e+00
4.000000000000000000e+00 4.294640046152752078e+00
2.000000000000000000e+00 1.058595155788939701e+00
2.000000000000000000e+00 1.296674089825743392e+00
3.000000000000000000e+00 4.065972945115369441e+00
2.000000000000000000e+00 3.592099672566265056e+00
4.000000000000000000e+00 3.004784101300299159e+00
2.000000000000000000e+00 3.807163953537772372e+00
4.000000000000000000e+00 2.046501814042117839e+00
3.000000000000000000e+00 2.032304264580602648e+00
2.000000000000000000e+00 2.014055911585239222e+00
4.000000000000000000e+00 5.036546535916073708e+00
3.000000000000000000e+00 4.891457237168799210e+00
2.000000000000000000e+00 3.450264917579858981e+00
2.000000000000000000e+00 2.746884277409832098e+00
4.000000000000000000e+00 3.682260237230011501e+00
3.000000000000000000e+00 2.370824289155323061e+00
2.000000000000000000e+00 3.583030696255549596e+00
4.000000000000000000e+00 2.081152174094652363e+00
2.000000000000000000e+00 2.537254832365124724e+00
3.000000000000000000e+00 5.097234404245965855e+00
3.000000000000000000e+00 3.413030137730901359e+00
2.000000000000000000e+00 2.285234593510287127e+00
3.000000000000000000e+00 4.797145407788560689e+00
4.000000000000000000e+00 5.670602027976375581e+00
3.000000000000000000e+00 5.141034229474220396e+00
4.000000000000000000e+00 6.769531635979783024e-01
4.000000000000000000e+00 2.383293246249242436e+00
3.000000000000000000e+00 1.613043282161069403e+00
2.000000000000000000e+00 5.272185395701713517e+00
4.000000000000000000e+00 5.719062689325191684e+00
3.000000000000000000e+00 2.917856038657624662e+00
2.000000000000000000e+00 3.303862537105337172e+00
2.000000000000000000e+00 6.402048893377391359e+00
4.000000000000000000e+00 5.588107371410804269e+00
4.000000000000000000e+00 6.054490364801082158e+00
3.000000000000000000e+00 4.562377179507309144e+00
2.000000000000000000e+00 3.319455378716824612e+00
4.000000000000000000e+00 2.077020565498693738e+00
4.000000000000000000e+00 1.562806750973672942e+00
2.000000000000000000e+00 2.374987955927333694e+00
2.000000000000000000e+00 2.481792315885015476e+00
4.000000000000000000e+00 6.040803466100793884e+00
4.000000000000000000e+00 2.933928957255501402e+00
4.000000000000000000e+00 5.905099757891781209e+00
2.000000000000000000e+00 5.050245130969207574e-01
3.000000000000000000e+00 4.477619254412402050e+00
3.000000000000000000e+00 1.646111607155678724e+00
0.000000000000000000e+00 6.328365458844202429e+00
4.000000000000000000e+00 4.986396758756050041e+00
4.000000000000000000e+00 4.697831442132583746e+00
4.000000000000000000e+00 5.065578739653370022e+00
4.000000000000000000e+00 2.657866978755532461e+00
2.000000000000000000e+00 3.999255232832944706e+00
2.000000000000000000e+00 4.564168369456767849e+00
3.000000000000000000e+00 2.479403543020423761e+00
4.000000000000000000e+00 1.554091655449929110e+00
2.000000000000000000e+00 8.506970520627216814e+00
4.000000000000000000e+00 5.703842053436552817e+00
2.000000000000000000e+00 1.350858815834721671e+00
2.000000000000000000e+00 2.007564131184128797e+00
4.000000000000000000e+00 3.852086632098360219e+00
4.000000000000000000e+00 3.004358376524384866e+00
4.000000000000000000e+00 1.157916854254466443e+00
4.000000000000000000e+00 4.523019205711709567e+00
4.000000000000000000e+00 8.910236179798866063e-01
4.000000000000000000e+00 1.182975211074000166e+00
2.000000000000000000e+00 5.575657826839534259e+00
2.000000000000000000e+00 6.447977549547486475e+00
4.000000000000000000e+00 2.456279799200691727e+00
2.000000000000000000e+00 3.095954240592735829e+00
3.000000000000000000e+00 3.220389517471288432e+00
4.000000000000000000e+00 1.240413810574620301e+00
2.000000000000000000e+00 7.221779023750807269e+00
2.000000000000000000e+00 1.819603313444877690e+00
2.000000000000000000e+00 6.239752605324775381e-01
4.000000000000000000e+00 1.619133948259836364e+00
4.000000000000000000e+00 5.164334394080675850e+00
4.000000000000000000e+00 5.817602856410566403e+00
3.000000000000000000e+00 2.510968996307992640e+00
2.000000000000000000e+00 5.029301252905185038e+00
4.000000000000000000e+00 2.103474605478389936e+00
4.000000000000000000e+00 3.145146619426707257e+00
4.000000000000000000e+00 3.426466428059243619e+00
3.000000000000000000e+00 2.411409632374099221e+00
3.000000000000000000e+00 1.807925783095113870e+00
4.000000000000000000e+00 6.056015214042215433e+00
2.000000000000000000e+00 8.378490945552098168e+00
4.000000000000000000e+00 4.090976711526445264e+00
3.000000000000000000e+00 2.040550106452081902e+00
3.000000000000000000e+00 1.784306433658466862e+00
4.000000000000000000e+00 5.145271645158191021e+00
3.000000000000000000e+00 3.605008795049847947e+00
2.000000000000000000e+00 6.605762010235961768e+00
2.000000000000000000e+00 2.529969116040457155e+00
2.000000000000000000e+00 1.667409803967332627e+00
2.000000000000000000e+00 3.476129372753423485e+00
3.000000000000000000e+00 1.819296561317416794e+00
4.000000000000000000e+00 5.836560938227798978e+00
4.000000000000000000e+00 1.835876223832741738e+00
2.000000000000000000e+00 3.352316022545017926e+00
4.000000000000000000e+00 7.045791458632123749e+00
3.000000000000000000e+00 3.305775840738015336e+00
2.000000000000000000e+00 8.410043882982384256e-01
4.000000000000000000e+00 2.324941234128910850e+00
2.000000000000000000e+00 3.542020456628240055e+00
2.000000000000000000e+00 8.031750238924971752e-01
2.000000000000000000e+00 7.630847606985327047e+00
2.000000000000000000e+00 4.073778151339467191e-01
3.000000000000000000e+00 4.545158407396983513e+00
2.000000000000000000e+00 6.895233973819327566e+00
2.000000000000000000e+00 4.857162039305922718e+00
2.000000000000000000e+00 2.675969828555731400e+00
3.000000000000000000e+00 3.073635917722613353e+00
4.000000000000000000e+00 2.768481546599280918e+00
2.000000000000000000e+00 6.962237743409009916e+00
2.000000000000000000e+00 4.856016353915994621e+00
4.000000000000000000e+00 7.887137615080774822e-01
2.000000000000000000e+00 7.521902758316012516e+00
2.000000000000000000e+00 5.856340392578387899e+00
3.000000000000000000e+00 2.665589319941310098e+00
2.000000000000000000e+00 6.161533454077874339e+00
2.000000000000000000e+00 1.317226823355958309e+00
3.000000000000000000e+00 2.528002984315127932e+00
3.000000000000000000e+00 3.936463481115719532e+00
4.000000000000000000e+00 5.663549866342846961e+00
3.000000000000000000e+00 2.009412100705890047e+00
3.000000000000000000e+00 2.688736288610536374e+00
3.000000000000000000e+00 2.190092855066548605e+00
2.000000000000000000e+00 4.441867720340649583e+00
2.000000000000000000e+00 8.819574541923456135e-01
4.000000000000000000e+00 5.994860442114708476e+00
4.000000000000000000e+00 2.842405288274290065e+00
4.000000000000000000e+00 2.294110239363712722e+00
2.000000000000000000e+00 1.914072161317737164e+00
2.000000000000000000e+00 0.000000000000000000e+00
3.000000000000000000e+00 3.505154910239272059e+00
2.000000000000000000e+00 6.889552817078273605e+00
2.000000000000000000e+00 5.245620153401036490e+00
3.000000000000000000e+00 3.166556412446972057e+00
3.000000000000000000e+00 4.077031006628032195e+00
2.000000000000000000e+00 4.295732350160266222e+00
4.000000000000000000e+00 1.819206382869133609e+00
3.000000000000000000e+00 4.123781463989677931e+00
3.000000000000000000e+00 2.902137559843982917e+00
2.000000000000000000e+00 1.502355190333234836e+00
2.000000000000000000e+00 3.459856499519186279e+00
2.000000000000000000e+00 1.119655324981614353e+00
2.000000000000000000e+00 4.661048567002857190e+00
4.000000000000000000e+00 2.023947893535243736e+00
4.000000000000000000e+00 7.205986080148401918e+00
2.000000000000000000e+00 2.980993952568733896e+00
2.000000000000000000e+00 2.060066219652360253e+00
3.000000000000000000e+00 2.787347136638276712e+00
4.000000000000000000e+00 1.063021447935903030e+00
2.000000000000000000e+00 8.476767929353275832e+00
2.000000000000000000e+00 2.185624217253054891e+00
2.000000000000000000e+00 5.518180293339460807e-01
2.000000000000000000e+00 1.683506340800260181e+00
4.000000000000000000e+00 1.924094076906117223e+00
2.000000000000000000e+00 3.920569743574968236e+00
2.000000000000000000e+00 5.241400470801203859e+00
4.000000000000000000e+00 3.416647703574953621e+00
3.000000000000000000e+00 3.768012774732579562e+00
3.000000000000000000e+00 2.224057611526252032e+00
4.000000000000000000e+00 1.600527774767661615e+00
2.000000000000000000e+00 6.448755708512353024e+00
3.000000000000000000e+00 1.489961722027367319e+00
2.000000000000000000e+00 5.772973412310232533e+00
2.000000000000000000e+00 4.036553772365085280e+00
3.000000000000000000e+00 3.643744356854785593e+00
2.000000000000000000e+00 1.240411710858819960e+00
3.000000000000000000e+00 2.737148214820113612e+00
3.000000000000000000e+00 2.174242891349658535e+00
3.000000000000000000e+00 2.503300687695219739e+00
3.000000000000000000e+00 3.856799631668708539e+00
3.000000000000000000e+00 6.231777085540457506e-01
3.000000000000000000e+00 3.140973131613694402e+00
3.000000000000000000e+00 3.141597057461558151e+00
3.000000000000000000e+00 3.443807475283156005e+00
4.000000000000000000e+00 1.599531012500636118e+00
2.000000000000000000e+00 3.296425065134256371e+00
3.000000000000000000e+00 1.714405722451629588e+00
3.000000000000000000e+00 4.382852215257554640e+00
2.000000000000000000e+00 1.190618350957576954e+00
4.000000000000000000e+00 6.299320883312315544e+00
4.000000000000000000e+00 1.941055271157189788e+00
2.000000000000000000e+00 6.095991485686392153e+00
4.000000000000000000e+00 3.512473080397733760e+00
2.000000000000000000e+00 5.051270962014642762e+00
4.000000000000000000e+00 4.473277053797518832e+00
3.000000000000000000e+00 3.156367079743454429e+00
2.000000000000000000e+00 3.635576049475937488e+00
3.000000000000000000e+00 4.323045370307296409e+00
4.000000000000000000e+00 1.992964595278075013e+00
3.000000000000000000e+00 2.455515809323777887e+00
4.000000000000000000e+00 1.931279527980384936e+00
4.000000000000000000e+00 5.156708235065863732e+00
4.000000000000000000e+00 1.772475254456479021e+00
4.000000000000000000e+00 4.632588343336506043e+00
4.000000000000000000e+00 2.207414149626391264e+00
2.000000000000000000e+00 7.202387901130347103e+00
3.000000000000000000e+00 3.067775563404128825e+00
2.000000000000000000e+00 6.230413484574854444e+00
2.000000000000000000e+00 3.701849567079404935e+00
4.000000000000000000e+00 5.031476753390277112e-01
4.000000000000000000e+00 2.005048867512228217e+00
3.000000000000000000e+00 2.744038323595822781e+00
3.000000000000000000e+00 4.164266626141832184e+00
2.000000000000000000e+00 4.066130542478517462e+00
2.000000000000000000e+00 1.833565836352102574e+00
2.000000000000000000e+00 1.391063410455910310e+00
4.000000000000000000e+00 1.374049984594921447e+00
2.000000000000000000e+00 8.079239218631965258e+00
4.000000000000000000e+00 1.529251189191286331e+00
2.000000000000000000e+00 1.142561865152959433e+00
2.000000000000000000e+00 1.475437914887873347e+00
2.000000000000000000e+00 8.176866858393163184e+00
4.000000000000000000e+00 1.185501620153538438e+00
2.000000000000000000e+00 1.627076845102951363e+00
2.000000000000000000e+00 8.192714621930541341e+00
2.000000000000000000e+00 7.016096472877765500e+00
2.000000000000000000e+00 1.419549568404367523e+00
4.000000000000000000e+00 4.971715914044461115e+00
3.000000000000000000e+00 1.821635173345540482e+00
4.000000000000000000e+00 4.012502901427003055e-01
3.000000000000000000e+00 2.469848078956510484e+00
2.000000000000000000e+00 6.874082523289338553e+00
2.000000000000000000e+00 4.216859846496217479e+00
3.000000000000000000e+00 4.279410150278401659e+00
3.000000000000000000e+00 2.199822725241594501e+00
2.000000000000000000e+00 3.294383462839248544e+00
3.000000000000000000e+00 4.188288221488544849e+00
4.000000000000000000e+00 5.979555687233710337e+00
2.000000000000000000e+00 7.499293436472211027e+00
4.000000000000000000e+00 4.091850776365347997e+00
3.000000000000000000e+00 2.401056484656369783e+00
2.000000000000000000e+00 4.423107492844120081e+00
3.000000000000000000e+00 4.019457663824594462e+00
2.000000000000000000e+00 6.444465270160349313e+00
3.000000000000000000e+00 3.574007368941896079e+00
4.000000000000000000e+00 2.534874443102152597e+00
4.000000000000000000e+00 2.310841295683819574e+00
3.000000000000000000e+00 3.320624140515000544e+00
3.000000000000000000e+00 0.000000000000000000e+00
4.000000000000000000e+00 3.017639336070700562e+00
3.000000000000000000e+00 3.546139383672747947e+00
3.000000000000000000e+00 3.091411512912457304e+00
3.000000000000000000e+00 2.433173680546073303e+00
4.000000000000000000e+00 6.806960912230695548e+00
2.000000000000000000e+00 2.895104683455121286e+00
2.000000000000000000e+00 1.343670877521810025e+00
3.000000000000000000e+00 3.115469281254587219e+00
4.000000000000000000e+00 2.151610304307459920e+00
2.000000000000000000e+00 6.524457935878076320e-01
3.000000000000000000e+00 4.220205608533995623e+00
3.000000000000000000e+00 1.035420391087614883e-01
3.000000000000000000e+00 3.106259939593198016e+00
2.000000000000000000e+00 7.410437539537277019e+00
2.000000000000000000e+00 1.601184278931893523e+00
3.000000000000000000e+00 3.008055517529664158e+00
4.000000000000000000e+00 6.534509375660737085e+00
2.000000000000000000e+00 4.163525454414076066e+00
2.000000000000000000e+00 3.087980322669955591e+00
4.000000000000000000e+00 5.237254158778411828e+00
2.000000000000000000e+00 1.779482605615750668e+00
2.000000000000000000e+00 6.180885261795299179e+00
4.000000000000000000e+00 8.678185041452175508e-01
4.000000000000000000e+00 3.432240385292846252e+00
4.000000000000000000e+00 6.217190929993024362e+00
4.000000000000000000e+00 2.863157507752473574e+00
3.000000000000000000e+00 3.488444195921872826e+00
4.000000000000000000e+00 0.000000000000000000e+00
3.000000000000000000e+00 4.894648569185243936e+00
2.000000000000000000e+00 4.059373222984611118e+00
2.000000000000000000e+00 6.739987608747011194e-01
4.000000000000000000e+00 2.562479399527261226e+00
2.000000000000000000e+00 6.846082184985601060e+00
4.000000000000000000e+00 2.535962279635810113e+00
4.000000000000000000e+00 3.083478228081352857e+00
3.000000000000000000e+00 4.335491533204606007e+00
2.000000000000000000e+00 3.163919032815572852e+00
4.000000000000000000e+00 4.596775435604184779e+00
2.000000000000000000e+00 4.805226119652558303e+00
4.000000000000000000e+00 2.475592474151428579e+00
3.000000000000000000e+00 9.153337358758805165e-01
2.000000000000000000e+00 2.329811296677377186e+00
2.000000000000000000e+00 3.910374274329194932e+00
4.000000000000000000e+00 2.701622390768527726e+00
4.000000000000000000e+00 5.745244226551089461e+00
2.000000000000000000e+00 8.034328450621147644e-01
3.000000000000000000e+00 3.580137278768644293e+00
3.000000000000000000e+00 2.604734411868151245e+00
2.000000000000000000e+00 2.105158842568331412e+00
2.000000000000000000e+00 1.868985780376437145e+00
2.000000000000000000e+00 4.030129135622455117e+00
4.000000000000000000e+00 6.156494969175952292e+00
2.000000000000000000e+00 3.852822030191229263e+00
4.000000000000000000e+00 5.570088422580657728e+00
4.000000000000000000e+00 4.000324923060563975e+00
3.000000000000000000e+00 1.156654497683759830e+00
2.000000000000000000e+00 5.838417519351352780e+00
2.000000000000000000e+00 2.901723943953122387e+00
3.000000000000000000e+00 3.314236926440506714e+00
2.000000000000000000e+00 1.652188294634168830e+00
3.000000000000000000e+00 4.023157548798229399e+00
