2.000000000000000000e+00 4.227162957924285536e+00
2.000000000000000000e+00 5.164106840274515164e+00
2.000000000000000000e+00 2.939676008306847166e+00
4.000000000000000000e+00 1.328234075789749724e+00
2.000000000000000000e+00 2.170739882705462254e+00
4.000000000000000000e+00 3.457067280771123574e+00
2.000000000000000000e+00 3.212927433390374343e+00
1.000000000000000000e+00 2.115563505416816259e+00
1.000000000000000000e+00 1.521487916314385069e+00
2.000000000000000000e+00 4.960061402092827976e+00
1.000000000000000000e+00 4.206871190275546013e+00
2.000000000000000000e+00 5.681879741479121115e+00
4.000000000000000000e+00 1.997183212472469771e+00
1.000000000000000000e+00 2.325686744023872432e+00
1.000000000000000000e+00 1.947420076904063935e+00
2.000000000000000000e+00 4.344858063498421963e+00
2.000000000000000000e+00 5.094519036452753724e+00
1.000000000000000000e+00 2.790054784627757467e+00
2.000000000000000000e+00 2.591294764503762504e+00
1.000000000000000000e+00 5.406468737587802664e+00
1.000000000000000000e+00 3.008331772200810494e+00
2.000000000000000000e+00 4.468113753946585831e+00
2.000000000000000000e+00 2.946262915274808325e+00
2.000000000000000000e+00 3.918134340464646037e+00
1.000000000000000000e+00 1.712475998623389062e+00
1.000000000000000000e+00 9.956054284172543012e-01
4.000000000000000000e+00 3.651029402627310461e+00
2.000000000000000000e+00 4.876109691504503019e+00
2.000000000000000000e+00 1.634211127416031140e+00
2.000000000000000000e+00 2.980542073923637236e+00
4.000000000000000000e+00 3.395045191478780033e+00
4.000000000000000000e+00 4.248766512114545257e+00
2.000000000000000000e+00 6.133872096076367519e+00
2.000000000000000000e+00 2.192266770961111444e+00
2.000000000000000000e+00 3.842990295563364800e+00
1.000000000000000000e+00 0.000000000000000000e+00
2.000000000000000000e+00 4.935250233157537636e+00
1.000000000000000000e+00 6.969029089283371725e+00
1.000000000000000000e+00 1.919052190278988324e+00
2.000000000000000000e+00 4.897655353121968425e+00
4.000000000000000000e+00 4.211803544634057594e+00
1.000000000000000000e+00 1.578599004586737742e+00
1.000000000000000000e+00 2.684761137198187875e+00
4.000000000000000000e+00 2.379401073051226057e+00
2.000000000000000000e+00 5.278533976419693019e+00
4.000000000000000000e+00 3.311673859151698096e+00
2.000000000000000000e+00 4.583157132368607556e+00
1.000000000000000000e+00 3.677784207453725696e+00
2.000000000000000000e+00 5.984929242673744376e+00
4.000000000000000000e+00 2.738336336762489776e+00
1.000000000000000000e+00 1.728148088289557460e+00
1.000000000000000000e+00 3.596376534767272926e+00
2.000000000000000000e+00 4.824972799082329900e+00
4.000000000000000000e+00 1.784717970660296027e+00
2.000000000000000000e+00 4.331002204415492329e+00
4.000000000000000000e+00 1.059795361905357725e+00
1.000000000000000000e+00 4.794769038705468667e+00
2.000000000000000000e+00 5.772168011453661762e+00
4.000000000000000000e+00 3.004816451059117544e+00
1.000000000000000000e+00 1.283044221317276135e+00
4.000000000000000000e+00 0.000000000000000000e+00
2.000000000000000000e+00 1.544178114041746097e+00
2.000000000000000000e+00 3.442829423583435133e+00
1.000000000000000000e+00 1.993953787967630564e+00
4.000000000000000000e+00 2.385648890787241072e+00
2.000000000000000000e+00 1.926143039949341995e+00
4.000000000000000000e+00 1.741475457840340413e+00
1.000000000000000000e+00 4.444998964086190441e+00
2.000000000000000000e+00 4.967096411251273658e+00
4.000000000000000000e+00 7.262232793337944914e-01
4.000000000000000000e+00 3.606512488497565894e+00
1.000000000000000000e+00 3.649586429546886279e+00
1.000000000000000000e+00 3.366628327566419276e+00
2.000000000000000000e+00 2.797223087017538745e+00
4.000000000000000000e+00 4.061855682490509878e+00
1.000000000000000000e+00 4.789375251800415789e+00
4.000000000000000000e+00 2.328697201113941517e+00
4.000000000000000000e+00 3.979938311183599531e+00
2.000000000000000000e+00 1.088275851028017716e+00
2.000000000000000000e+00 4.436128929722630510e+00
2.000000000000000000e+00 1.223608881362051592e+00
1.000000000000000000e+00 1.525587910842902017e+00
2.000000000000000000e+00 3.356104701659409439e+00
2.000000000000000000e+00 5.090896139284738275e+00
4.000000000000000000e+00 1.512886984274556257e+00
1.000000000000000000e+00 2.433567402384670508e+00
4.000000000000000000e+00 2.218503688237325910e+00
1.000000000000000000e+00 3.856752039555001232e+00
2.000000000000000000e+00 5.214147310516458411e+00
2.000000000000000000e+00 5.092034841322675476e+00
1.000000000000000000e+00 5.113489520914871633e+00
2.000000000000000000e+00 6.051444560851986232e+00
1.000000000000000000e+00 2.339593495457589878e+00
2.000000000000000000e+00 2.068645793039335601e+00
1.000000000000000000e+00 5.987052864076678027e+00
2.000000000000000000e+00 2.886722440757618191e+00
1.000000000000000000e+00 4.917712186669747965e+00
2.000000000000000000e+00 2.579323001683128336e+00
1.000000000000000000e+00 5.551038966293710075e+00
4.000000000000000000e+00 2.528722795845435911e+00
4.000000000000000000e+00 4.769488905856068328e+00
4.000000000000000000e+00 1.319716336219946884e+00
1.000000000000000000e+00 2.223191130178162389e+00
2.000000000000000000e+00 4.278369120875792575e+00
2.000000000000000000e+00 3.368271963225871080e+00
2.000000000000000000e+00 4.651511405129440391e+00
4.000000000000000000e+00 3.231044221930935212e+00
1.000000000000000000e+00 1.193809897637108985e+00
2.000000000000000000e+00 1.890977185206530020e+00
4.000000000000000000e+00 4.762149917601581350e+00
1.000000000000000000e+00 2.930735487824833285e+00
2.000000000000000000e+00 5.384341492895988068e+00
2.000000000000000000e+00 6.468031980102464829e+00
2.000000000000000000e+00 6.072397319383092906e+00
1.000000000000000000e+00 4.665540818695535386e+00
1.000000000000000000e+00 4.426145998898550538e+00
4.000000000000000000e+00 4.232809914957931241e+00
2.000000000000000000e+00 3.362679367300691613e+00
1.000000000000000000e+00 2.021226587123909013e+00
2.000000000000000000e+00 4.417871662098954211e+00
1.000000000000000000e+00 6.247956325598343241e+00
1.000000000000000000e+00 4.258104426444387691e+00
2.000000000000000000e+00 5.113652710302947213e+00
1.000000000000000000e+00 4.728658263603509049e+00
4.000000000000000000e+00 8.155728147217602420e-01
4.000000000000000000e+00 3.085005741042597283e+00
1.000000000000000000e+00 4.763456829854506580e+00
4.000000000000000000e+00 3.919413251958211220e+00
1.000000000000000000e+00 2.321342074027425539e+00
2.000000000000000000e+00 3.534130096590136549e+00
1.000000000000000000e+00 3.294582577076773156e+00
4.000000000000000000e+00 1.778324668086140425e+00
1.000000000000000000e+00 3.400804843202343553e-01
4.000000000000000000e+00 3.484953824836740210e+00
2.000000000000000000e+00 4.064956731044035543e+00
2.000000000000000000e+00 6.212993207563517473e+00
4.000000000000000000e+00 2.941823569557193707e+00
2.000000000000000000e+00 6.130190018124380691e-01
4.000000000000000000e+00 3.724904772536538733e+00
4.000000000000000000e+00 3.099236175815816008e+00
1.000000000000000000e+00 5.904577140895311160e+00
2.000000000000000000e+00 1.814697225443040907e+00
1.000000000000000000e+00 4.793337943731889261e+00
2.000000000000000000e+00 4.645441897569863698e+00
2.000000000000000000e+00 4.193201658333783222e+00
1.000000000000000000e+00 1.460352403186640391e+00
2.000000000000000000e+00 5.394825983524030200e+00
2.000000000000000000e+00 5.112394623246744985e+00
1.000000000000000000e+00 3.150060989346846974e+00
1.000000000000000000e+00 1.798930117646646343e+00
4.000000000000000000e+00 3.024186374851255188e+00
2.000000000000000000e+00 1.095939143965905638e+00
1.000000000000000000e+00 1.599572209633511655e+00
1.000000000000000000e+00 5.398561938219540224e+00
4.000000000000000000e+00 2.646086921651806811e-01
1.000000000000000000e+00 5.034128697420397813e+00
2.000000000000000000e+00 1.812518806599752841e+00
2.000000000000000000e+00 4.642962361830869078e+00
1.000000000000000000e+00 4.519847136962730771e-01
2.000000000000000000e+00 4.476218133049377101e+00
1.000000000000000000e+00 4.839131719174638135e+00
2.000000000000000000e+00 2.073442814700230841e+00
1.000000000000000000e+00 4.352582200457290718e+00
2.000000000000000000e+00 3.055287543908170367e+00
1.000000000000000000e+00 6.289842549396666982e+00
1.000000000000000000e+00 5.914773958955564126e+00
1.000000000000000000e+00 2.886391851654622531e+00
1.000000000000000000e+00 5.726384531963740754e-01
1.000000000000000000e+00 3.492623323093370757e+00
1.000000000000000000e+00 3.024979402963503539e+00
4.000000000000000000e+00 4.021944534042861896e+00
2.000000000000000000e+00 5.147506370025532796e+00
2.000000000000000000e+00 4.157442899192082209e+00
1.000000000000000000e+00 2.047669860929405949e+00
2.000000000000000000e+00 3.463963412933582786e-01
4.000000000000000000e+00 1.016922105324289394e+00
4.000000000000000000e+00 7.796062753771002551e-01
4.000000000000000000e+00 1.881718211921045603e+00
2.000000000000000000e+00 4.467715176624205142e+00
1.000000000000000000e+00 1.171472672073788024e+00
4.000000000000000000e+00 1.697534952266550823e+00
1.000000000000000000e+00 2.879568988452248401e+00
4.000000000000000000e+00 2.701645927178522477e+00
1.000000000000000000e+00 3.040411929205415920e+00
4.000000000000000000e+00 3.270250008231532224e+00
1.000000000000000000e+00 5.280388707262652304e+00
1.000000000000000000e+00 5.132581350175885682e+00
4.000000000000000000e+00 6.491611930092381355e-01
4.000000000000000000e+00 1.450929285937475388e+00
1.000000000000000000e+00 4.469479612997886875e+00
1.000000000000000000e+00 3.224217774496563660e+00
2.000000000000000000e+00 4.653921725056591185e+00
2.000000000000000000e+00 4.220529241410686971e+00
1.000000000000000000e+00 1.963194412701865899e+00
1.000000000000000000e+00 3.193860295634681989e+00
4.000000000000000000e+00 3.989458589117607090e+00
4.000000000000000000e+00 5.392356315506569686e+00
4.000000000000000000e+00 8.722540676038997853e-01
4.000000000000000000e+00 3.810747529709200609e+00
1.000000000000000000e+00 1.510782344199848692e+00
1.000000000000000000e+00 3.081586113435643259e+00
2.000000000000000000e+00 3.111039504038785708e+00
4.000000000000000000e+00 1.437975631452887315e+00
1.000000000000000000e+00 1.727225485795119475e+00
1.000000000000000000e+00 5.605045704981334254e+00
4.000000000000000000e+00 2.061929061660751294e+00
1.000000000000000000e+00 2.990403063224069680e+00
2.000000000000000000e+00 5.935668647838808099e+00
4.000000000000000000e+00 3.236740204011531841e+00
2.000000000000000000e+00 5.604439393535084690e+00
4.000000000000000000e+00 2.004935970998456884e+00
1.000000000000000000e+00 5.735183998666944838e+00
1.000000000000000000e+00 3.094253222435393358e+00
1.000000000000000000e+00 1.612699850124968526e+00
2.000000000000000000e+00 3.467263842221134373e-01
2.000000000000000000e+00 4.772555894451817160e+00
2.000000000000000000e+00 3.056821778664491784e+00
4.000000000000000000e+00 1.326392879278591064e+00
4.000000000000000000e+00 2.611334377692304365e+00
4.000000000000000000e+00 2.894021315041816145e+00
1.000000000000000000e+00 3.649679982762672914e+00
2.000000000000000000e+00 6.024480664560007526e+00
1.000000000000000000e+00 1.432187476736673348e+00
2.000000000000000000e+00 3.415426852646421096e+00
2.000000000000000000e+00 2.558773796540473544e+00
2.000000000000000000e+00 4.280289258161191768e+00
4.000000000000000000e+00 2.190708176665357776e+00
2.000000000000000000e+00 5.730886948879696519e+00
2.000000000000000000e+00 4.226332844012676837e+00
2.000000000000000000e+00 4.777690807566666642e+00
1.000000000000000000e+00 3.177340132834221009e+00
2.000000000000000000e+00 5.316655655591270957e+00
1.000000000000000000e+00 4.027299274805627327e+00
1.000000000000000000e+00 2.905394197204290485e+00
2.000000000000000000e+00 2.585696674557466768e+00
1.000000000000000000e+00 4.009700519195591006e+00
4.000000000000000000e+00 2.790409686171432924e+00
1.000000000000000000e+00 5.221785284008550576e+00
4.000000000000000000e+00 2.417277768314336495e+00
2.000000000000000000e+00 2.605652498160772268e+00
1.000000000000000000e+00 2.873040457501687239e+00
1.000000000000000000e+00 5.006964190407029669e+00
2.000000000000000000e+00 1.116144674699091066e+00
4.000000000000000000e+00 1.338969423585703256e+00
1.000000000000000000e+00 3.699818676530023609e+00
1.000000000000000000e+00 5.541290189449089354e+00
4.000000000000000000e+00 4.481161640912774580e+00
2.000000000000000000e+00 5.026228723055815806e+00
4.000000000000000000e+00 3.259399083954310328e+00
4.000000000000000000e+00 2.772360100915709058e+00
4.000000000000000000e+00 2.767702014380025055e+00
4.000000000000000000e+00 2.553820778411652004e+00
2.000000000000000000e+00 3.319046420707052025e+00
2.000000000000000000e+00 4.868724302669291681e+00
1.000000000000000000e+00 5.455034294697925112e+00
1.000000000000000000e+00 4.642649349238310297e-01
2.000000000000000000e+00 5.363916416171805146e+00
4.000000000000000000e+00 3.289772028950182392e+00
4.000000000000000000e+00 2.982377281554606796e+00
1.000000000000000000e+00 2.693237603645090239e+00
4.000000000000000000e+00 3.683558081529765271e+00
4.000000000000000000e+00 1.541740282961508779e+00
4.000000000000000000e+00 4.308573334476249350e+00
4.000000000000000000e+00 9.125511062712551302e-01
1.000000000000000000e+00 3.134190482575561987e+00
1.000000000000000000e+00 2.810423409975635334e+00
4.000000000000000000e+00 2.360181941080557344e+00
1.000000000000000000e+00 2.418143296851692714e+00
2.000000000000000000e+00 4.038931341625977112e+00
4.000000000000000000e+00 3.624183979499703057e+00
4.000000000000000000e+00 4.928402628475335945e+00
1.000000000000000000e+00 2.485682832190021507e+00
1.000000000000000000e+00 4.013213206947318312e+00
2.000000000000000000e+00 3.920223863409328935e+00
1.000000000000000000e+00 3.500786488142821451e+00
2.000000000000000000e+00 7.084342554759188726e-01
2.000000000000000000e+00 3.930733042534772181e+00
2.000000000000000000e+00 1.363386440962546686e+00
4.000000000000000000e+00 2.950304675470655003e+00
4.000000000000000000e+00 2.856678384868553966e+00
2.000000000000000000e+00 3.269641608733782512e+00
1.000000000000000000e+00 5.774630907513361500e+00
1.000000000000000000e+00 5.057359667060322472e+00
1.000000000000000000e+00 1.985572476110849083e+00
2.000000000000000000e+00 2.982999268901977974e+00
2.000000000000000000e+00 4.736656148381153120e-01
2.000000000000000000e+00 3.891952500631252754e+00
4.000000000000000000e+00 4.934929007127106360e+00
1.000000000000000000e+00 5.266934092015140401e+00
4.000000000000000000e+00 3.781538602956521888e+00
2.000000000000000000e+00 4.734256962421413029e+00
2.000000000000000000e+00 5.361529929684031970e+00
2.000000000000000000e+00 3.592368969733033879e+00
4.000000000000000000e+00 7.911659364438451414e-01
1.000000000000000000e+00 5.221030132260801260e+00
4.000000000000000000e+00 4.440533647636740078e+00
2.000000000000000000e+00 9.683129411309679968e-01
1.000000000000000000e+00 1.289895457272312473e+00
2.000000000000000000e+00 4.356807862809704446e+00
4.000000000000000000e+00 2.575719848024698777e+00
2.000000000000000000e+00 5.207888116181130123e+00
2.000000000000000000e+00 4.084451796307960514e+00
2.000000000000000000e+00 2.599328876741672456e+00
4.000000000000000000e+00 2.201462144126139275e+00
2.000000000000000000e+00 2.214395663302048511e+00
1.000000000000000000e+00 3.548769171172101000e+00
1.000000000000000000e+00 1.503194489516646914e+00
2.000000000000000000e+00 4.274745183450908037e+00
2.000000000000000000e+00 5.689523307923401774e+00
1.000000000000000000e+00 4.312450908733477029e+00
4.000000000000000000e+00 2.404702621244568517e-01
1.000000000000000000e+00 2.088656507111521510e+00
2.000000000000000000e+00 1.223064666576370696e+00
1.000000000000000000e+00 2.346790091203912354e+00
4.000000000000000000e+00 4.127256875045002715e+00
1.000000000000000000e+00 1.069321167626679836e+00
2.000000000000000000e+00 1.914467890776716308e+00
1.000000000000000000e+00 4.920208196369751263e+00
1.000000000000000000e+00 3.080470882963855850e+00
4.000000000000000000e+00 1.890627381748330560e+00
2.000000000000000000e+00 4.577421070383016044e+00
2.000000000000000000e+00 5.137219919095336707e+00
2.000000000000000000e+00 3.403316737041707452e+00
2.000000000000000000e+00 4.945761910514502091e+00
2.000000000000000000e+00 4.765346108836868488e+00
2.000000000000000000e+00 2.321836766927720230e+00
2.000000000000000000e+00 9.448985647447764036e-01
2.000000000000000000e+00 1.656374441528013053e+00
1.000000000000000000e+00 2.088168303198562725e+00
2.000000000000000000e+00 4.159547791102799152e+00
4.000000000000000000e+00 2.806948058378198496e+00
2.000000000000000000e+00 2.291864858775584768e+00
1.000000000000000000e+00 5.056409124560979684e+00
4.000000000000000000e+00 4.149061568003864942e+00
2.000000000000000000e+00 5.215250099440321918e+00
1.000000000000000000e+00 5.942389420286278146e+00
2.000000000000000000e+00 5.038926907257104126e+00
2.000000000000000000e+00 3.656122486025943363e+00
1.000000000000000000e+00 2.155183916608870653e+00
2.000000000000000000e+00 2.183030890706389560e+00
1.000000000000000000e+00 1.405852354656749625e+00
2.000000000000000000e+00 6.171007839398576778e+00
4.000000000000000000e+00 3.026455163721709418e+00
2.000000000000000000e+00 5.134320088935753645e+00
2.000000000000000000e+00 3.378189609451413222e+00
1.000000000000000000e+00 3.742235072942001306e+00
1.000000000000000000e+00 2.146126217790664370e+00
2.000000000000000000e+00 6.020047548513030478e+00
1.000000000000000000e+00 2.045406215802677785e+00
1.000000000000000000e+00 3.902597847512960794e+00
1.000000000000000000e+00 4.037539818934206437e+00
1.000000000000000000e+00 5.121303075084144396e+00
1.000000000000000000e+00 5.805580398178775248e+00
4.000000000000000000e+00 4.596728533323119592e+00
4.000000000000000000e+00 2.110202220419128416e+00
2.000000000000000000e+00 4.680594983102350781e+00
2.000000000000000000e+00 2.839945674925465458e+00
1.000000000000000000e+00 5.620567250859498820e+00
2.000000000000000000e+00 4.532285722572850339e+00
2.000000000000000000e+00 3.934906912327001294e+00
1.000000000000000000e+00 3.432953166365324549e+00
4.000000000000000000e+00 1.742532585053219618e+00
1.000000000000000000e+00 7.037696590733980351e+00
2.000000000000000000e+00 6.907165273053166299e-01
1.000000000000000000e+00 9.008474321421566788e-01
2.000000000000000000e+00 4.893881696117603930e+00
1.000000000000000000e+00 3.233110458352592254e+00
4.000000000000000000e+00 4.490362629226889446e+00
2.000000000000000000e+00 2.432419128955729815e-01
2.000000000000000000e+00 4.846879961893121980e+00
2.000000000000000000e+00 4.612603669633169368e+00
1.000000000000000000e+00 5.375270056168334420e+00
4.000000000000000000e+00 3.837033572846927143e+00
2.000000000000000000e+00 1.137976709069795200e+00
2.000000000000000000e+00 2.934497205072315484e+00
1.000000000000000000e+00 5.473684341254757335e+00
2.000000000000000000e+00 7.765482247313565400e-01
2.000000000000000000e+00 7.757590234939782947e-01
2.000000000000000000e+00 6.131837332961723952e+00
1.000000000000000000e+00 4.314609289568424266e+00
2.000000000000000000e+00 3.125220818110190812e+00
1.000000000000000000e+00 7.941631323674425147e-01
4.000000000000000000e+00 4.528196543696475729e+00
2.000000000000000000e+00 4.305298483585604963e+00
4.000000000000000000e+00 4.587282999518440540e+00
1.000000000000000000e+00 3.739011798753469229e+00
4.000000000000000000e+00 3.448670217972053642e+00
1.000000000000000000e+00 5.179014966237830642e+00
2.000000000000000000e+00 4.458312373415125762e+00
1.000000000000000000e+00 8.160294819595591553e-01
2.000000000000000000e+00 2.438346030745749626e+00
2.000000000000000000e+00 5.723266841995918064e+00
2.000000000000000000e+00 3.153541163215616838e-01
1.000000000000000000e+00 2.519565148919916453e+00
2.000000000000000000e+00 3.292981393024254633e+00
4.000000000000000000e+00 1.923563700279927291e+00
2.000000000000000000e+00 5.445827492341407172e+00
4.000000000000000000e+00 4.676375710667542762e+00
2.000000000000000000e+00 3.677009982689841028e+00
1.000000000000000000e+00 3.947121762394040001e+00
1.000000000000000000e+00 5.939232968617439434e-01
1.000000000000000000e+00 2.348659244620348474e+00
2.000000000000000000e+00 4.807480349470049319e+00
2.000000000000000000e+00 2.405014819598700004e+00
2.000000000000000000e+00 6.048799394868783708e+00
1.000000000000000000e+00 3.988711660437450846e+00
2.000000000000000000e+00 2.187433267023034311e+00
1.000000000000000000e+00 3.113110194543014853e+00
4.000000000000000000e+00 2.500725300506405624e+00
2.000000000000000000e+00 6.531489479351859195e+00
4.000000000000000000e+00 3.322425512072338716e+00
1.000000000000000000e+00 1.324932250548942703e+00
1.000000000000000000e+00 5.718373450463673180e+00
2.000000000000000000e+00 5.287074060978456558e+00
1.000000000000000000e+00 2.213252221368632533e+00
2.000000000000000000e+00 1.369061606078797899e+00
2.000000000000000000e+00 1.696184228635744251e+00
1.000000000000000000e+00 4.204079889335710973e+00
1.000000000000000000e+00 1.495195081740080090e+00
1.000000000000000000e+00 5.425134190104233589e+00
1.000000000000000000e+00 3.864619927914989983e+00
1.000000000000000000e+00 3.360655286178210854e+00
2.000000000000000000e+00 5.735523434664638209e+00
2.000000000000000000e+00 1.510958903462421343e+00
2.000000000000000000e+00 1.893659892754463892e+00
4.000000000000000000e+00 1.843277442266836985e+00
1.000000000000000000e+00 2.661204462362304124e+00
1.000000000000000000e+00 1.683210581946490425e+00
2.000000000000000000e+00 4.161435467408043820e+00
4.000000000000000000e+00 2.289124921841385163e+00
4.000000000000000000e+00 3.516556768521879484e+00
1.000000000000000000e+00 3.976830616339241509e+00
1.000000000000000000e+00 2.488822994407087652e+00
1.000000000000000000e+00 3.304975777530230641e+00
2.000000000000000000e+00 1.173550736649456860e+00
1.000000000000000000e+00 3.198905095799930542e+00
1.000000000000000000e+00 3.112748845049798652e-01
2.000000000000000000e+00 5.830412279580453827e+00
2.000000000000000000e+00 1.048163249194205227e+00
1.000000000000000000e+00 4.439033844242989413e-01
2.000000000000000000e+00 3.735926460837022844e+00
4.000000000000000000e+00 1.709666064294988796e+00
1.000000000000000000e+00 5.340855677086306486e+00
1.000000000000000000e+00 2.102410063483737712e+00
1.000000000000000000e+00 6.127480182601067860e+00
4.000000000000000000e+00 2.814136500717843159e+00
1.000000000000000000e+00 3.567480226792626219e+00
1.000000000000000000e+00 5.458295723721710679e+00
4.000000000000000000e+00 2.212788078972104167e+00
1.000000000000000000e+00 1.952062094806187975e+00
4.000000000000000000e+00 7.665191713517462979e-01
1.000000000000000000e+00 5.389319514395213062e+00
2.000000000000000000e+00 5.219951141853755416e+00
1.000000000000000000e+00 4.651902986210448177e+00
1.000000000000000000e+00 3.915235321430639903e+00
2.000000000000000000e+00 3.245116174489788285e+00
1.000000000000000000e+00 6.354676043585624434e+00
4.000000000000000000e+00 2.995992932953604804e+00
4.000000000000000000e+00 2.858771372745571249e+00
2.000000000000000000e+00 3.284395241311494740e+00
2.000000000000000000e+00 3.129233313529649951e+00
2.000000000000000000e+00 5.294103623501883682e+00
2.000000000000000000e+00 3.919407582639169441e-01
2.000000000000000000e+00 5.001563239638320724e+00
1.000000000000000000e+00 4.518157932854832026e+00
2.000000000000000000e+00 5.020304194484902283e+00
1.000000000000000000e+00 4.456639098106104369e-01
2.000000000000000000e+00 3.600551573736082034e+00
4.000000000000000000e+00 3.582273874704672068e+00
4.000000000000000000e+00 1.964863553152736086e+00
2.000000000000000000e+00 0.000000000000000000e+00
4.000000000000000000e+00 1.770791034214138859e+00
2.000000000000000000e+00 5.148323915516514582e+00
4.000000000000000000e+00 4.518670336764146533e+00
2.000000000000000000e+00 2.391829356215104063e+00
1.000000000000000000e+00 4.353034000298715789e+00
4.000000000000000000e+00 1.093840694938944091e+00
1.000000000000000000e+00 3.631771665308867636e+00
2.000000000000000000e+00 1.439076159134832222e+00
4.000000000000000000e+00 9.977791206106381150e-01
2.000000000000000000e+00 5.188325830912762449e+00
1.000000000000000000e+00 3.017962689129944032e+00
2.000000000000000000e+00 3.674061597232373355e+00
2.000000000000000000e+00 3.070755208384373880e+00
1.000000000000000000e+00 3.151177581295794727e+00
2.000000000000000000e+00 3.100025685161492461e+00
1.000000000000000000e+00 3.321879634149192295e+00
2.000000000000000000e+00 4.678595368348684502e+00
2.000000000000000000e+00 1.795563177849775149e+00
2.000000000000000000e+00 2.166851356645547622e+00
4.000000000000000000e+00 1.172179225681009296e+00
2.000000000000000000e+00 4.637054044640317230e+00
2.000000000000000000e+00 2.257569621241942048e+00
1.000000000000000000e+00 3.371543257365941404e+00
2.000000000000000000e+00 2.825326836292287869e+00
2.000000000000000000e+00 7.009234834767852362e-01
1.000000000000000000e+00 4.189476599684572200e+00
4.000000000000000000e+00 8.962190688914313252e-01
2.000000000000000000e+00 5.981013825400523842e+00
1.000000000000000000e+00 1.599726148170020901e+00
3.000000000000000000e+00 3.063033554774861500e+00
3.000000000000000000e+00 3.260308623817928186e+00
5.000000000000000000e+00 3.267567656796097175e+00
0.000000000000000000e+00 3.618194186620076636e+00
5.000000000000000000e+00 1.958166833268665030e+00
0.000000000000000000e+00 5.491877337052484265e+00
5.000000000000000000e+00 2.649815513403402711e+00
3.000000000000000000e+00 4.154143906339825776e+00
3.000000000000000000e+00 6.688183775401763675e+00
5.000000000000000000e+00 5.238570440124711070e+00
3.000000000000000000e+00 4.037693734292679970e+00
3.000000000000000000e+00 1.651169108990190759e+00
0.000000000000000000e+00 4.368907019186038632e+00
0.000000000000000000e+00 4.692540170004748212e+00
0.000000000000000000e+00 5.231266009528396488e+00
3.000000000000000000e+00 3.139384445273350810e+00
3.000000000000000000e+00 3.294900140154801260e+00
0.000000000000000000e+00 3.835298106960077558e+00
5.000000000000000000e+00 1.996692705834919535e+00
3.000000000000000000e+00 1.349476704829669638e+00
3.000000000000000000e+00 5.666267942477538178e+00
3.000000000000000000e+00 3.423565003832732767e+00
5.000000000000000000e+00 2.475295282395183705e+00
3.000000000000000000e+00 3.366215250112113644e+00
3.000000000000000000e+00 6.389806946550536715e+00
0.000000000000000000e+00 5.607390304984916973e+00
0.000000000000000000e+00 1.922885274744466244e+00
5.000000000000000000e+00 4.916747190501565612e+00
5.000000000000000000e+00 1.605065590038746492e+00
5.000000000000000000e+00 2.576257309382133265e+00
0.000000000000000000e+00 4.194286578419843536e+00
0.000000000000000000e+00 3.109678124419412271e+00
3.000000000000000000e+00 3.441080601747960710e+00
5.000000000000000000e+00 1.537933639572866218e+00
5.000000000000000000e+00 3.138785194859438743e+00
0.000000000000000000e+00 5.656201063478214941e+00
5.000000000000000000e+00 5.250222960017981499e+00
3.000000000000000000e+00 1.499692290125145933e+00
0.000000000000000000e+00 5.363127428669728580e+00
3.000000000000000000e+00 2.642189925399314188e+00
0.000000000000000000e+00 2.295885804855242629e+00
0.000000000000000000e+00 5.214467828661550008e+00
0.000000000000000000e+00 3.898044929287146854e+00
0.000000000000000000e+00 0.000000000000000000e+00
5.000000000000000000e+00 5.220806605572658299e+00
0.000000000000000000e+00 3.433026369766339680e+00
3.000000000000000000e+00 3.041168382165941875e+00
3.000000000000000000e+00 5.264689030909468492e+00
3.000000000000000000e+00 0.000000000000000000e+00
0.000000000000000000e+00 1.766469408435425770e+00
0.000000000000000000e+00 4.996063494853589582e+00
3.000000000000000000e+00 5.034708851273935082e+00
3.000000000000000000e+00 2.444601247323058502e+00
0.000000000000000000e+00 1.132975769171221891e+00
5.000000000000000000e+00 4.158519086838437850e+00
0.000000000000000000e+00 3.427288361523316507e+00
0.000000000000000000e+00 4.109629117960067468e+00
3.000000000000000000e+00 1.102772955352437467e+00
0.000000000000000000e+00 5.285345746981098713e+00
0.000000000000000000e+00 6.808113344731025585e+00
0.000000000000000000e+00 2.379401073051224280e+00
5.000000000000000000e+00 1.254562972786957387e+00
5.000000000000000000e+00 2.742062614517874586e+00
3.000000000000000000e+00 6.170426761852819908e+00
0.000000000000000000e+00 4.705767758110769527e+00
5.000000000000000000e+00 1.391499788105865942e+00
0.000000000000000000e+00 2.411874022590347888e+00
3.000000000000000000e+00 3.805049123723316828e+00
5.000000000000000000e+00 4.799910482175658188e+00
0.000000000000000000e+00 2.262956513148339344e+00
0.000000000000000000e+00 2.682620939199165111e+00
0.000000000000000000e+00 4.396199545408915554e+00
3.000000000000000000e+00 5.211730899108944826e+00
5.000000000000000000e+00 3.105717598143098890e+00
0.000000000000000000e+00 6.192071045306359878e+00
3.000000000000000000e+00 3.803493619320129859e+00
0.000000000000000000e+00 4.577604835873424705e+00
0.000000000000000000e+00 6.148882702646652376e+00
5.000000000000000000e+00 1.071586489161013178e+00
3.000000000000000000e+00 2.967035326195526679e+00
5.000000000000000000e+00 6.322564324100569122e-01
3.000000000000000000e+00 5.066064000871576489e+00
5.000000000000000000e+00 2.653474448480168668e+00
5.000000000000000000e+00 5.376702851535600125e+00
0.000000000000000000e+00 1.072252017972026295e+00
3.000000000000000000e+00 6.048985830942261721e+00
0.000000000000000000e+00 4.595386428324687245e+00
0.000000000000000000e+00 2.727102976441813098e+00
3.000000000000000000e+00 2.189886516535267447e+00
5.000000000000000000e+00 4.946817693681952122e+00
3.000000000000000000e+00 2.561354001180231599e+00
3.000000000000000000e+00 2.843535170554578606e+00
0.000000000000000000e+00 5.959346940819764349e+00
5.000000000000000000e+00 1.607239551468176542e+00
3.000000000000000000e+00 2.652344826943020095e+00
5.000000000000000000e+00 2.680912800376749505e+00
0.000000000000000000e+00 4.621681868483920930e+00
5.000000000000000000e+00 3.032098702995438266e+00
3.000000000000000000e+00 1.197036601762180297e+00
0.000000000000000000e+00 1.721280039641646331e+00
0.000000000000000000e+00 3.124843700324264617e+00
0.000000000000000000e+00 3.623989175208827795e+00
0.000000000000000000e+00 4.828768457446631857e+00
5.000000000000000000e+00 4.364571109460716691e+00
5.000000000000000000e+00 2.661248620508024576e+00
3.000000000000000000e+00 3.852889268949391433e+00
0.000000000000000000e+00 4.888638896213141294e+00
3.000000000000000000e+00 4.984257060818747753e+00
5.000000000000000000e+00 1.531405474596051253e+00
0.000000000000000000e+00 2.652114938751668038e+00
3.000000000000000000e+00 5.256454410238383446e+00
5.000000000000000000e+00 5.472721191366083815e+00
3.000000000000000000e+00 9.635699504643271407e-01
3.000000000000000000e+00 2.238578348409503427e+00
3.000000000000000000e+00 2.551651728405516462e+00
3.000000000000000000e+00 4.786930031469333713e+00
0.000000000000000000e+00 2.053875094942393620e+00
5.000000000000000000e+00 3.048587174711961723e+00
0.000000000000000000e+00 4.634711029483945310e+00
5.000000000000000000e+00 4.619948052830785912e+00
3.000000000000000000e+00 2.175494148351513335e+00
0.000000000000000000e+00 2.325489909290688217e+00
3.000000000000000000e+00 2.628118318707189260e+00
3.000000000000000000e+00 4.481223333223664618e+00
0.000000000000000000e+00 1.702984666106247991e+00
0.000000000000000000e+00 1.228864386975456080e+00
3.000000000000000000e+00 3.788027668371287238e+00
0.000000000000000000e+00 2.574041406819482347e+00
0.000000000000000000e+00 4.611611537158974095e+00
5.000000000000000000e+00 3.420996185845085247e+00
0.000000000000000000e+00 3.662682075295528250e+00
0.000000000000000000e+00 2.394912010676858660e+00
0.000000000000000000e+00 5.921737109356880246e+00
0.000000000000000000e+00 5.515436450262956036e+00
5.000000000000000000e+00 4.019158996372757642e+00
3.000000000000000000e+00 2.657041507431974758e-01
0.000000000000000000e+00 1.178737152778488895e+00
5.000000000000000000e+00 3.363158402173536676e-01
0.000000000000000000e+00 1.684703223240971770e+00
0.000000000000000000e+00 5.135814033236265175e+00
3.000000000000000000e+00 2.445774088730130025e+00
5.000000000000000000e+00 1.286511135434362130e+00
3.000000000000000000e+00 2.989891617152049541e+00
5.000000000000000000e+00 4.886349105840117168e+00
3.000000000000000000e+00 3.132980296215309046e+00
3.000000000000000000e+00 4.834260138747905167e+00
3.000000000000000000e+00 1.904505444432004424e+00
5.000000000000000000e+00 5.235194859296615988e+00
0.000000000000000000e+00 3.914996627790521710e+00
0.000000000000000000e+00 6.197041822650031229e+00
0.000000000000000000e+00 5.285785583128797427e+00
5.000000000000000000e+00 3.912281948097683926e-01
0.000000000000000000e+00 5.172090000632763918e+00
3.000000000000000000e+00 1.356345687842999803e+00
0.000000000000000000e+00 2.115580022802625582e+00
3.000000000000000000e+00 3.204096238013553588e+00
5.000000000000000000e+00 1.117568652970649001e+00
5.000000000000000000e+00 4.542962379188035804e+00
3.000000000000000000e+00 5.530438561076687520e+00
3.000000000000000000e+00 2.884647188798317607e+00
3.000000000000000000e+00 4.053950290309273896e+00
5.000000000000000000e+00 1.712705837586252500e+00
3.000000000000000000e+00 3.822592033014896806e+00
5.000000000000000000e+00 2.365557625206951897e+00
3.000000000000000000e+00 1.985094006714529291e+00
3.000000000000000000e+00 2.783967826343859198e+00
3.000000000000000000e+00 5.685764432723445339e+00
0.000000000000000000e+00 6.005183622071126770e+00
0.000000000000000000e+00 5.102046069460021371e+00
3.000000000000000000e+00 5.279367526151523826e+00
0.000000000000000000e+00 1.642612548128087102e+00
3.000000000000000000e+00 1.603865959307145150e+00
5.000000000000000000e+00 3.449561112159011511e+00
0.000000000000000000e+00 5.603443350492019803e+00
5.000000000000000000e+00 1.054376336237064837e+00
0.000000000000000000e+00 3.394519369121919983e+00
0.000000000000000000e+00 3.056400017596279550e+00
0.000000000000000000e+00 2.838848374186875745e+00
5.000000000000000000e+00 3.770079405155857266e+00
3.000000000000000000e+00 4.936072423420139188e+00
0.000000000000000000e+00 1.170790496095072575e+00
3.000000000000000000e+00 5.863762008221407029e+00
0.000000000000000000e+00 2.539546517177035501e+00
3.000000000000000000e+00 5.768381838821648344e+00
0.000000000000000000e+00 1.396316948444270345e+00
3.000000000000000000e+00 1.426920355097444304e+00
3.000000000000000000e+00 2.331105304800841882e+00
0.000000000000000000e+00 1.874272199109851655e+00
0.000000000000000000e+00 2.968332022283928673e+00
3.000000000000000000e+00 3.838320088043511547e+00
0.000000000000000000e+00 3.865690930068595765e+00
3.000000000000000000e+00 3.534889351158335469e+00
5.000000000000000000e+00 3.513105354874687336e+00
0.000000000000000000e+00 5.042122925906270758e+00
3.000000000000000000e+00 5.136636281788607761e+00
0.000000000000000000e+00 2.522525560545955337e+00
0.000000000000000000e+00 3.992439819522671129e+00
0.000000000000000000e+00 2.541420043825163511e+00
0.000000000000000000e+00 6.057532250938106877e+00
3.000000000000000000e+00 6.773837850069163835e+00
3.000000000000000000e+00 5.189828641871415016e+00
5.000000000000000000e+00 2.403203307350195495e+00
0.000000000000000000e+00 3.027053341780419515e+00
0.000000000000000000e+00 4.920343546624769360e+00
3.000000000000000000e+00 3.191145532368404591e+00
0.000000000000000000e+00 4.381992010792213676e+00
0.000000000000000000e+00 4.286878270820930759e+00
3.000000000000000000e+00 1.432755072929073004e+00
0.000000000000000000e+00 2.117691626852187259e+00
3.000000000000000000e+00 1.679888728455230851e+00
0.000000000000000000e+00 4.242060246635050547e+00
3.000000000000000000e+00 2.462086845960340220e+00
0.000000000000000000e+00 3.730158757880303710e+00
0.000000000000000000e+00 5.967750710826535965e+00
5.000000000000000000e+00 4.288497716359127576e-01
3.000000000000000000e+00 2.134685114726496469e+00
5.000000000000000000e+00 2.907387891065523533e+00
0.000000000000000000e+00 3.654746027189973656e+00
0.000000000000000000e+00 4.634895923233286474e+00
0.000000000000000000e+00 6.280443957391904641e-01
0.000000000000000000e+00 2.945568940087847309e+00
3.000000000000000000e+00 1.470774245602191055e+00
0.000000000000000000e+00 6.349022731882093318e+00
5.000000000000000000e+00 2.843375099561451957e+00
5.000000000000000000e+00 1.927131243184849518e+00
5.000000000000000000e+00 3.579216966251404397e+00
0.000000000000000000e+00 4.340441149582054403e-01
3.000000000000000000e+00 3.311297516076213032e+00
5.000000000000000000e+00 4.168372819102279969e+00
3.000000000000000000e+00 3.952447546472481754e+00
0.000000000000000000e+00 5.282973168213636050e+00
3.000000000000000000e+00 2.013478444655713684e+00
0.000000000000000000e+00 3.681495326190856510e+00
3.000000000000000000e+00 6.449523039835022509e+00
5.000000000000000000e+00 1.912203519961799714e+00
0.000000000000000000e+00 4.617262568702281911e+00
0.000000000000000000e+00 5.166886048155024724e+00
3.000000000000000000e+00 2.539276374998352015e+00
0.000000000000000000e+00 4.775087110739834273e+00
5.000000000000000000e+00 2.555918512068680926e+00
0.000000000000000000e+00 3.764734499847994798e+00
3.000000000000000000e+00 3.775885970178840534e+00
5.000000000000000000e+00 1.041084414677555969e+00
0.000000000000000000e+00 3.678707492540493007e+00
0.000000000000000000e+00 3.193075766838267437e+00
3.000000000000000000e+00 2.631661952870899768e+00
0.000000000000000000e+00 3.967525725439420281e+00
3.000000000000000000e+00 1.494163611577931094e+00
0.000000000000000000e+00 1.928607770903946861e+00
0.000000000000000000e+00 5.209737855380905946e-01
0.000000000000000000e+00 3.785323617051389977e+00
0.000000000000000000e+00 3.169199910634471484e-01
5.000000000000000000e+00 2.988597006530802958e+00
5.000000000000000000e+00 4.772955781613375414e+00
3.000000000000000000e+00 1.320164258519182621e+00
3.000000000000000000e+00 5.934521776664801074e+00
3.000000000000000000e+00 3.537508076017576109e+00
0.000000000000000000e+00 2.787193844205642534e+00
0.000000000000000000e+00 4.983564698568327067e+00
3.000000000000000000e+00 6.450402782072671037e+00
0.000000000000000000e+00 1.607845755209790672e+00
0.000000000000000000e+00 3.774883743965831151e+00
0.000000000000000000e+00 3.089635031400490561e+00
0.000000000000000000e+00 2.850490394848413267e+00
3.000000000000000000e+00 5.028117340461532692e+00
3.000000000000000000e+00 5.892813557505519384e+00
0.000000000000000000e+00 4.356619486015918419e+00
0.000000000000000000e+00 4.175976562314144935e+00
3.000000000000000000e+00 3.267990508993915189e+00
0.000000000000000000e+00 2.937470147087700933e+00
0.000000000000000000e+00 4.282553604689402604e+00
0.000000000000000000e+00 5.507868274444592593e+00
0.000000000000000000e+00 2.640882447330500593e+00
5.000000000000000000e+00 3.212641177561924355e+00
0.000000000000000000e+00 3.824340849672648979e+00
5.000000000000000000e+00 0.000000000000000000e+00
5.000000000000000000e+00 3.685760728277049036e+00
5.000000000000000000e+00 1.389240897894207682e+00
0.000000000000000000e+00 4.787621132744003027e+00
0.000000000000000000e+00 1.497523360665302450e+00
5.000000000000000000e+00 2.917665525463724929e+00
3.000000000000000000e+00 2.804154685036058137e+00
3.000000000000000000e+00 3.964203247710178513e+00
3.000000000000000000e+00 6.389774935573653281e+00
5.000000000000000000e+00 2.576084475890657366e+00
5.000000000000000000e+00 8.667404369019118260e-01
5.000000000000000000e+00 3.232551711277904527e+00
0.000000000000000000e+00 3.036354834503919964e+00
3.000000000000000000e+00 3.209205842246424023e+00
0.000000000000000000e+00 1.761721476786785257e+00
5.000000000000000000e+00 4.747803350285634494e+00
5.000000000000000000e+00 5.534255196806748600e+00
5.000000000000000000e+00 3.512202441703739186e+00
0.000000000000000000e+00 3.138286246419633496e+00
3.000000000000000000e+00 3.270375036437009442e+00
0.000000000000000000e+00 3.853438092331864961e+00
5.000000000000000000e+00 5.351968336238369650e-01
0.000000000000000000e+00 5.524615432367045997e+00
5.000000000000000000e+00 4.269558272312260705e+00
0.000000000000000000e+00 8.245635428560140756e-01
3.000000000000000000e+00 3.052884584033262794e+00
5.000000000000000000e+00 4.204149371003327751e+00
5.000000000000000000e+00 2.051193002026975964e+00
0.000000000000000000e+00 2.368784780535050594e+00
5.000000000000000000e+00 1.524041571147290997e+00
0.000000000000000000e+00 3.132028624740721412e+00
3.000000000000000000e+00 4.673869197403212716e+00
3.000000000000000000e+00 3.214994922180574477e+00
3.000000000000000000e+00 3.182240289003740230e+00
3.000000000000000000e+00 3.920814826181491242e+00
0.000000000000000000e+00 2.511077742979174410e+00
0.000000000000000000e+00 5.465174369517916908e+00
5.000000000000000000e+00 1.691335193127881276e+00
3.000000000000000000e+00 4.780904428834939601e+00
0.000000000000000000e+00 2.761472570256430892e+00
0.000000000000000000e+00 5.578362943335047675e+00
5.000000000000000000e+00 1.437921191753203543e+00
3.000000000000000000e+00 3.416851813592172160e+00
3.000000000000000000e+00 5.354450555540616996e+00
0.000000000000000000e+00 4.205031059500568880e+00
5.000000000000000000e+00 4.765412007570283492e+00
3.000000000000000000e+00 1.626619858750275371e+00
5.000000000000000000e+00 2.705507306666718570e+00
5.000000000000000000e+00 5.286174641184545386e+00
5.000000000000000000e+00 4.696627015905063374e+00
5.000000000000000000e+00 2.677409426658817093e+00
5.000000000000000000e+00 2.556371274893768919e-01
5.000000000000000000e+00 9.790117168837592088e-01
3.000000000000000000e+00 6.226785965289929337e+00
3.000000000000000000e+00 3.330756047806544551e+00
0.000000000000000000e+00 5.181488896164963442e+00
5.000000000000000000e+00 1.659231316239009546e+00
3.000000000000000000e+00 3.105884970796734201e+00
0.000000000000000000e+00 2.887931991217058236e+00
3.000000000000000000e+00 2.070372309273361910e+00
3.000000000000000000e+00 2.256312163060105735e+00
5.000000000000000000e+00 4.952131880094401417e+00
5.000000000000000000e+00 3.493743082745289552e+00
0.000000000000000000e+00 4.622207138222172773e+00
5.000000000000000000e+00 1.551332337463521727e+00
0.000000000000000000e+00 6.168675396165780533e+00
3.000000000000000000e+00 1.115230910009901155e+00
0.000000000000000000e+00 4.837831001151245758e+00
5.000000000000000000e+00 5.118238835670504194e+00
5.000000000000000000e+00 3.558979202990385282e+00
0.000000000000000000e+00 2.864521023822661938e+00
0.000000000000000000e+00 4.848199412246353646e+00
3.000000000000000000e+00 1.907912593006265478e+00
0.000000000000000000e+00 5.055262586615743459e+00
3.000000000000000000e+00 4.775847475761040073e+00
0.000000000000000000e+00 2.544685291348700584e+00
3.000000000000000000e+00 1.622536522831796280e+00
3.000000000000000000e+00 2.358282379180102417e+00
0.000000000000000000e+00 4.135854943645747461e+00
0.000000000000000000e+00 3.631797336949532884e+00
5.000000000000000000e+00 4.532896233082533755e+00
5.000000000000000000e+00 2.147556918262417458e+00
3.000000000000000000e+00 3.768719529815582892e+00
3.000000000000000000e+00 2.775022894034986365e+00
5.000000000000000000e+00 3.810979727341444079e+00
3.000000000000000000e+00 4.926997501475611330e+00
0.000000000000000000e+00 4.035370002972984871e+00
3.000000000000000000e+00 1.515743071760982108e+00
5.000000000000000000e+00 3.048529434206037614e-01
3.000000000000000000e+00 5.222397990373913501e+00
3.000000000000000000e+00 1.887937857275545417e+00
3.000000000000000000e+00 5.401093323916827948e+00
0.000000000000000000e+00 2.160903268617928141e+00
5.000000000000000000e+00 5.710258248841283413e-01
5.000000000000000000e+00 4.940156213505566996e+00
3.000000000000000000e+00 2.747510459594684207e+00
3.000000000000000000e+00 3.380700170676605332e+00
0.000000000000000000e+00 2.726177619091996185e+00
5.000000000000000000e+00 1.087345701254934793e+00
5.000000000000000000e+00 2.250780982994619706e+00
3.000000000000000000e+00 2.741965072454222163e+00
5.000000000000000000e+00 1.121939054044256867e+00
5.000000000000000000e+00 1.274436999526274317e+00
3.000000000000000000e+00 1.404066533974412279e+00
3.000000000000000000e+00 3.698324999334106966e+00
5.000000000000000000e+00 2.575576579942067568e+00
3.000000000000000000e+00 5.574258233963684361e+00
0.000000000000000000e+00 3.362787961395907743e+00
3.000000000000000000e+00 3.455176045732463841e+00
0.000000000000000000e+00 3.821961417787249626e+00
0.000000000000000000e+00 4.302331520265918918e+00
0.000000000000000000e+00 4.660165202720890854e+00
3.000000000000000000e+00 2.993258613222839148e+00
5.000000000000000000e+00 3.752976929354824520e+00
3.000000000000000000e+00 5.217348411995314628e+00
5.000000000000000000e+00 2.293465951481560072e+00
5.000000000000000000e+00 6.017319915140173947e+00
5.000000000000000000e+00 9.075556530904340669e-01
3.000000000000000000e+00 5.645280289208836955e+00
5.000000000000000000e+00 2.585829083052692212e+00
0.000000000000000000e+00 9.406351452060208729e-01
3.000000000000000000e+00 2.578605231081567695e+00
0.000000000000000000e+00 4.147161278362490044e+00
5.000000000000000000e+00 3.604070604445333004e+00
3.000000000000000000e+00 4.600321711055841867e+00
0.000000000000000000e+00 6.170336874724491771e+00
3.000000000000000000e+00 5.816650935143393042e+00
5.000000000000000000e+00 5.013230234246432993e+00
5.000000000000000000e+00 2.119478694530397167e+00
3.000000000000000000e+00 1.473428200847087588e+00
0.000000000000000000e+00 4.507388042868543110e+00
5.000000000000000000e+00 2.091642738803049628e+00
3.000000000000000000e+00 5.571529996021890696e+00
0.000000000000000000e+00 4.273333212168698658e+00
3.000000000000000000e+00 9.628548824641760540e-01
0.000000000000000000e+00 3.682450039341427672e+00
3.000000000000000000e+00 4.758987154244677775e+00
3.000000000000000000e+00 1.054594805435644878e+00
3.000000000000000000e+00 2.982828168345964315e+00
3.000000000000000000e+00 4.887929172600261829e+00
5.000000000000000000e+00 7.716498930210428098e-01
5.000000000000000000e+00 2.284397399821243457e+00
3.000000000000000000e+00 4.279191134130233998e+00
0.000000000000000000e+00 5.754819236375807279e+00
3.000000000000000000e+00 1.625656217797786685e+00
0.000000000000000000e+00 2.716769146028009452e+00
3.000000000000000000e+00 4.803939618267965450e+00
3.000000000000000000e+00 4.562577112678810054e-01
5.000000000000000000e+00 1.699873644554276586e+00
5.000000000000000000e+00 1.755907644318688732e+00
0.000000000000000000e+00 1.657510112669856595e+00
0.000000000000000000e+00 4.238574791680026266e+00
3.000000000000000000e+00 6.613311879837345586e+00
5.000000000000000000e+00 3.456692417936913841e+00
0.000000000000000000e+00 3.169168417519203640e+00
0.000000000000000000e+00 3.520436087209001030e+00
3.000000000000000000e+00 4.844817268597517490e+00
3.000000000000000000e+00 5.917438777509482328e+00
3.000000000000000000e+00 4.924975775603512851e+00
5.000000000000000000e+00 1.111595166423791303e+00
3.000000000000000000e+00 5.441707827359392624e+00
0.000000000000000000e+00 5.379197138281321955e+00
3.000000000000000000e+00 6.978032889847856080e-01
5.000000000000000000e+00 3.544200099745579147e-01
0.000000000000000000e+00 5.412925026829362274e+00
5.000000000000000000e+00 3.230799741303020056e+00
0.000000000000000000e+00 4.035699846639757560e+00
3.000000000000000000e+00 3.011117113204391238e+00
0.000000000000000000e+00 6.202404626736049309e+00
3.000000000000000000e+00 5.594071746363477038e-01
0.000000000000000000e+00 2.332906841031359146e+00
3.000000000000000000e+00 4.597612254836374923e+00
3.000000000000000000e+00 2.817058853607932178e+00
0.000000000000000000e+00 3.064241107682673881e+00
0.000000000000000000e+00 5.031211408690583475e+00
0.000000000000000000e+00 1.977933002597360046e+00
3.000000000000000000e+00 3.776341324734390881e+00
3.000000000000000000e+00 1.293894057699205069e+00
3.000000000000000000e+00 3.578368761809811005e+00
0.000000000000000000e+00 4.471105017433985473e+00
5.000000000000000000e+00 3.691743681549307432e+00
3.000000000000000000e+00 2.073308492641033229e+00
0.000000000000000000e+00 4.435358739989973209e+00
0.000000000000000000e+00 1.414753285546925365e+00
5.000000000000000000e+00 2.677653262310716098e+00
5.000000000000000000e+00 2.443091366310705670e+00
3.000000000000000000e+00 1.652416234191014244e+00
5.000000000000000000e+00 7.697938242778372686e-01
3.000000000000000000e+00 4.094445958203153602e+00
3.000000000000000000e+00 3.119480491290022695e+00
3.000000000000000000e+00 2.811619722611029548e+00
3.000000000000000000e+00 5.961402002594674343e+00
5.000000000000000000e+00 3.501253874287277412e+00
0.000000000000000000e+00 3.412555686487386719e+00
0.000000000000000000e+00 4.344264046124956202e+00
5.000000000000000000e+00 7.084342554759188726e-01
0.000000000000000000e+00 6.661919644134508545e-01
3.000000000000000000e+00 9.613781033403518972e-01
0.000000000000000000e+00 2.886907111800642856e+00
5.000000000000000000e+00 2.034187638437912948e+00
0.000000000000000000e+00 4.465603434234075131e+00
0.000000000000000000e+00 3.453996770473749311e+00
0.000000000000000000e+00 3.017758799983004447e+00
5.000000000000000000e+00 7.921239649933263793e-01
0.000000000000000000e+00 3.375159109370419408e+00
5.000000000000000000e+00 5.433091168962472572e+00
3.000000000000000000e+00 5.552554212388556287e+00
5.000000000000000000e+00 3.020362055007357771e+00
5.000000000000000000e+00 2.872967900236619965e+00
0.000000000000000000e+00 4.466583245048647122e+00
5.000000000000000000e+00 2.519060801359517487e+00
3.000000000000000000e+00 5.414008396884256058e+00
5.000000000000000000e+00 4.620833370524986883e+00
5.000000000000000000e+00 2.312549837083390791e+00
5.000000000000000000e+00 1.845942577820002706e+00
0.000000000000000000e+00 2.561566026272357632e+00
5.000000000000000000e+00 4.988665663245554605e+00
5.000000000000000000e+00 1.561412493994428941e+00
3.000000000000000000e+00 4.836125693644820700e+00
5.000000000000000000e+00 2.147936836623718371e+00
5.000000000000000000e+00 1.825549134788456151e-01
0.000000000000000000e+00 2.387803847024988269e+00
0.000000000000000000e+00 3.093031177395478615e+00
3.000000000000000000e+00 2.933675145398229489e+00
0.000000000000000000e+00 5.481424882314435365e+00
