1.004176132635896224e+01 3.062480969394345554e+00
6.983189274424720594e+00 4.969222697590809368e+00
7.561505513267482215e+00 4.051059321559554505e+00
8.627690386655959998e+00 2.306030440560295158e+00
5.091439500463442513e+00 7.008042095643202352e+00
8.283901988069006350e+00 8.110737815901895686e+00
-7.308040569195933145e+00 4.961799236031069427e+00
9.884591152647336898e+00 1.061202887990167820e+00
-9.058788278886803269e+00 2.203749420986133245e+00
6.085492632401664714e+00 5.458395762637239024e+00
1.090790620756535212e+01 4.442136894246570655e+00
-3.215905306772618211e+00 1.107182357438030351e+01
1.842366043807522225e+00 8.957371691043412909e+00
-6.787296978994707963e+00 6.938461192825323032e+00
-6.727634376684500650e-02 9.418674511886971246e+00
8.415628427851784110e+00 3.821337180255329202e-01
-7.679041064814473572e+00 8.978423799058717236e+00
3.369469641948634742e+00 1.012242960925309099e+01
-5.603693113509755186e+00 8.982306967432428735e+00
-7.770750847654826821e+00 7.685958392849311593e+00
1.105547195395480387e+01 3.899264747899344297e+00
8.569200662363007481e+00 3.835036055517922371e+00
-2.469202772393365386e+00 9.088189309000506810e+00
6.649022270599539652e+00 5.382430891172605314e+00
1.127155599543246467e+01 3.750475156130040677e+00
-1.276732151618408251e-01 1.070937900696029921e+01
2.759459844674329254e+00 1.059050329106278276e+01
8.022359848549199812e-01 1.139962991017256044e+01
-7.728586887640014780e+00 4.564858002717432583e+00
-3.481276534195622219e+00 8.997899467345966684e+00
5.031258765915244346e+00 6.348580575254605840e+00
6.970368725208508032e+00 6.381625132979554138e+00
7.584126020906362342e+00 8.571217782203536473e+00
-1.048182269791103766e-01 1.194579809346363675e+01
-1.126005162824569261e+01 2.708190690842733783e+00
-5.616157705280473422e+00 5.791195438877187129e+00
1.188255561808586336e+01 1.902105943341704866e-02
-1.009392426123851827e+01 2.493815224462279101e+00
-1.060441944663044644e+01 2.004433095360482753e+00
-5.312140540740899475e+00 9.140406312624939744e+00
-9.993014569905746214e+00 1.115648023215329632e+00
3.729894077400979224e+00 1.113293911399498270e+01
2.587882036131707419e+00 9.685331818007369975e+00
-7.918115991442741475e+00 4.431383053086562107e+00
8.229980249444786011e+00 2.638707614872968676e+00
1.091850489458854057e+01 4.235108166980444011e+00
8.148378424230084960e+00 5.728320069815209692e+00
2.757156385901234685e+00 8.181747286080300441e+00
7.878289457855880862e+00 2.762992037909753229e+00
-8.234311875904142042e+00 7.739913097013304544e-01
2.304351412442716018e+00 9.871573859912675886e+00
-8.496833281570822294e+00 6.954823588937525392e-02
6.183456780757657256e+00 6.283308349291030659e+00
-7.974997366680530497e+00 3.547448110627413609e+00
9.722762348307220748e+00 4.963085068831444069e+00
-7.336638202325597824e+00 6.289182437188608255e+00
2.802399763736973082e+00 1.053942004709457692e+01
6.062303275829914462e+00 7.522576405847065217e+00
8.382770828834550159e+00 5.371843358524739820e+00
-8.137963912429389879e+00 3.591373746311639970e+00
9.429416127355104704e-01 9.025728258446866548e+00
3.845178477355304381e+00 8.134494597150171202e+00
-1.024395201166100833e+01 6.323333331572656979e-01
-1.017039921273751091e+00 9.461472572726554731e+00
1.055042938886571946e+01 4.151487493935890782e+00
4.517002024420921913e+00 8.898134181767003881e+00
-6.504934677896145878e+00 6.885499683185557274e+00
-9.147758625727336224e+00 4.794791824018388660e+00
-2.190559392633750768e-01 8.731701432947630792e+00
8.853358162350172478e+00 3.088070048692998615e+00
-3.479760310193818817e+00 7.684334456956442239e+00
6.855208885020750209e+00 8.286936747274724624e+00
7.850339614986833192e-01 9.614654593938578131e+00
8.588406625847424536e+00 4.754645462676299061e+00
1.055179172739933691e+01 5.080977125794092775e-01
1.129660400658705122e+01 1.975344479909113105e+00
1.054046713442008354e+01 4.822790060266448187e+00
-9.451047060650948239e+00 8.827499137499021931e-01
8.888273445330790778e+00 7.196022325930895303e-01
1.339572451238598250e+00 9.978671506981761752e+00
5.533429329974108413e+00 9.758130185363597775e+00
3.674952093957350563e+00 8.245271734881496783e+00
9.267507756541807140e+00 5.683147503815830781e+00
-2.368094472166086373e+00 8.886868488710662817e+00
-4.769384818744438093e+00 1.021023276868729646e+01
-5.927132594645735608e+00 7.341384039416536389e+00
9.260414090900146888e+00 3.135854792575037298e+00
8.235417407720941441e+00 3.199662176456650187e+00
-8.546731325366476284e+00 3.098449372190250184e+00
-9.883251401404267611e+00 2.136819218945757104e+00
-9.136457549269358935e+00 6.237081885125119740e+00
5.395088687921749671e-01 8.441849504854991082e+00
-3.372127871496573004e+00 8.889039164238164759e+00
-3.284822555245680675e+00 9.145668715731273934e+00
1.883509952389222475e+00 1.083325605197198627e+01
7.086478926360870290e+00 6.189533184928176723e+00
8.194608521710433635e+00 3.507970745947274427e+00
5.369066082317272226e+00 6.669488069183781676e+00
9.214693671252398133e+00 4.676136855322229557e+00
-8.542651199283856300e+00 3.740913898052755204e+00
-3.470785118197790453e+00 1.002247375773204041e+01
3.632582132829426769e+00 7.179444267760572984e+00
-8.654897263725788159e-01 1.024121466002985414e+01
8.074393186541866996e+00 1.657494539301038738e+00
-6.294222607486818610e+00 5.637032117057274583e+00
-9.509668977454097671e+00 4.171462423330570601e+00
-6.493877186194220386e+00 5.577432186058529417e+00
7.035931457113073328e+00 5.590980394414495791e+00
9.793179737955423292e+00 5.054982072142357730e+00
-8.825723669172683472e+00 3.005001940279703465e+00
-1.094406776871765175e+01 1.626541571016169252e+00
1.016492498936649547e+01 1.951927113526049862e+00
-1.011394281698427022e+01 6.376809314873566059e+00
9.463079485906662924e+00 6.688009269736679308e+00
6.445731444775294250e+00 7.501475309263974545e+00
3.747230635805574916e+00 7.967439554386242406e+00
6.703247362298094814e-01 8.194770094403994065e+00
-2.116225696024552239e+00 1.122687487186963828e+01
-6.827357477441764466e+00 4.638085205068375849e+00
-3.175824770663797203e+00 9.206102438285176603e+00
-7.903348109875678595e+00 4.965103118446283936e+00
5.138039552456072911e+00 6.773699717270964094e+00
5.020844530536421324e+00 7.856393190104797419e+00
-4.539534445584073374e+00 8.234700933924692379e+00
3.703161017633893604e+00 9.740209536040790539e+00
-6.402606123953037409e-01 9.688964584783819944e+00
-6.810075140412232386e+00 7.347455292263272320e+00
-3.674939803461967358e+00 7.784299239706600204e+00
1.178825795050994074e+01 1.496899740549622937e+00
-5.838538867500252749e+00 9.125806007775773665e+00
-6.920812694233021922e+00 9.787905601316586157e+00
-2.543020077450345084e+00 8.696737226955628230e+00
9.737364828633845448e+00 1.559281555084449211e+00
-3.125974122451652626e+00 9.156344638835610894e+00
-1.181654827527939311e+01 2.751477717820406399e-01
-3.566799574487033553e+00 1.023956257886055177e+01
8.588307793506251286e+00 4.402638266073120477e+00
-6.420971520586136627e+00 9.305533671494192305e+00
7.823721921026678849e+00 1.957803365303649956e+00
7.397325464588760724e+00 7.468660272840346614e+00
-1.066649517717794282e+01 3.232813466801559787e+00
-2.302323513137507049e+00 8.412816991984174209e+00
5.808957893209356627e+00 9.819366245985840180e+00
-1.257471016205333469e-01 1.188940273564172045e+01
-1.100865981766511759e+01 4.568991418479914302e+00
-3.492721306385074165e+00 8.969321485003650452e+00
7.978311563466027323e-01 8.767094006561041653e+00
3.497514578938189622e+00 8.416263470074076380e+00
1.403213968437462267e+00 9.365912357366461549e+00
5.206400590310987120e+00 9.624653864048630325e+00
9.335335499551593585e+00 4.272461749165323397e+00
-8.735184713885836061e+00 5.476172220347012676e+00
-1.025370389164415563e+01 4.610616486984825180e+00
-8.138933251371692990e+00 6.576771587413328568e+00
-2.815522112958847245e+00 1.038994087982026571e+01
6.993821135038905012e+00 7.248565815171009952e+00
-1.190840402484514904e+01 1.011718554195150777e+00
-5.557666316877245549e-01 1.140801716562658719e+01
-1.101019790750539906e+00 8.284863110189988333e+00
-6.954532943847010484e-01 9.177935844374344398e+00
-6.209132481920822677e+00 8.830838736398490596e+00
1.047931367201532638e+01 2.389920414696500295e+00
-3.761980194639495956e+00 7.660836356027065364e+00
6.651624762619233522e+00 5.344779294563569927e+00
4.918210875332269083e+00 6.469231475447192459e+00
-3.202224115914547031e+00 7.990118525299565455e+00
8.166892658941700134e-01 7.970342129546764909e+00
9.833975348452943521e+00 2.802242225084817573e+00
6.770904957604271246e+00 8.142381702007215338e+00
8.375991137263891773e+00 3.908519465319321817e+00
5.752011988122328390e+00 6.947386504305696597e+00
-7.301012723459171738e+00 5.658883912344985667e+00
8.162578396561855243e+00 7.715121470273415660e+00
5.203573668056175272e+00 8.147245344025083824e+00
6.121455743137693695e+00 7.797052624283393740e+00
1.091401517503401308e+01 1.316783700267953439e+00
-4.493135355957504906e+00 7.989459284692093988e+00
9.688698066989772428e+00 2.412919985898288822e+00
-6.901658817108364374e+00 8.323726868473903195e+00
-2.565508839066703128e+00 9.819165180114321601e+00
2.925664392718394069e+00 7.595611477957890934e+00
-5.689322985561356738e+00 7.104613641994107276e+00
-1.842275840310982016e+00 1.022557847035028722e+01
7.864143162205275317e+00 8.617990186813452524e+00
-9.522117411038170331e+00 2.265413786615260161e+00
-4.987877021665322097e+00 9.535646858449620566e+00
-4.865731967955625237e+00 8.084969548860943434e+00
-3.963727752212075295e+00 8.248363421545972685e+00
3.284765101186214675e+00 1.051756705519779089e+01
-1.044733016174862605e+01 2.891080672143448105e+00
-7.987576505739601096e+00 3.547476599251249141e+00
-3.681538987012700659e+00 1.073882561907936939e+01
8.572180741307562357e+00 4.175264229152347184e+00
5.349831366037407498e+00 6.318932847976837408e+00
-2.973587041101560580e+00 1.008347636789391011e+01
6.333848454674278372e+00 8.292453117753094460e+00
7.490462729637423323e+00 3.147398481216230337e+00
3.965565246129595156e+00 7.464396281525612409e+00
3.104189511929309031e+00 8.052995372198145319e+00
-7.872763843645996573e+00 2.886015258522964366e+00
-6.764948649835315742e+00 5.067128711590659584e+00
-2.451811793117856519e-01 1.045033847188157239e+01
-1.100459934658688788e+01 7.055657623835052128e-01
8.614780181434205986e+00 6.289735175551638413e+00
-1.167649291807115963e+00 8.224052953873925986e+00
-7.204510329081074360e+00 7.879129722454049300e+00
-6.365245450277580375e+00 9.617485841774081834e+00
7.663430369423322119e+00 6.894124256403879158e+00
6.185584490496169430e+00 7.302750052942421632e+00
8.472653838212263366e+00 3.390852640555029662e+00
-2.292186776565139805e+00 8.489322128504646514e+00
1.076700717537569219e+01 9.237937684497484758e-01
3.103237016149659855e+00 1.038697106383569668e+01
1.704046892660384394e-01 1.102466955063585630e+01
-2.215655018651619290e+00 9.803125584906995371e+00
8.657111780209007179e+00 6.213365048846298144e+00
-1.051106371792527749e+00 1.021733914530222265e+01
-4.294041269574052078e-01 8.866510927458836733e+00
-5.948920314933218378e+00 5.811159779221186206e+00
-8.476122942095877022e+00 7.986593320343168934e+00
-9.768784490096948048e+00 3.934228248053579069e+00
-1.086718476533289213e+01 2.309782765058530085e+00
-7.471322092474615317e+00 9.170665713345119485e+00
-7.769798146468039235e+00 6.192193872958830170e+00
2.774434336095138454e-01 8.917072019462738197e+00
9.640168339673532927e+00 5.603383496345134773e+00
8.280949200201167315e+00 3.315372687657225925e-01
-3.833824790946561922e+00 9.062237668154390136e+00
8.289734111051983989e-01 1.121138494404415376e+01
-3.824103233329155138e+00 9.628209436062219240e+00
9.461886079204459676e+00 1.802340277207570063e+00
8.672323284097691598e+00 1.334525500792486774e+00
1.656946205734531885e+00 7.890468702412514190e+00
-6.379301622231736246e+00 6.908764400483034862e+00
-8.803725751394319232e+00 2.340762295817469418e+00
-1.719032761644041285e+00 1.111823714155944565e+01
1.136519239179117591e+01 3.520800297119237143e+00
5.223517342176476674e+00 1.018763136009138925e+01
-8.016169661629550802e+00 7.588048298822810622e+00
3.611711831552511409e+00 7.627213747365275687e+00
-9.369608814220823589e+00 3.026083931384343728e+00
1.532870877611323790e+00 1.078654873051831053e+01
-9.875468578176644030e+00 3.283007661333934291e-01
-7.996128403976463517e+00 7.298421613719123791e+00
-1.068490358249149352e+01 1.859164107186599635e+00
-1.093963818242324315e+01 1.676820420219316876e+00
1.069058551266629031e+01 3.288198993761617839e+00
7.993094565702171472e+00 2.226686998032115117e+00
-1.060400872514566295e+01 1.009007309721458245e+00
-1.193838543662389506e+00 8.274688021647442326e+00
6.943939166196375190e+00 9.523154561140513508e+00
-3.209265646673611916e-01 8.761699384146401925e+00
-9.510568561383248465e+00 9.401663649041390458e-02
-8.910007417698739829e+00 4.727575021922675980e+00
7.657621490653704122e+00 4.253309951780316567e+00
-5.584746812802540150e-01 1.135762243334098365e+01
2.830329000070575418e+00 9.843223462452202810e+00
4.125847933404187096e+00 9.404286736948348491e+00
-2.339346478917872396e+00 9.117898239287884010e+00
-1.146607606553586756e+01 9.296700882109958375e-01
4.460550797711114512e+00 8.837760259354192627e+00
8.702664218679000641e+00 7.147109664256236172e+00
-4.761214812074676672e+00 6.429734803202679316e+00
-9.084390584517221257e+00 1.224169041543455405e+00
-1.015884630969217284e+01 9.761618548339330292e-01
-1.933679993827094878e-01 8.482640639562479379e+00
1.079124620486915020e+01 1.655289501972893873e-01
-5.747636448286802313e+00 5.817026689159672692e+00
-8.411280677435676978e+00 8.985707169241544667e-01
5.299256266697759621e+00 8.328483551472826818e+00
6.801614552046634010e+00 6.083175163964766874e+00
4.123854241781623742e+00 8.700624460404940308e+00
6.915367917280788923e+00 8.134353817995862101e+00
-8.343284422959197366e-01 1.195747626062101965e+01
2.995878380616631365e+00 8.357768778466400761e+00
9.584593461119101931e+00 1.977495866981572981e+00
-8.065321485787251277e+00 6.127805053849493255e+00
1.117130325055948781e+01 3.450547865174401707e+00
-3.557646384545438689e+00 8.073792384833796021e+00
-1.029806259779640598e+01 1.071390336593093240e+00
5.886848753903048070e+00 9.951890747748464605e+00
4.360916343735902423e+00 8.172267127330503200e+00
6.319336181462503532e+00 7.398305877950897447e+00
-7.212391686105744881e+00 5.284939397771194258e+00
-1.095216944780992918e+01 2.858269269655736800e+00
1.850630944281790868e-01 1.197982143878710204e+01
1.123278239733833317e+01 3.221042122678129171e+00
-2.886618736339396918e+00 8.450244798070695396e+00
5.354893581500488331e+00 9.644627058297716715e+00
4.979687960991594942e+00 8.298060350457349799e+00
-1.190472759020208438e+00 1.147765863953366328e+01
-9.316694271062329946e+00 6.288470439493326403e+00
-8.349746634216385743e+00 5.054616724784131598e+00
-6.691869965348958615e+00 4.737666488222072481e+00
9.243324900515371922e+00 5.673906517263416660e+00
7.061409675989253287e+00 7.988499729464189514e+00
-1.092055034776910816e+01 1.388617503436532230e+00
-1.126561031890686770e+01 3.657301159065505569e+00
9.467631338218474468e+00 7.362334175375147893e+00
-6.551633459890208400e+00 7.702702548890796308e+00
-6.604080637476695825e-01 1.085596700177145202e+01
8.895202814158642113e+00 1.825143973201750036e+00
6.317316806048435929e+00 5.562330198914369639e+00
1.070323490039657166e+01 1.827066509883835677e+00
4.545083662988056439e+00 1.051125157982822600e+01
-8.603528156722219933e+00 2.035724757034100274e-01
7.689575445067347026e+00 2.543815005628657033e+00
7.336887420855866537e+00 9.345593853310568022e+00
7.152252271536275074e+00 4.475725594517222738e+00
-8.134151532342574598e+00 3.074099616572698146e+00
-1.071586371271502891e+01 5.257330989288831802e+00
-7.528074231002518601e+00 5.244721008402351003e+00
-5.020262839934704679e+00 7.842314284772305299e+00
-8.639862543043578924e+00 3.586094428127887479e+00
-6.230103930047355298e+00 8.165480474481292106e+00
2.054493678964481429e+00 1.065388656742622864e+01
2.037334032911188864e+00 7.758876903464008379e+00
-9.208103063884655270e+00 2.848924115360743858e+00
8.254130064486984608e+00 2.718309741576331540e+00
6.511850419350503572e+00 8.017294314898197882e+00
2.663243764465201835e+00 1.040296296499821338e+01
1.791259245414509760e+00 1.127154267965445911e+01
3.387687246407055763e+00 9.419890429548123834e+00
-2.654738223534271135e+00 9.816592020722866963e+00
8.495406649309868996e+00 3.177797226244065687e+00
-5.014352433735582260e+00 9.881382469732692186e+00
-4.765664669164801026e+00 6.504442939404126101e+00
-1.010070730521896465e+01 3.084254895893483450e+00
-2.629331431918215944e+00 1.124353776398518079e+01
1.852933186510877350e+00 1.047700916848134334e+01
1.028993860334741228e+01 4.224980594497120379e+00
-2.227899518933099454e+00 9.341086844340047435e+00
6.103503269318041324e-01 1.006801908622736441e+01
4.256138620392158067e+00 1.100363665102962685e+01
5.875536632962446326e+00 8.935673101135543916e+00
8.466915760627962584e+00 6.441055550203097724e+00
4.242471264981314549e-01 1.173213051741647028e+01
-1.147638465817073516e+01 1.055585279412578625e+00
-3.780736425738872253e+00 1.051265407725638923e+01
9.841956276294477890e-01 1.106193236641340683e+01
-3.415552524018198977e+00 8.338065986826427078e+00
7.634601295986028546e+00 5.707372767439956363e+00
2.367365455925856121e+00 1.012409134386669862e+01
-1.001188450703142507e+01 1.398712654819580514e-01
1.045067586414483429e+01 8.786596598836116101e-01
-6.415072099957400020e+00 5.134296456424564781e+00
-6.638942013056989389e+00 4.925808950680194975e+00
8.345686350221988903e+00 7.300779458509574660e+00
6.803092472760596365e+00 5.837780210593323638e+00
1.029484263658437726e+01 4.548558956622601457e+00
-3.886985391622734376e+00 7.597135595295812394e+00
-4.682399168299894221e+00 9.840235519889217741e+00
5.527940972601861347e+00 7.656209835595582547e+00
3.779381438204059585e+00 8.853929058162568921e+00
-6.558972610212721932e+00 9.668001387025199733e+00
-3.956043520679395908e-01 1.191500312461105615e+01
1.948269089878898130e+00 1.097201403602261571e+01
8.529757096316629372e+00 7.779293897750224396e+00
-7.075387933061244361e+00 5.478607155203909507e+00
-9.438921219436133825e+00 6.788228883695078153e+00
2.673887768924811503e+00 1.128539028796532762e+01
-7.762033239478086877e+00 2.353446646400688902e+00
-6.113635771607565772e+00 6.038186880220944630e+00
-1.909740092462986594e+00 9.437132512822719477e+00
-6.398395735754920821e+00 7.188459555129153244e+00
8.620950716596272656e+00 4.347639614583867385e+00
-9.812987067716521850e+00 1.418420035453014406e-02
3.345464179753421252e+00 7.660676158778239930e+00
1.065290702201881068e+01 4.602746223222469735e-01
3.614695134818864286e+00 7.981302357574222128e+00
-6.098329703303412508e+00 9.554503438162203821e+00
-8.798832318973024869e+00 4.390029255084313853e+00
-7.810526372582235588e+00 6.025701935502414841e+00
7.809776238258091752e+00 4.459413428671808788e+00
-2.784601814377934748e+00 1.084524945403164686e+01
-7.009281756168430633e+00 6.693708053250467138e+00
-1.887981607478827595e+00 9.568092178772149126e+00
-6.334852462682648344e+00 6.819561760748860557e+00
-1.043704469210194752e+01 1.499680190594749885e+00
-3.967514041400355573e+00 1.072439912161515174e+01
5.706717133426272959e+00 9.551317362902588926e+00
7.718443034091510668e+00 6.593065328399130287e+00
-5.356057429813932735e+00 6.717161105157344991e+00
-6.847537014199136962e+00 4.604621228998167837e+00
3.475813901355569779e+00 8.389959603106753150e+00
1.029382559949351972e+01 3.184429122601013518e+00
-5.659880043743717337e+00 9.517796173645391988e+00
-1.004526878119694011e+01 1.350524509293532738e+00
6.701895223584091177e+00 4.847072820364473067e+00
-2.176942756650507071e+00 9.482476070289926895e+00
8.524277007723958022e+00 2.463303043143094395e-01
8.592050844861256920e+00 1.980875744065333066e+00
6.460750441707253877e+00 5.850757412223234866e+00
-1.981061113648856731e+00 9.362672905831786352e+00
-4.358205371043053056e+00 9.324529257291757744e+00
-8.329682075932554497e+00 6.144591732833922570e+00
-6.406993270329294887e+00 8.615288493355411248e+00
9.393315092228386121e+00 2.475795658590962400e+00
2.848368312839996364e+00 8.794459584940092611e+00
-9.799105255215676991e+00 6.415068625539558589e+00
1.832365018016656855e+00 1.097666588427190071e+01
-4.853878150728663243e+00 9.567666194571383897e+00
3.122030853970778175e+00 8.594144727152940533e+00
-3.435999228681029471e+00 1.031517147170391624e+01
6.920719731838502753e+00 7.892224688368776775e+00
1.001623831656229768e+01 1.930601528316127968e+00
9.308268748526471015e+00 3.177612678032908367e-01
-7.275972858662941967e+00 4.645819307878091386e+00
-1.014449336432402582e+01 5.087872318088300538e+00
-3.619159604071778169e+00 9.443639134054652828e+00
-2.421367129169059496e+00 7.988144197751426034e+00
5.382990287801566076e+00 9.409686393297906903e+00
-9.249561454324686238e+00 3.723356864908919484e+00
1.040127567780340279e+01 2.485618907374925524e+00
-5.074401352513069341e+00 8.291700466990139518e+00
5.008348080020543769e-01 1.105885848360990664e+01
1.137963998492479867e+01 1.705396798587079488e+00
1.803039206723757948e+00 1.151270463053948134e+01
1.058828889776688698e+01 3.481547743872196676e+00
-1.090057783532690472e+01 8.171727586143635591e-01
-1.063992267898251676e+01 4.608275055678681120e+00
3.043805618605613272e+00 8.121693795150795481e+00
-5.458851340323938928e+00 8.246436007131787704e+00
-1.108382261059313478e+01 6.599014726828598132e-01
8.530052147286591335e+00 7.829309135296314004e+00
1.801262037422761475e+00 9.737336948513194201e+00
2.817043453716991497e+00 8.625694503683513759e+00
5.583138881223467243e-01 9.713593297038720209e+00
1.149479721781368902e+01 2.767235069710537676e+00
-8.014506743784565401e+00 1.885710141178807087e+00
5.934969190067690192e+00 8.574557934947778293e+00
1.028368516290488266e+01 3.917605831728359966e+00
-6.201585448394029143e+00 5.514750875770485727e+00
3.177836100576836742e+00 7.584668213172106377e+00
6.632317414450056070e+00 6.114785968614898870e+00
-6.646496235256252660e+00 5.236797995644736581e+00
-9.410689079889184683e+00 4.579739372396215202e+00
8.876627242252478567e+00 4.010974166446167999e+00
6.902146889821920261e+00 5.738068686813056374e+00
-9.994187485277558736e+00 3.540393095080299535e+00
8.004615154636155694e+00 1.848336834979281029e+00
-1.069537579050269827e+01 6.212025193528334377e-01
-6.251605433070026585e+00 6.455008626556836049e+00
-5.045912097393031814e+00 6.771434122410399326e+00
9.655575055058848832e+00 1.798867971786699549e+00
3.451454549216113499e+00 8.945308185139211332e+00
-5.796916779842198331e+00 6.715184491181490856e+00
5.791497015308944896e+00 6.845116754886061194e+00
-7.897601104659667470e+00 2.678909410556958193e+00
-4.096677347243764089e+00 1.019665202818533167e+01
-5.813135309791847227e+00 6.933722878631924047e+00
-9.919189288892187761e+00 1.903709932063071486e+00
-4.728532593954042795e+00 1.069083000484659784e+01
-8.602764163443801237e+00 7.971048809205906416e+00
5.206085759944370395e+00 1.019561184555660560e+01
5.108213244867960690e-01 1.100358847916081650e+01
-4.309042734693172783e+00 8.088565107396199494e+00
-8.304461446941999725e+00 8.303579378677593326e+00
-9.634320997504030037e-01 1.172413496342321437e+01
-1.027475008153420433e+01 4.054964073691322834e-01
8.156946703875142646e+00 4.621954285942179830e+00
9.155031943740691958e+00 1.092008171980016540e+00
-3.183091923283588365e+00 7.558888607469372189e+00
-4.657555080010543413e+00 9.137955404177235508e+00
-4.005412095583450238e+00 1.084987097081102547e+01
9.251148496540967159e+00 7.329428188998873495e+00
-8.157752867686117071e+00 5.014958133577716026e+00
7.181707641382796936e+00 3.725062833875723900e+00
6.999048041988320534e+00 8.469236064105146511e+00
4.900896057298647968e+00 8.818618402554372793e+00
-3.198570424473229368e-01 9.846634277028680771e+00
6.583956118423038184e+00 6.497185022203058047e+00
-9.566688770366081229e+00 1.642965320305710186e+00
9.601670460393920692e+00 3.789004837622918398e+00
-4.265503606315874663e+00 1.051281151546343295e+01
6.952457690763125697e+00 8.540434683421993967e+00
-2.832510035620450228e+00 9.317837688056423318e+00
-7.028094230449414503e+00 9.043440306478743196e+00
8.582766220838866644e+00 3.264047471289954316e+00
7.989181755457147815e+00 8.378467539193417579e+00
-1.018633836788871871e+00 9.506010605217689147e+00
3.658073222050024498e+00 9.821821284008812825e+00
8.158820246968950807e-02 1.001359166368767717e+01
3.735472697293451549e-01 1.146341587905894421e+01
6.389328744770652158e+00 7.409232472287714089e+00
7.336361810530631189e+00 3.205681849553998486e+00
1.620610426901230694e+00 8.174541086971933268e+00
7.832078384145815253e-01 1.083864400174542375e+01
-1.620381578819837465e+00 1.018056472330827766e+01
-4.910032590382549245e+00 1.051131351454206708e+01
6.369945160708161858e+00 9.020509788552983466e+00
5.928051815610542619e+00 8.655243813021870736e+00
-4.777760483404276393e+00 8.242389394518548684e+00
-9.007792900126428748e+00 6.837247644903733601e+00
-9.200614691475299978e+00 9.349902784035912795e-01
-6.542854049208243872e+00 7.433234139153242381e+00
-7.699215740351693427e+00 6.996181044041062336e+00
-4.228071660898997663e+00 9.566442665324592198e+00
-7.699045728725017135e+00 3.573256624324752995e+00
-7.491258747933388307e+00 9.180862360160073621e+00
2.004176132635896224e+01 1.937519030605654446e+00
1.698318927442472059e+01 3.077730240919063220e-02
1.756150551326748399e+01 9.489406784404454953e-01
1.862769038665596000e+01 2.693969559439704842e+00
1.509143950046344251e+01 -2.008042095643202352e+00
1.828390198806900457e+01 -3.110737815901895686e+00
2.691959430804066855e+00 3.820076396893057336e-02
1.988459115264733867e+01 3.938797112009832180e+00
9.412117211131967309e-01 2.796250579013866755e+00
1.608549263240166383e+01 -4.583957626372390237e-01
2.090790620756535390e+01 5.578631057534293447e-01
6.784094693227381789e+00 -6.071823574380303512e+00
1.184236604380752311e+01 -3.957371691043412909e+00
3.212703021005292037e+00 -1.938461192825323032e+00
9.932723656233154230e+00 -4.418674511886971246e+00
1.841562842785178589e+01 4.617866281974467135e+00
2.320958935185526428e+00 -3.978423799058717236e+00
1.336946964194863519e+01 -5.122429609253090987e+00
4.396306886490244814e+00 -3.982306967432428735e+00
2.229249152345173179e+00 -2.685958392849311593e+00
2.105547195395480387e+01 1.100735252100655703e+00
1.856920066236300926e+01 1.164963944482077629e+00
7.530797227606634614e+00 -4.088189309000506810e+00
1.664902227059953788e+01 -3.824308911726053140e-01
2.127155599543246467e+01 1.249524843869959323e+00
9.872326784838159952e+00 -5.709379006960299208e+00
1.275945984467432837e+01 -5.590503291062782765e+00
1.080223598485492076e+01 -6.399629910172560443e+00
2.271413112359985220e+00 4.351419972825674165e-01
6.518723465804377781e+00 -3.997899467345966684e+00
1.503125876591524346e+01 -1.348580575254605840e+00
1.697036872520850892e+01 -1.381625132979554138e+00
1.758412602090636057e+01 -3.571217782203536473e+00
9.895181773020889082e+00 -6.945798093463636746e+00
-1.260051628245692612e+00 2.291809309157266217e+00
4.383842294719526578e+00 -7.911954388771871294e-01
2.188255561808586336e+01 4.980978940566583191e+00
-9.392426123851826958e-02 2.506184775537720899e+00
-6.044194466304464441e-01 2.995566904639517247e+00
4.687859459259100525e+00 -4.140406312624939744e+00
6.985430094253786137e-03 3.884351976784670590e+00
1.372989407740097967e+01 -6.132939113994982705e+00
1.258788203613170786e+01 -4.685331818007369975e+00
2.081884008557258525e+00 5.686169469134378929e-01
1.822998024944478601e+01 2.361292385127031324e+00
2.091850489458854057e+01 7.648918330195559889e-01
1.814837842423008496e+01 -7.283200698152096919e-01
1.275715638590123469e+01 -3.181747286080300441e+00
1.787828945785588175e+01 2.237007962090246771e+00
1.765688124095857958e+00 4.226008690298669990e+00
1.230435141244271691e+01 -4.871573859912675886e+00
1.503166718429177706e+00 4.930451764110625135e+00
1.618345678075765903e+01 -1.283308349291030659e+00
2.025002633319469503e+00 1.452551889372586391e+00
1.972276234830722075e+01 3.691493116855593115e-02
2.663361797674402176e+00 -1.289182437188608255e+00
1.280239976373697353e+01 -5.539420047094576915e+00
1.606230327582991535e+01 -2.522576405847065217e+00
1.838277082883455193e+01 -3.718433585247398199e-01
1.862036087570610121e+00 1.408626253688360030e+00
1.094294161273550969e+01 -4.025728258446866548e+00
1.384517847735530438e+01 -3.134494597150171202e+00
-2.439520116610083278e-01 4.367666666842734635e+00
8.982960078726248909e+00 -4.461472572726554731e+00
2.055042938886571946e+01 8.485125060641092176e-01
1.451700202442092191e+01 -3.898134181767003881e+00
3.495065322103854122e+00 -1.885499683185557274e+00
8.522413742726637764e-01 2.052081759816113404e-01
9.780944060736624479e+00 -3.731701432947630792e+00
1.885335816235017248e+01 1.911929951307001385e+00
6.520239689806181183e+00 -2.684334456956442239e+00
1.685520888502075110e+01 -3.286936747274724624e+00
1.078503396149868365e+01 -4.614654593938578131e+00
1.858840662584742631e+01 2.453545373237009386e-01
2.055179172739933691e+01 4.491902287420590945e+00
2.129660400658705299e+01 3.024655520090886895e+00
2.054046713442008354e+01 1.772099397335518134e-01
5.489529393490517606e-01 4.117250086250098029e+00
1.888827344533078900e+01 4.280397767406910248e+00
1.133957245123859892e+01 -4.978671506981761752e+00
1.553342932997410841e+01 -4.758130185363597775e+00
1.367495209395735145e+01 -3.245271734881496783e+00
1.926750775654180714e+01 -6.831475038158307811e-01
7.631905527833913183e+00 -3.886868488710662817e+00
5.230615181255561907e+00 -5.210232768687296456e+00
4.072867405354264392e+00 -2.341384039416536389e+00
1.926041409090014866e+01 1.864145207424962702e+00
1.823541740772094144e+01 1.800337823543349813e+00
1.453268674633523716e+00 1.901550627809749816e+00
1.167485985957323891e-01 2.863180781054242896e+00
8.635424507306410646e-01 -1.237081885125119740e+00
1.053950886879217563e+01 -3.441849504854991082e+00
6.627872128503426552e+00 -3.889039164238164759e+00
6.715177444754319325e+00 -4.145668715731273934e+00
1.188350995238922181e+01 -5.833256051971986267e+00
1.708647892636086851e+01 -1.189533184928176723e+00
1.819460852171043541e+01 1.492029254052725573e+00
1.536906608231727134e+01 -1.669488069183781676e+00
1.921469367125239813e+01 3.238631446777704426e-01
1.457348800716143700e+00 1.259086101947244796e+00
6.529214881802209547e+00 -5.022473757732040411e+00
1.363258213282942677e+01 -2.179444267760572984e+00
9.134510273627421739e+00 -5.241214660029854144e+00
1.807439318654186877e+01 3.342505460698961262e+00
3.705777392513181390e+00 -6.370321170572745828e-01
4.903310225459023286e-01 8.285375766694293986e-01
3.506122813805779614e+00 -5.774321860585294175e-01
1.703593145711307244e+01 -5.909803944144957910e-01
1.979317973795542329e+01 -5.498207214235772966e-02
1.174276330827316528e+00 1.994998059720296535e+00
-9.440677687176517452e-01 3.373458428983830970e+00
2.016492498936649724e+01 3.048072886473950138e+00
-1.139428169842702232e-01 -1.376809314873566059e+00
1.946307948590666115e+01 -1.688009269736679308e+00
1.644573144477529425e+01 -2.501475309263974545e+00
1.374723063580557536e+01 -2.967439554386242406e+00
1.067032473622980859e+01 -3.194770094403994065e+00
7.883774303975448206e+00 -6.226874871869638284e+00
3.172642522558235534e+00 3.619147949316241508e-01
6.824175229336202797e+00 -4.206102438285176603e+00
2.096651890124321405e+00 3.489688155371606371e-02
1.513803955245607291e+01 -1.773699717270964094e+00
1.502084453053642221e+01 -2.856393190104797419e+00
5.460465554415926626e+00 -3.234700933924692379e+00
1.370316101763389405e+01 -4.740209536040790539e+00
9.359739387604696148e+00 -4.688964584783819944e+00
3.189924859587767614e+00 -2.347455292263272320e+00
6.325060196538032642e+00 -2.784299239706600204e+00
2.178825795050994074e+01 3.503100259450377063e+00
4.161461132499747251e+00 -4.125806007775773665e+00
3.079187305766978078e+00 -4.787905601316586157e+00
7.456979922549654916e+00 -3.696737226955628230e+00
1.973736482863384367e+01 3.440718444915551011e+00
6.874025877548347374e+00 -4.156344638835610894e+00
-1.816548275279393110e+00 4.724852228217959471e+00
6.433200425512966447e+00 -5.239562578860551767e+00
1.858830779350625306e+01 5.973617339268795234e-01
3.579028479413863373e+00 -4.305533671494192305e+00
1.782372192102667796e+01 3.042196634696350266e+00
1.739732546458876072e+01 -2.468660272840346614e+00
-6.664951771779428213e-01 1.767186533198440213e+00
7.697676486862492951e+00 -3.412816991984174209e+00
1.580895789320935663e+01 -4.819366245985840180e+00
9.874252898379467069e+00 -6.889402735641720454e+00
-1.008659817665117586e+00 4.310085815200856985e-01
6.507278693614925835e+00 -3.969321485003650452e+00
1.079783115634660362e+01 -3.767094006561041653e+00
1.349751457893819051e+01 -3.416263470074076380e+00
1.140321396843746271e+01 -4.365912357366461549e+00
1.520640059031098801e+01 -4.624653864048630325e+00
1.933533549955159359e+01 7.275382508346766031e-01
1.264815286114163939e+00 -4.761722203470126757e-01
-2.537038916441556324e-01 3.893835130151748203e-01
1.861066748628307010e+00 -1.576771587413328568e+00
7.184477887041152755e+00 -5.389940879820265707e+00
1.699382113503890679e+01 -2.248565815171009952e+00
-1.908404024845149038e+00 3.988281445804849223e+00
9.444233368312275445e+00 -6.408017165626587186e+00
8.898980209249460316e+00 -3.284863110189988333e+00
9.304546705615299729e+00 -4.177935844374344398e+00
3.790867518079177323e+00 -3.830838736398490596e+00
2.047931367201532638e+01 2.610079585303499705e+00
6.238019805360504044e+00 -2.660836356027065364e+00
1.665162476261923530e+01 -3.447792945635699269e-01
1.491821087533226908e+01 -1.469231475447192459e+00
6.797775884085453413e+00 -2.990118525299565455e+00
1.081668926589416913e+01 -2.970342129546764909e+00
1.983397534845294530e+01 2.197757774915182427e+00
1.677090495760427302e+01 -3.142381702007215338e+00
1.837599113726389177e+01 1.091480534680678183e+00
1.575201198812232839e+01 -1.947386504305696597e+00
2.698987276540828262e+00 -6.588839123449856672e-01
1.816257839656185524e+01 -2.715121470273415660e+00
1.520357366805617616e+01 -3.147245344025083824e+00
1.612145574313769458e+01 -2.797052624283393740e+00
2.091401517503401308e+01 3.683216299732046561e+00
5.506864644042495094e+00 -2.989459284692093988e+00
1.968869806698977243e+01 2.587080014101711178e+00
3.098341182891635626e+00 -3.323726868473903195e+00
7.434491160933296428e+00 -4.819165180114321601e+00
1.292566439271839407e+01 -2.595611477957890934e+00
4.310677014438643262e+00 -2.104613641994107276e+00
8.157724159689017540e+00 -5.225578470350287219e+00
1.786414316220527354e+01 -3.617990186813452524e+00
4.778825889618296685e-01 2.734586213384739839e+00
5.012122978334677903e+00 -4.535646858449620566e+00
5.134268032044374763e+00 -3.084969548860943434e+00
6.036272247787924705e+00 -3.248363421545972685e+00
1.328476510118621512e+01 -5.517567055197790893e+00
-4.473301617486260540e-01 2.108919327856551895e+00
2.012423494260398904e+00 1.452523400748750859e+00
6.318461012987299341e+00 -5.738825619079369389e+00
1.857218074130756236e+01 8.247357708476528160e-01
1.534983136603740661e+01 -1.318932847976837408e+00
7.026412958898439420e+00 -5.083476367893910108e+00
1.633384845467427837e+01 -3.292453117753094460e+00
1.749046272963742155e+01 1.852601518783769663e+00
1.396556524612959471e+01 -2.464396281525612409e+00
1.310418951192930948e+01 -3.052995372198145319e+00
2.127236156354003427e+00 2.113984741477035634e+00
3.235051350164684258e+00 -6.712871159065958437e-02
9.754818820688214487e+00 -5.450338471881572389e+00
-1.004599346586887876e+00 4.294434237616494343e+00
1.861478018143420599e+01 -1.289735175551638413e+00
8.832350708192883815e+00 -3.224052953873925986e+00
2.795489670918925640e+00 -2.879129722454049300e+00
3.634754549722419625e+00 -4.617485841774081834e+00
1.766343036942332390e+01 -1.894124256403879158e+00
1.618558449049616854e+01 -2.302750052942421632e+00
1.847265383821226337e+01 1.609147359444970338e+00
7.707813223434859751e+00 -3.489322128504646514e+00
2.076700717537569219e+01 4.076206231550251857e+00
1.310323701614965941e+01 -5.386971063835696683e+00
1.017040468926603758e+01 -6.024669550635856297e+00
7.784344981348381154e+00 -4.803125584906995371e+00
1.865711178020900718e+01 -1.213365048846298144e+00
8.948893628207471806e+00 -5.217339145302222647e+00
9.570595873042595514e+00 -3.866510927458836733e+00
4.051079685066781622e+00 -8.111597792211862057e-01
1.523877057904122978e+00 -2.986593320343168934e+00
2.312155099030519523e-01 1.065771751946420931e+00
-8.671847653328921268e-01 2.690217234941469915e+00
2.528677907525384683e+00 -4.170665713345119485e+00
2.230201853531960765e+00 -1.192193872958830170e+00
1.027744343360951440e+01 -3.917072019462738197e+00
1.964016833967353293e+01 -6.033834963451347733e-01
1.828094920020116732e+01 4.668462731234277463e+00
6.166175209053438522e+00 -4.062237668154390136e+00
1.082897341110519918e+01 -6.211384944044153755e+00
6.175896766670844862e+00 -4.628209436062219240e+00
1.946188607920446145e+01 3.197659722792430159e+00
1.867232328409769337e+01 3.665474499207513226e+00
1.165694620573453122e+01 -2.890468702412514190e+00
3.620698377768263754e+00 -1.908764400483034862e+00
1.196274248605680768e+00 2.659237704182530582e+00
8.280967238355959381e+00 -6.118237141559445647e+00
2.136519239179117591e+01 1.479199702880762857e+00
1.522351734217647667e+01 -5.187631360091389254e+00
1.983830338370449198e+00 -2.588048298822810622e+00
1.361171183155251185e+01 -2.627213747365275687e+00
6.303911857791764106e-01 1.973916068615656272e+00
1.153287087761132312e+01 -5.786548730518310535e+00
1.245314218233559700e-01 4.671699233866606349e+00
2.003871596023536483e+00 -2.298421613719123791e+00
-6.849035824914935233e-01 3.140835892813400143e+00
-9.396381824232431512e-01 3.323179579780683124e+00
2.069058551266628854e+01 1.711801006238382161e+00
1.799309456570217236e+01 2.773313001967884883e+00
-6.040087251456629502e-01 3.990992690278541755e+00
8.806161456337610716e+00 -3.274688021647442326e+00
1.694393916619637608e+01 -4.523154561140513508e+00
9.679073435332638198e+00 -3.761699384146401925e+00
4.894314386167515352e-01 4.905983363509585971e+00
1.089992582301260171e+00 2.724249780773240204e-01
1.765762149065370323e+01 7.466900482196834332e-01
9.441525318719746096e+00 -6.357622433340983648e+00
1.283032900007057542e+01 -4.843223462452202810e+00
1.412584793340418798e+01 -4.404286736948348491e+00
7.660653521082127604e+00 -4.117898239287884010e+00
-1.466076065535867556e+00 4.070329911789004385e+00
1.446055079771111451e+01 -3.837760259354192627e+00
1.870266421867900064e+01 -2.147109664256236172e+00
5.238785187925323328e+00 -1.429734803202679316e+00
9.156094154827787435e-01 3.775830958456544373e+00
-1.588463096921728379e-01 4.023838145166067193e+00
9.806632000617289791e+00 -3.482640639562479379e+00
2.079124620486915020e+01 4.834471049802711029e+00
4.252363551713197687e+00 -8.170266891596726921e-01
1.588719322564323022e+00 4.101429283075845866e+00
1.529925626669776051e+01 -3.328483551472826818e+00
1.680161455204663312e+01 -1.083175163964766874e+00
1.412385424178162374e+01 -3.700624460404940308e+00
1.691536791728078981e+01 -3.134353817995862101e+00
9.165671557704079930e+00 -6.957476260621019648e+00
1.299587838061663092e+01 -3.357768778466400761e+00
1.958459346111910193e+01 3.022504133018427019e+00
1.934678514212748723e+00 -1.127805053849493255e+00
2.117130325055948958e+01 1.549452134825598293e+00
6.442353615454560867e+00 -3.073792384833796021e+00
-2.980625977964059814e-01 3.928609663406906982e+00
1.588684875390304896e+01 -4.951890747748464605e+00
1.436091634373590153e+01 -3.172267127330503200e+00
1.631933618146250353e+01 -2.398305877950897447e+00
2.787608313894255119e+00 -2.849393977711942583e-01
-9.521694478099291814e-01 2.141730730344263200e+00
1.018506309442817859e+01 -6.979821438787102039e+00
2.123278239733833317e+01 1.778957877321870829e+00
7.113381263660603082e+00 -3.450244798070695396e+00
1.535489358150048744e+01 -4.644627058297716715e+00
1.497968796099159405e+01 -3.298060350457349799e+00
8.809527240979791785e+00 -6.477658639533663276e+00
6.833057289376700538e-01 -1.288470439493326403e+00
1.650253365783614257e+00 -5.461672478413159837e-02
3.308130034651041385e+00 2.623335117779275194e-01
1.924332490051537192e+01 -6.739065172634166601e-01
1.706140967598925329e+01 -2.988499729464189514e+00
-9.205503477691081571e-01 3.611382496563467548e+00
-1.265610318906867704e+00 1.342698840934494431e+00
1.946763133821847447e+01 -2.362334175375147893e+00
3.448366540109791600e+00 -2.702702548890796308e+00
9.339591936252331195e+00 -5.855967001771452018e+00
1.889520281415864389e+01 3.174856026798249964e+00
1.631731680604843504e+01 -5.623301989143696389e-01
2.070323490039657344e+01 3.172933490116164101e+00
1.454508366298805555e+01 -5.511251579828225999e+00
1.396471843277780067e+00 4.796427524296589695e+00
1.768957544506734791e+01 2.456184994371342967e+00
1.733688742085586654e+01 -4.345593853310568022e+00
1.715225227153627685e+01 5.242744054827772615e-01
1.865848467657425402e+00 1.925900383427301854e+00
-7.158637127150289103e-01 -2.573309892888318018e-01
2.471925768997481399e+00 -2.447210084023510035e-01
4.979737160065295321e+00 -2.842314284772305299e+00
1.360137456956421076e+00 1.413905571872112521e+00
3.769896069952644702e+00 -3.165480474481292106e+00
1.205449367896448187e+01 -5.653886567426228638e+00
1.203733403291118975e+01 -2.758876903464008379e+00
7.918969361153447295e-01 2.151075884639256142e+00
1.825413006448698638e+01 2.281690258423668460e+00
1.651185041935050180e+01 -3.017294314898197882e+00
1.266324376446520183e+01 -5.402962964998213380e+00
1.179125924541451020e+01 -6.271542679654459107e+00
1.338768724640705621e+01 -4.419890429548123834e+00
7.345261776465728865e+00 -4.816592020722866963e+00
1.849540664930987077e+01 1.822202773755934313e+00
4.985647566264417740e+00 -4.881382469732692186e+00
5.234335330835198974e+00 -1.504442939404126101e+00
-1.007073052189646489e-01 1.915745104106516550e+00
7.370668568081784500e+00 -6.243537763985180788e+00
1.185293318651087802e+01 -5.477009168481343337e+00
2.028993860334741228e+01 7.750194055028796214e-01
7.772100481066900102e+00 -4.341086844340047435e+00
1.061035032693180469e+01 -5.068019086227364411e+00
1.425613862039215718e+01 -6.003636651029626847e+00
1.587553663296244721e+01 -3.935673101135543916e+00
1.846691576062796258e+01 -1.441055550203097724e+00
1.042424712649813223e+01 -6.732130517416470283e+00
-1.476384658170735165e+00 3.944414720587421375e+00
6.219263574261127303e+00 -5.512654077256389229e+00
1.098419562762944857e+01 -6.061932366413406825e+00
6.584447475981800579e+00 -3.338065986826427078e+00
1.763460129598603032e+01 -7.073727674399563625e-01
1.236736545592585657e+01 -5.124091343866698622e+00
-1.188450703142507336e-02 4.860128734518042393e+00
2.045067586414483429e+01 4.121340340116388390e+00
3.584927900042599980e+00 -1.342964564245647807e-01
3.361057986943010611e+00 7.419104931980502471e-02
1.834568635022198890e+01 -2.300779458509574660e+00
1.680309247276059637e+01 -8.377802105933236376e-01
2.029484263658437726e+01 4.514410433773985432e-01
6.113014608377265624e+00 -2.597135595295812394e+00
5.317600831700105779e+00 -4.840235519889217741e+00
1.552794097260186135e+01 -2.656209835595582547e+00
1.377938143820405870e+01 -3.853929058162568921e+00
3.441027389787278068e+00 -4.668001387025199733e+00
9.604395647932060243e+00 -6.915003124611056151e+00
1.194826908987889880e+01 -5.972014036022615713e+00
1.852975709631662937e+01 -2.779293897750224396e+00
2.924612066938755639e+00 -4.786071552039095067e-01
5.610787805638661752e-01 -1.788228883695078153e+00
1.267388776892481062e+01 -6.285390287965327616e+00
2.237966760521913123e+00 2.646553353599311098e+00
3.886364228392434228e+00 -1.038186880220944630e+00
8.090259907537014072e+00 -4.437132512822719477e+00
3.601604264245079179e+00 -2.188459555129153244e+00
1.862095071659627266e+01 6.523603854161326154e-01
1.870129322834781505e-01 4.985815799645469504e+00
1.334546417975342081e+01 -2.660676158778239930e+00
2.065290702201880890e+01 4.539725377677752860e+00
1.361469513481886473e+01 -2.981302357574222128e+00
3.901670296696587492e+00 -4.554503438162203821e+00
1.201167681026975131e+00 6.099707449156861472e-01
2.189473627417764412e+00 -1.025701935502414841e+00
1.780977623825809175e+01 5.405865713281912122e-01
7.215398185622065697e+00 -5.845249454031646863e+00
2.990718243831569367e+00 -1.693708053250467138e+00
8.112018392521171961e+00 -4.568092178772149126e+00
3.665147537317351656e+00 -1.819561760748860557e+00
-4.370446921019475184e-01 3.500319809405250115e+00
6.032485958599644427e+00 -5.724399121615151742e+00
1.570671713342627385e+01 -4.551317362902588926e+00
1.771844303409151067e+01 -1.593065328399130287e+00
4.643942570186067265e+00 -1.717161105157344991e+00
3.152462985800863038e+00 3.953787710018321633e-01
1.347581390135557022e+01 -3.389959603106753150e+00
2.029382559949351972e+01 1.815570877398986482e+00
4.340119956256282663e+00 -4.517796173645391988e+00
-4.526878119694011104e-02 3.649475490706467262e+00
1.670189522358409207e+01 1.529271796355269331e-01
7.823057243349492929e+00 -4.482476070289926895e+00
1.852427700772395980e+01 4.753669695685690755e+00
1.859205084486125514e+01 3.019124255934666934e+00
1.646075044170725477e+01 -8.507574122232348657e-01
8.018938886351143935e+00 -4.362672905831786352e+00
5.641794628956946944e+00 -4.324529257291757744e+00
1.670317924067445503e+00 -1.144591732833922570e+00
3.593006729670705113e+00 -3.615288493355411248e+00
1.939331509222838434e+01 2.524204341409037600e+00
1.284836831283999636e+01 -3.794459584940092611e+00
2.008947447843230094e-01 -1.415068625539558589e+00
1.183236501801665597e+01 -5.976665884271900708e+00
5.146121849271336757e+00 -4.567666194571383897e+00
1.312203085397077729e+01 -3.594144727152940533e+00
6.564000771318970529e+00 -5.315171471703916239e+00
1.692071973183850275e+01 -2.892224688368776775e+00
2.001623831656229768e+01 3.069398471683872032e+00
1.930826874852647279e+01 4.682238732196709385e+00
2.724027141337058033e+00 3.541806921219086135e-01
-1.444933643240258192e-01 -8.787231808830053836e-02
6.380840395928221831e+00 -4.443639134054652828e+00
7.578632870830940504e+00 -2.988144197751426034e+00
1.538299028780156519e+01 -4.409686393297906903e+00
7.504385456753137618e-01 1.276643135091080516e+00
2.040127567780340456e+01 2.514381092625074476e+00
4.925598647486930659e+00 -3.291700466990139518e+00
1.050083480800205393e+01 -6.058858483609906642e+00
2.137963998492480044e+01 3.294603201412920512e+00
1.180303920672375817e+01 -6.512704630539481343e+00
2.058828889776688698e+01 1.518452256127803324e+00
-9.005778353269047187e-01 4.182827241385636441e+00
-6.399226789825167572e-01 3.917249443213188798e-01
1.304380561860561372e+01 -3.121693795150795481e+00
4.541148659676061072e+00 -3.246436007131787704e+00
-1.083822610593134783e+00 4.340098527317140409e+00
1.853005214728658956e+01 -2.829309135296314004e+00
1.180126203742276125e+01 -4.737336948513194201e+00
1.281704345371699105e+01 -3.625694503683513759e+00
1.055831388812234728e+01 -4.713593297038720209e+00
2.149479721781369079e+01 2.232764930289462324e+00
1.985493256215434599e+00 3.114289858821193135e+00
1.593496919006769019e+01 -3.574557934947778293e+00
2.028368516290488088e+01 1.082394168271640034e+00
3.798414551605970857e+00 -5.147508757704857274e-01
1.317783610057683674e+01 -2.584668213172106377e+00
1.663231741445005696e+01 -1.114785968614898870e+00
3.353503764743747340e+00 -2.367979956447365808e-01
5.893109201108153172e-01 4.202606276037847977e-01
1.887662724225247857e+01 9.890258335538320011e-01
1.690214688982192115e+01 -7.380686868130563738e-01
5.812514722441264325e-03 1.459606904919700465e+00
1.800461515463615569e+01 3.151663165020718971e+00
-6.953757905026982655e-01 4.378797480647167006e+00
3.748394566929973415e+00 -1.455008626556836049e+00
4.954087902606968186e+00 -1.771434122410399326e+00
1.965557505505884706e+01 3.201132028213300451e+00
1.345145454921611261e+01 -3.945308185139211332e+00
4.203083220157801669e+00 -1.715184491181490856e+00
1.579149701530894490e+01 -1.845116754886061194e+00
2.102398895340332530e+00 2.321090589443041807e+00
5.903322652756235911e+00 -5.196652028185331673e+00
4.186864690208152773e+00 -1.933722878631924047e+00
8.081071110781223865e-02 3.096290067936928736e+00
5.271467406045957205e+00 -5.690830004846597845e+00
1.397235836556198763e+00 -2.971048809205906416e+00
1.520608575994437039e+01 -5.195611845556605601e+00
1.051082132448679651e+01 -6.003588479160816505e+00
5.690957265306827217e+00 -3.088565107396199494e+00
1.695538553058000275e+00 -3.303579378677593326e+00
9.036567900249597329e+00 -6.724134963423214373e+00
-2.747500815342043268e-01 4.594503592630867495e+00
1.815694670387514265e+01 3.780457140578201702e-01
1.915503194374069196e+01 3.907991828019983238e+00
6.816908076716411635e+00 -2.558888607469372189e+00
5.342444919989456587e+00 -4.137955404177235508e+00
5.994587904416549762e+00 -5.849870970811025472e+00
1.925114849654096716e+01 -2.329428188998873495e+00
1.842247132313882929e+00 -1.495813357771602625e-02
1.718170764138279694e+01 1.274937166124276100e+00
1.699904804198832053e+01 -3.469236064105146511e+00
1.490089605729864886e+01 -3.818618402554372793e+00
9.680142957552677174e+00 -4.846634277028680771e+00
1.658395611842303907e+01 -1.497185022203058047e+00
4.333112296339187708e-01 3.357034679694289814e+00
1.960167046039391892e+01 1.210995162377081602e+00
5.734496393684125337e+00 -5.512811515463432954e+00
1.695245769076312570e+01 -3.540434683421993967e+00
7.167489964379550216e+00 -4.317837688056423318e+00
2.971905769550585497e+00 -4.043440306478743196e+00
1.858276622083886664e+01 1.735952528710045684e+00
1.798918175545714604e+01 -3.378467539193417579e+00
8.981366163211127684e+00 -4.506010605217689147e+00
1.365807322205002450e+01 -4.821821284008812825e+00
1.008158820246968901e+01 -5.013591663687677169e+00
1.037354726972934493e+01 -6.463415879058944213e+00
1.638932874477065127e+01 -2.409232472287714089e+00
1.733636181053063297e+01 1.794318150446001514e+00
1.162061042690123003e+01 -3.174541086971933268e+00
1.078320783841458130e+01 -5.838644001745423751e+00
8.379618421180161647e+00 -5.180564723308277664e+00
5.089967409617450755e+00 -5.511313514542067082e+00
1.636994516070816275e+01 -4.020509788552983466e+00
1.592805181561054262e+01 -3.655243813021870736e+00
5.222239516595723607e+00 -3.242389394518548684e+00
9.922070998735712521e-01 -1.837247644903733601e+00
7.993853085247000223e-01 4.065009721596409165e+00
3.457145950791756128e+00 -2.433234139153242381e+00
2.300784259648306573e+00 -1.996181044041062336e+00
5.771928339101002337e+00 -4.566442665324592198e+00
2.300954271274982865e+00 1.426743375675247005e+00
2.508741252066611693e+00 -4.180862360160073621e+00
