5.000000000000000000e+00 1.235704989985466629e+00
5.000000000000000000e+00 3.777247833255648501e+00
1.000000000000000000e+00 2.327864883004482799e+00
1.000000000000000000e+00 3.399768599507084765e+00
1.000000000000000000e+00 1.545776120226491024e+00
1.000000000000000000e+00 4.352300194905306618e+00
5.000000000000000000e+00 2.898077622185435853e+00
5.000000000000000000e+00 2.461655322328185402e+00
1.000000000000000000e+00 1.573469126718256783e+00
3.000000000000000000e+00 5.705140494639476145e+00
1.000000000000000000e+00 2.994673565994187658e+00
3.000000000000000000e+00 3.958698222449983817e+00
3.000000000000000000e+00 2.405277196912189552e+00
3.000000000000000000e+00 4.009884539551432425e+00
3.000000000000000000e+00 1.385777740231479704e+00
3.000000000000000000e+00 4.293629235483483519e+00
3.000000000000000000e+00 1.079821454717807105e+00
5.000000000000000000e+00 2.193819674334259062e+00
1.000000000000000000e+00 2.196667236693544911e+00
5.000000000000000000e+00 3.637023983079292755e+00
1.000000000000000000e+00 2.332362795227472141e+00
3.000000000000000000e+00 2.425698729962276090e+00
1.000000000000000000e+00 1.232379639180793296e+00
1.000000000000000000e+00 6.479497242758928133e-01
3.000000000000000000e+00 6.547769030282108993e-01
5.000000000000000000e+00 4.523481097377634264e+00
1.000000000000000000e+00 3.277574106354377736e+00
3.000000000000000000e+00 3.346543309904044528e-02
1.000000000000000000e+00 2.707768338014181264e+00
3.000000000000000000e+00 1.748192095613207098e+00
3.000000000000000000e+00 3.237875343144504203e+00
3.000000000000000000e+00 2.898338003702971122e+00
4.000000000000000000e+00 3.934869856140998934e+00
1.000000000000000000e+00 4.290039815954076907e+00
1.000000000000000000e+00 2.662206953996599790e+00
5.000000000000000000e+00 4.695511846133420875e+00
5.000000000000000000e+00 3.524033063779591135e+00
3.000000000000000000e+00 2.400909559991255993e+00
3.000000000000000000e+00 7.967673471238018168e-01
5.000000000000000000e+00 9.868551042998358058e-01
5.000000000000000000e+00 1.975017870913443163e+00
1.000000000000000000e+00 4.911077583330373031e+00
1.000000000000000000e+00 2.600681526062397442e+00
1.000000000000000000e+00 4.365898928772813825e+00
5.000000000000000000e+00 4.445034997186051440e-01
3.000000000000000000e+00 3.506735118387461547e+00
1.000000000000000000e+00 4.490876853441906569e+00
1.000000000000000000e+00 4.031929637650464748e+00
3.000000000000000000e+00 2.825268884042491990e+00
3.000000000000000000e+00 1.869208793352084230e+00
5.000000000000000000e+00 2.526342885221820378e+00
5.000000000000000000e+00 2.374157037660105107e+00
5.000000000000000000e+00 2.456414529018300374e+00
5.000000000000000000e+00 2.211282442118573055e+00
5.000000000000000000e+00 3.626298826573249645e+00
3.000000000000000000e+00 3.077099524165579414e+00
5.000000000000000000e+00 4.813409858205661251e+00
1.000000000000000000e+00 4.560076566248545404e+00
5.000000000000000000e+00 1.979243316220830273e+00
5.000000000000000000e+00 4.792733725565134328e+00
5.000000000000000000e+00 3.681800563795453396e+00
1.000000000000000000e+00 1.133421471731206331e+00
1.000000000000000000e+00 2.183343441199457224e+00
1.000000000000000000e+00 4.353004539907139758e+00
3.000000000000000000e+00 3.452264698382344843e+00
3.000000000000000000e+00 4.283586604656271390e+00
3.000000000000000000e+00 1.856839140174984526e-01
3.000000000000000000e+00 2.050213565447393638e+00
3.000000000000000000e+00 3.246576951954308399e+00
3.000000000000000000e+00 2.888266381744726274e+00
5.000000000000000000e+00 8.943669035826820046e-01
3.000000000000000000e+00 2.021935925602096784e+00
1.000000000000000000e+00 9.557475346499260116e-01
1.000000000000000000e+00 3.698581412491390719e+00
5.000000000000000000e+00 2.413260085177073133e+00
3.000000000000000000e+00 4.101439669526304677e+00
3.000000000000000000e+00 4.696547561820930916e+00
1.000000000000000000e+00 4.259894181404283664e+00
1.000000000000000000e+00 4.022233055814303349e+00
5.000000000000000000e+00 2.419244066839127960e+00
3.000000000000000000e+00 4.858802105253336556e+00
1.000000000000000000e+00 3.597668655343976951e+00
5.000000000000000000e+00 0.000000000000000000e+00
5.000000000000000000e+00 3.905043961626862625e+00
5.000000000000000000e+00 7.861220250633755846e-01
1.000000000000000000e+00 8.275245388547711745e-01
5.000000000000000000e+00 3.724339733728109447e+00
3.000000000000000000e+00 4.018742971734627467e+00
3.000000000000000000e+00 4.015277833269895957e+00
3.000000000000000000e+00 2.748165904553466543e+00
1.000000000000000000e+00 2.418356792383357767e+00
1.000000000000000000e+00 7.189959045721578956e-01
3.000000000000000000e+00 5.191352355531777540e+00
1.000000000000000000e+00 6.430210503867217486e-01
3.000000000000000000e+00 4.946274024154276638e+00
1.000000000000000000e+00 1.707649966791414453e+00
5.000000000000000000e+00 1.716203309504996444e+00
1.000000000000000000e+00 3.948608223313668120e+00
3.000000000000000000e+00 4.012409126626462985e+00
3.000000000000000000e+00 2.670370993457575892e+00
5.000000000000000000e+00 7.746771758216748349e-01
5.000000000000000000e+00 1.631856505825205694e+00
3.000000000000000000e+00 2.912099903185448646e+00
1.000000000000000000e+00 3.400350225912637470e+00
1.000000000000000000e+00 1.713761606984337771e+00
3.000000000000000000e+00 4.366221460239957608e+00
3.000000000000000000e+00 6.035609025875515954e+00
2.000000000000000000e+00 4.377984698312372913e+00
3.000000000000000000e+00 1.467753195454909232e+00
1.000000000000000000e+00 2.136117649838217059e+00
5.000000000000000000e+00 3.597541941387432995e+00
5.000000000000000000e+00 1.482344358349805047e+00
1.000000000000000000e+00 0.000000000000000000e+00
1.000000000000000000e+00 2.973309821719614554e+00
1.000000000000000000e+00 6.554137774576475062e-01
1.000000000000000000e+00 2.017330050940706165e+00
3.000000000000000000e+00 1.290311608263811971e+00
3.000000000000000000e+00 2.110983516787575898e+00
3.000000000000000000e+00 2.986712982731559052e+00
5.000000000000000000e+00 2.213355521648598057e+00
3.000000000000000000e+00 2.322343855061274276e+00
1.000000000000000000e+00 2.442301882976544380e+00
3.000000000000000000e+00 5.853045199227658202e+00
3.000000000000000000e+00 2.839515326512848326e+00
3.000000000000000000e+00 2.325564195669860723e+00
5.000000000000000000e+00 4.962701738697580467e+00
5.000000000000000000e+00 3.436783722111044437e+00
3.000000000000000000e+00 3.858555005956366912e+00
1.000000000000000000e+00 3.494205760252018234e+00
3.000000000000000000e+00 4.228762028993418909e+00
5.000000000000000000e+00 1.323824884933461066e+00
1.000000000000000000e+00 7.963323272502550454e-01
3.000000000000000000e+00 5.128798299255074689e+00
1.000000000000000000e+00 6.609551497380025120e-01
1.000000000000000000e+00 2.215755270894520290e+00
1.000000000000000000e+00 1.924867200512565546e+00
3.000000000000000000e+00 4.433245580703149891e+00
3.000000000000000000e+00 4.681243834992752539e+00
5.000000000000000000e+00 2.953672918676755632e+00
5.000000000000000000e+00 2.811719631561257149e+00
5.000000000000000000e+00 3.045593318258006388e+00
3.000000000000000000e+00 1.566053888618050616e+00
5.000000000000000000e+00 1.276340812656435508e+00
3.000000000000000000e+00 5.124929860295961426e+00
3.000000000000000000e+00 2.897679324355548314e+00
5.000000000000000000e+00 6.014225708900842182e-01
3.000000000000000000e+00 2.973968144995736917e+00
5.000000000000000000e+00 3.011468082313570882e+00
5.000000000000000000e+00 3.775800436557891882e+00
5.000000000000000000e+00 2.360562236789954138e+00
5.000000000000000000e+00 3.086043882850230791e+00
1.000000000000000000e+00 6.646645837266363932e-01
1.000000000000000000e+00 1.486021143051365456e+00
3.000000000000000000e+00 3.077378799662509490e+00
1.000000000000000000e+00 5.114921404946456418e-01
5.000000000000000000e+00 3.691933932481971326e+00
1.000000000000000000e+00 2.372114375174117828e+00
3.000000000000000000e+00 4.882885099004038665e+00
5.000000000000000000e+00 2.133573630193458470e+00
1.000000000000000000e+00 5.259043067757338541e+00
1.000000000000000000e+00 4.781050532673134512e+00
5.000000000000000000e+00 1.070061992707363796e+00
1.000000000000000000e+00 1.259862321564994891e+00
5.000000000000000000e+00 1.688717878773105863e+00
3.000000000000000000e+00 4.720917392305926441e+00
3.000000000000000000e+00 5.132153542593163031e+00
5.000000000000000000e+00 3.461853269743830008e+00
1.000000000000000000e+00 3.723705752690691817e+00
1.000000000000000000e+00 3.666293127720322786e+00
1.000000000000000000e+00 1.928729673405262579e+00
3.000000000000000000e+00 9.987428739803015931e-01
1.000000000000000000e+00 3.433064132052010553e+00
5.000000000000000000e+00 3.608912649672719741e+00
3.000000000000000000e+00 2.764548776001725106e+00
3.000000000000000000e+00 2.920098159428890838e+00
5.000000000000000000e+00 4.377485410479486916e+00
3.000000000000000000e+00 4.782308390121031039e+00
1.000000000000000000e+00 1.194912122448641201e+00
3.000000000000000000e+00 3.457232429484410563e+00
1.000000000000000000e+00 6.884070016781729251e-01
1.000000000000000000e+00 1.109277408463874126e+00
3.000000000000000000e+00 3.741336305405360996e+00
1.000000000000000000e+00 8.328588634934062096e-01
1.000000000000000000e+00 4.547338067264346861e+00
1.000000000000000000e+00 2.655248849206984119e+00
4.000000000000000000e+00 4.513195323984657392e+00
5.000000000000000000e+00 4.896403351053851161e+00
3.000000000000000000e+00 2.806784602519564409e+00
5.000000000000000000e+00 1.789486203182691249e+00
3.000000000000000000e+00 2.155819703318559544e+00
5.000000000000000000e+00 1.087115169473464871e+00
3.000000000000000000e+00 4.169097466376960881e+00
1.000000000000000000e+00 4.592939497810385241e+00
1.000000000000000000e+00 2.868536238971857166e+00
5.000000000000000000e+00 3.860978664028722473e+00
5.000000000000000000e+00 1.151806165917025115e+00
5.000000000000000000e+00 1.564431562860753910e+00
3.000000000000000000e+00 3.106348817534860807e+00
1.000000000000000000e+00 2.796924430118270521e+00
3.000000000000000000e+00 3.642370085234465815e+00
3.000000000000000000e+00 5.175608515811040977e-01
3.000000000000000000e+00 1.333754008169733440e+00
3.000000000000000000e+00 5.189096911515570731e+00
3.000000000000000000e+00 1.079896872532682073e+00
3.000000000000000000e+00 2.860128983168103378e+00
3.000000000000000000e+00 3.019127441207110518e+00
3.000000000000000000e+00 9.707285095230315797e-01
3.000000000000000000e+00 3.160244716728794589e+00
5.000000000000000000e+00 2.341538333486428591e+00
1.000000000000000000e+00 1.602272967625373523e+00
5.000000000000000000e+00 4.806982150876877746e+00
1.000000000000000000e+00 3.278056478590865019e+00
3.000000000000000000e+00 2.888435810675288540e+00
1.000000000000000000e+00 2.544845021378867589e+00
5.000000000000000000e+00 1.854035162758630895e+00
5.000000000000000000e+00 1.503026823939882739e+00
1.000000000000000000e+00 4.791443324076577248e+00
5.000000000000000000e+00 2.918519669487124268e+00
3.000000000000000000e+00 1.439673515116686842e+00
5.000000000000000000e+00 3.587372607696365456e+00
3.000000000000000000e+00 2.812918798977438239e+00
3.000000000000000000e+00 4.725676263294587010e+00
3.000000000000000000e+00 2.373061638730743272e+00
3.000000000000000000e+00 5.138993850266416530e+00
1.000000000000000000e+00 1.254309566710735790e+00
5.000000000000000000e+00 3.797375342631708062e+00
5.000000000000000000e+00 2.336400885021345353e+00
3.000000000000000000e+00 4.252695673559535372e+00
3.000000000000000000e+00 2.217739622033024549e+00
1.000000000000000000e+00 5.232032396685811548e+00
1.000000000000000000e+00 3.664876172291806178e+00
3.000000000000000000e+00 2.710860589770487383e+00
3.000000000000000000e+00 4.754086663670589630e+00
1.000000000000000000e+00 5.369099155342213159e+00
1.000000000000000000e+00 2.966526235438756931e+00
5.000000000000000000e+00 1.717544901400487545e+00
5.000000000000000000e+00 3.890926023009797063e+00
5.000000000000000000e+00 2.850237364269189388e+00
1.000000000000000000e+00 3.777966805444641363e+00
3.000000000000000000e+00 1.485791084686594044e+00
3.000000000000000000e+00 4.840909140853193904e+00
1.000000000000000000e+00 1.780705041743822381e+00
3.000000000000000000e+00 4.287788479025500976e+00
1.000000000000000000e+00 5.976671981688271629e+00
3.000000000000000000e+00 2.637768342920558506e+00
3.000000000000000000e+00 4.304075612911970161e+00
5.000000000000000000e+00 9.509934741328412988e-01
3.000000000000000000e+00 1.979048917509608208e+00
5.000000000000000000e+00 2.831067632195927608e+00
5.000000000000000000e+00 1.709205558124997859e+00
3.000000000000000000e+00 3.321636413923921172e+00
5.000000000000000000e+00 3.970375579350942097e+00
1.000000000000000000e+00 2.890801091246701482e+00
1.000000000000000000e+00 1.420882743530988312e+00
3.000000000000000000e+00 3.652694916141699721e+00
3.000000000000000000e+00 2.998069187072630370e+00
3.000000000000000000e+00 3.032649930197881094e+00
3.000000000000000000e+00 4.616067357265462689e+00
4.000000000000000000e+00 5.068295325640850280e+00
3.000000000000000000e+00 2.439037913909598565e+00
3.000000000000000000e+00 5.287632303527861843e+00
3.000000000000000000e+00 4.958444992804254881e+00
3.000000000000000000e+00 3.706930585375337817e+00
3.000000000000000000e+00 5.021963309194632075e+00
1.000000000000000000e+00 4.353579770098953361e+00
1.000000000000000000e+00 3.421402924426325320e+00
5.000000000000000000e+00 2.568017418396303153e+00
3.000000000000000000e+00 5.142746520109480635e+00
5.000000000000000000e+00 3.219522743374914064e+00
3.000000000000000000e+00 2.582598973120906916e+00
3.000000000000000000e+00 1.192640062459969785e+00
3.000000000000000000e+00 1.788836255663071029e+00
1.000000000000000000e+00 4.658222664628192788e+00
3.000000000000000000e+00 5.096122784926651939e+00
3.000000000000000000e+00 4.244865567206103307e+00
1.000000000000000000e+00 2.189395809307503438e+00
4.000000000000000000e+00 4.222596490757927867e+00
1.000000000000000000e+00 2.982404460526850709e+00
3.000000000000000000e+00 3.783765029496378052e+00
5.000000000000000000e+00 1.269771816428340694e+00
3.000000000000000000e+00 2.510969205369320445e+00
3.000000000000000000e+00 4.847271893785132235e+00
5.000000000000000000e+00 3.195559744308749561e+00
5.000000000000000000e+00 1.746364646392907893e+00
1.000000000000000000e+00 3.899764758177904245e+00
3.000000000000000000e+00 8.425685662685149513e-01
5.000000000000000000e+00 3.161769641543868303e+00
1.000000000000000000e+00 4.864739562774000881e+00
1.000000000000000000e+00 2.982573425977821380e+00
1.000000000000000000e+00 4.519884731990978288e+00
5.000000000000000000e+00 3.757992080745421237e+00
5.000000000000000000e+00 4.425866926079062402e+00
1.000000000000000000e+00 6.483952935106520599e-01
5.000000000000000000e+00 2.604314408055061758e+00
3.000000000000000000e+00 3.838188482023352499e+00
1.000000000000000000e+00 5.026761947828963351e+00
3.000000000000000000e+00 2.382035075380830591e+00
3.000000000000000000e+00 1.763967831477315062e+00
5.000000000000000000e+00 2.734041465356690459e+00
3.000000000000000000e+00 2.822851717536181582e+00
3.000000000000000000e+00 4.320703154446735361e+00
5.000000000000000000e+00 1.820682775387050700e+00
5.000000000000000000e+00 2.473829655149121898e+00
3.000000000000000000e+00 3.147907771152465450e+00
1.000000000000000000e+00 4.472516560236089234e+00
3.000000000000000000e+00 2.163122874629122006e+00
1.000000000000000000e+00 5.686144229928795646e-01
1.000000000000000000e+00 2.225845417044749031e+00
3.000000000000000000e+00 2.514619911403222829e+00
1.000000000000000000e+00 1.051914707212717515e+00
1.000000000000000000e+00 1.232780530808236685e+00
3.000000000000000000e+00 4.031862493162329031e+00
3.000000000000000000e+00 1.509021783372112013e+00
3.000000000000000000e+00 2.466467300535736040e+00
1.000000000000000000e+00 4.578950490904698967e+00
5.000000000000000000e+00 3.627434414868448975e+00
1.000000000000000000e+00 5.128696058108373812e+00
1.000000000000000000e+00 2.817010342498436959e+00
5.000000000000000000e+00 2.280109665705770894e+00
3.000000000000000000e+00 5.275850380427384856e+00
5.000000000000000000e+00 3.692208757879584358e+00
1.000000000000000000e+00 1.160566509383412104e+00
3.000000000000000000e+00 4.464276130516764418e+00
3.000000000000000000e+00 5.433491516250158249e+00
1.000000000000000000e+00 2.706146005121263354e+00
3.000000000000000000e+00 3.714857767780451958e+00
5.000000000000000000e+00 3.061079056059496928e+00
1.000000000000000000e+00 1.445175223797105168e+00
1.000000000000000000e+00 3.060186762990448894e+00
3.000000000000000000e+00 1.396930996867636221e+00
3.000000000000000000e+00 4.381382573245054424e+00
1.000000000000000000e+00 1.668315051688711304e+00
5.000000000000000000e+00 4.022953691605071214e+00
1.000000000000000000e+00 2.593849082718036048e+00
4.000000000000000000e+00 4.219324741091673658e+00
1.000000000000000000e+00 1.335891536345904074e+00
5.000000000000000000e+00 1.936975660337005190e+00
5.000000000000000000e+00 3.586487643972732453e+00
1.000000000000000000e+00 1.745074967295850765e+00
3.000000000000000000e+00 1.785780633399743023e+00
1.000000000000000000e+00 2.682391773018888426e+00
3.000000000000000000e+00 5.308051494840134055e+00
1.000000000000000000e+00 2.262285013959798974e+00
3.000000000000000000e+00 4.964872927899071087e+00
3.000000000000000000e+00 1.891160464704336741e+00
1.000000000000000000e+00 4.459354765988155500e-01
1.000000000000000000e+00 3.243353199111046248e+00
5.000000000000000000e+00 2.861114160272732132e+00
1.000000000000000000e+00 3.477859076148948514e+00
5.000000000000000000e+00 1.565820143660427544e+00
1.000000000000000000e+00 2.535832816663932121e+00
1.000000000000000000e+00 6.123178952689233290e-01
3.000000000000000000e+00 1.416330646574400332e+00
5.000000000000000000e+00 7.363822814547327233e-01
3.000000000000000000e+00 1.376593557196244433e+00
4.000000000000000000e+00 5.083157633112286966e+00
3.000000000000000000e+00 1.181783684603280538e+00
1.000000000000000000e+00 4.013596163594375099e+00
3.000000000000000000e+00 4.230708045062342215e+00
5.000000000000000000e+00 4.995950691820769229e+00
5.000000000000000000e+00 4.030605773339455133e+00
5.000000000000000000e+00 1.524371873523117316e+00
3.000000000000000000e+00 5.121679912447546279e+00
1.000000000000000000e+00 5.540017375298049718e-01
4.000000000000000000e+00 4.813675447995081846e+00
1.000000000000000000e+00 3.723684977551033004e+00
1.000000000000000000e+00 9.997803795744710786e-01
5.000000000000000000e+00 3.627715419183682677e+00
1.000000000000000000e+00 2.478837056903508973e+00
5.000000000000000000e+00 2.150700629280303033e+00
1.000000000000000000e+00 3.445928800107856738e+00
5.000000000000000000e+00 9.699059062159327560e-01
1.000000000000000000e+00 4.851160675183867177e+00
1.000000000000000000e+00 3.314929028299053559e+00
5.000000000000000000e+00 3.119006928631853359e+00
1.000000000000000000e+00 3.577489001153199233e+00
1.000000000000000000e+00 2.197285803142165594e+00
3.000000000000000000e+00 2.584354648398583087e+00
3.000000000000000000e+00 3.485356517062551340e+00
3.000000000000000000e+00 2.472770330404444383e+00
5.000000000000000000e+00 1.476460318885496059e-01
1.000000000000000000e+00 1.210726500500567182e+00
5.000000000000000000e+00 4.450337696153621181e+00
5.000000000000000000e+00 9.342541826274822769e-01
1.000000000000000000e+00 2.416684012323260689e+00
1.000000000000000000e+00 4.127499183315818776e+00
3.000000000000000000e+00 2.870263707369358652e+00
5.000000000000000000e+00 3.962303050899768753e+00
5.000000000000000000e+00 3.282632029433075083e+00
5.000000000000000000e+00 1.072439696339512638e+00
5.000000000000000000e+00 5.035975091601443410e+00
1.000000000000000000e+00 4.549304041734052895e+00
3.000000000000000000e+00 2.236444290814709746e+00
3.000000000000000000e+00 4.104636375577963570e+00
3.000000000000000000e+00 4.336866464524125497e+00
5.000000000000000000e+00 3.812326336695640361e+00
1.000000000000000000e+00 9.334534346659093540e-01
1.000000000000000000e+00 3.574449030300019814e+00
3.000000000000000000e+00 0.000000000000000000e+00
3.000000000000000000e+00 3.149746805749707335e+00
5.000000000000000000e+00 1.927198496678989459e+00
1.000000000000000000e+00 8.540668079795681322e-01
4.000000000000000000e+00 5.090979104639696828e+00
3.000000000000000000e+00 2.217987722524766170e+00
1.000000000000000000e+00 3.457493211591436744e+00
1.000000000000000000e+00 5.550329271089735172e+00
3.000000000000000000e+00 4.172330662275033575e+00
1.000000000000000000e+00 3.304608074949196617e+00
3.000000000000000000e+00 1.389959782958664070e+00
5.000000000000000000e+00 1.814445560092068144e+00
5.000000000000000000e+00 4.199513697780997923e+00
5.000000000000000000e+00 3.304942808427081768e+00
3.000000000000000000e+00 3.414492445883036353e+00
3.000000000000000000e+00 5.204756663307283482e+00
3.000000000000000000e+00 3.350808936619915190e+00
3.000000000000000000e+00 6.128206523252557325e-01
1.000000000000000000e+00 3.394733054108871606e+00
3.000000000000000000e+00 4.676722697296309406e+00
4.000000000000000000e+00 5.296407283231384433e+00
1.000000000000000000e+00 2.060522231236806334e+00
3.000000000000000000e+00 2.537925088831948450e+00
3.000000000000000000e+00 2.033424817208096425e+00
3.000000000000000000e+00 2.107056602508177168e+00
3.000000000000000000e+00 1.591448327182785283e+00
5.000000000000000000e+00 9.000227813195194049e-01
3.000000000000000000e+00 6.480909559242371554e-01
3.000000000000000000e+00 5.215257325979493208e-01
5.000000000000000000e+00 2.962403126776118611e+00
1.000000000000000000e+00 5.869432162586002422e-01
5.000000000000000000e+00 1.815862038276125912e+00
3.000000000000000000e+00 4.095073183498613822e+00
3.000000000000000000e+00 2.034581045580663439e+00
1.000000000000000000e+00 1.799374345665832209e+00
3.000000000000000000e+00 4.796480283654347865e+00
5.000000000000000000e+00 4.811075404467622718e+00
5.000000000000000000e+00 2.287910519274410692e+00
5.000000000000000000e+00 3.261987917116110580e+00
3.000000000000000000e+00 3.190800188472947330e+00
5.000000000000000000e+00 2.890902720900434097e+00
2.000000000000000000e+00 4.428593794468934419e+00
1.000000000000000000e+00 2.741572615787665423e+00
5.000000000000000000e+00 2.693686506855259122e+00
3.000000000000000000e+00 4.518576114267666810e+00
3.000000000000000000e+00 1.365170087442002300e+00
5.000000000000000000e+00 3.293033106292297507e+00
1.000000000000000000e+00 5.011774292771046468e+00
3.000000000000000000e+00 3.570950994897275077e+00
1.000000000000000000e+00 8.207810255566145852e-01
5.000000000000000000e+00 3.229169961025480706e+00
5.000000000000000000e+00 2.910177269193586547e+00
3.000000000000000000e+00 3.779130840257505231e+00
1.000000000000000000e+00 1.995973624446270467e+00
5.000000000000000000e+00 2.618710699841838352e+00
3.000000000000000000e+00 4.084063207799922601e+00
3.000000000000000000e+00 4.730113289803932197e+00
5.000000000000000000e+00 3.994938007142604164e+00
3.000000000000000000e+00 5.021649993333473283e+00
5.000000000000000000e+00 3.194182169085264977e+00
5.000000000000000000e+00 1.864680548519880743e+00
3.000000000000000000e+00 2.917252377461734714e+00
5.000000000000000000e+00 3.822680028726322732e+00
3.000000000000000000e+00 4.869588758828932384e+00
5.000000000000000000e+00 3.965993259107363667e+00
5.000000000000000000e+00 3.043937234945124359e+00
3.000000000000000000e+00 3.189588258378448060e+00
3.000000000000000000e+00 2.828599412053458106e+00
5.000000000000000000e+00 4.618025885091535443e+00
1.000000000000000000e+00 3.078400422386129431e+00
3.000000000000000000e+00 1.621639781238632949e-01
4.000000000000000000e+00 4.819939406178466612e+00
5.000000000000000000e+00 1.466500768494605200e+00
1.000000000000000000e+00 4.846876295005039914e+00
1.000000000000000000e+00 2.780248767152200706e+00
5.000000000000000000e+00 3.803349071889121635e+00
3.000000000000000000e+00 9.256733394211298371e-01
5.000000000000000000e+00 3.625122007085892939e+00
4.000000000000000000e+00 5.136084769161357144e+00
5.000000000000000000e+00 4.656123908438945413e+00
1.000000000000000000e+00 2.704316304095644719e-01
1.000000000000000000e+00 1.995881960933634680e+00
4.000000000000000000e+00 4.407899523902123917e+00
5.000000000000000000e+00 8.258786829769897420e-01
3.000000000000000000e+00 2.118981508551152526e+00
5.000000000000000000e+00 1.121325367716692778e+00
1.000000000000000000e+00 9.821499060412739457e-01
5.000000000000000000e+00 4.755310805316367961e+00
5.000000000000000000e+00 2.760044677868612517e+00
5.000000000000000000e+00 1.714154473143797430e+00
3.000000000000000000e+00 1.505711524367751464e+00
5.000000000000000000e+00 3.254619710402912869e+00
3.000000000000000000e+00 5.214099848002798687e+00
3.000000000000000000e+00 1.432959454046894177e+00
3.000000000000000000e+00 3.686806949420888824e+00
5.000000000000000000e+00 1.091151832531475740e+00
4.000000000000000000e+00 4.924840444438139286e+00
5.000000000000000000e+00 4.621733293747658955e+00
1.000000000000000000e+00 3.894103562089174631e+00
5.000000000000000000e+00 3.196637903509675471e+00
1.000000000000000000e+00 4.354153770071518714e+00
5.000000000000000000e+00 2.040509153302086709e+00
0.000000000000000000e+00 2.754769964098823909e+00
0.000000000000000000e+00 1.612106424684525807e+00
3.000000000000000000e+00 5.199009685872900910e+00
2.000000000000000000e+00 9.273970285042831829e-01
2.000000000000000000e+00 2.031528882326899765e+00
2.000000000000000000e+00 2.542796910086498219e+00
0.000000000000000000e+00 1.702057316518472474e+00
4.000000000000000000e+00 3.035190520110125689e+00
2.000000000000000000e+00 4.801298607282760145e+00
2.000000000000000000e+00 4.165475501159203731e+00
2.000000000000000000e+00 1.511884218878540409e+00
2.000000000000000000e+00 4.291449776343457145e+00
2.000000000000000000e+00 4.382024719331340634e+00
2.000000000000000000e+00 3.196233734926542169e+00
4.000000000000000000e+00 4.848892147901564087e+00
4.000000000000000000e+00 2.999042333926849047e+00
4.000000000000000000e+00 5.610402193566590867e+00
4.000000000000000000e+00 1.735484333353102704e+00
2.000000000000000000e+00 1.655703350060607981e+00
0.000000000000000000e+00 1.721243831164290139e+00
2.000000000000000000e+00 1.196586198518563959e+00
4.000000000000000000e+00 6.678384956883574475e+00
2.000000000000000000e+00 4.202810915925323521e+00
2.000000000000000000e+00 2.820789019222957439e+00
4.000000000000000000e+00 4.119806694294803506e+00
4.000000000000000000e+00 1.811639680958265552e+00
2.000000000000000000e+00 1.147262266123044272e+00
4.000000000000000000e+00 5.556899386987630862e+00
2.000000000000000000e+00 4.063110921411345444e+00
4.000000000000000000e+00 4.775845300279311978e+00
2.000000000000000000e+00 5.029564304420986787e+00
4.000000000000000000e+00 6.022320754079447447e+00
0.000000000000000000e+00 4.157741153789055844e+00
2.000000000000000000e+00 1.372321139213461105e+00
2.000000000000000000e+00 2.903396990964501434e+00
0.000000000000000000e+00 2.686571682958279972e+00
4.000000000000000000e+00 7.393524814296289493e-01
2.000000000000000000e+00 4.796537646012611233e+00
4.000000000000000000e+00 5.232676092004786561e+00
4.000000000000000000e+00 2.317021596010768292e+00
0.000000000000000000e+00 1.879850230991500171e+00
2.000000000000000000e+00 1.965403990425252934e+00
2.000000000000000000e+00 1.007259040318398746e+00
2.000000000000000000e+00 1.249777135068256051e+00
4.000000000000000000e+00 2.693518675543798313e+00
4.000000000000000000e+00 3.717675278305864861e+00
2.000000000000000000e+00 2.256254285439306617e+00
3.000000000000000000e+00 4.003000480180029186e+00
4.000000000000000000e+00 4.396673128880762782e+00
4.000000000000000000e+00 6.808275471401382006e+00
0.000000000000000000e+00 1.981887561843385770e+00
0.000000000000000000e+00 6.685225097269054118e-01
4.000000000000000000e+00 3.375849496891970336e+00
0.000000000000000000e+00 2.309455892632227059e+00
4.000000000000000000e+00 5.545723446347757823e-01
4.000000000000000000e+00 6.065608021160427299e+00
0.000000000000000000e+00 2.500865813964760598e+00
2.000000000000000000e+00 2.286898625066924762e+00
0.000000000000000000e+00 1.468976558474337502e+00
4.000000000000000000e+00 1.870787844625034335e+00
0.000000000000000000e+00 1.749936082814818272e+00
2.000000000000000000e+00 4.165093165595091129e+00
3.000000000000000000e+00 4.850799858337271786e+00
2.000000000000000000e+00 2.783799966129937520e+00
2.000000000000000000e+00 4.849909101931758393e+00
4.000000000000000000e+00 3.673877960580122615e+00
4.000000000000000000e+00 5.695740059666358768e+00
4.000000000000000000e+00 5.066529623265131121e+00
4.000000000000000000e+00 4.118763870841733343e+00
4.000000000000000000e+00 2.828108932545140064e+00
0.000000000000000000e+00 2.114694703607315152e+00
4.000000000000000000e+00 5.351435287162137122e+00
2.000000000000000000e+00 2.596822650229025253e+00
3.000000000000000000e+00 4.382163277936316881e+00
0.000000000000000000e+00 1.273630815853225240e+00
2.000000000000000000e+00 5.206276788204847072e+00
2.000000000000000000e+00 3.204743334788330067e+00
3.000000000000000000e+00 3.385383109982773142e+00
2.000000000000000000e+00 1.497772483831585344e+00
4.000000000000000000e+00 3.016293970341363373e+00
2.000000000000000000e+00 3.199356090172358336e+00
2.000000000000000000e+00 6.476538442553040342e-01
0.000000000000000000e+00 2.336400885021345353e+00
4.000000000000000000e+00 1.050095989451338419e+00
0.000000000000000000e+00 2.055018449977536577e+00
2.000000000000000000e+00 4.164130567646353143e+00
0.000000000000000000e+00 1.561358089502661972e+00
2.000000000000000000e+00 4.834856645111357487e+00
2.000000000000000000e+00 4.226064322051991340e+00
4.000000000000000000e+00 3.916547103427751253e+00
2.000000000000000000e+00 9.772532777213200905e-01
2.000000000000000000e+00 3.920875367285305835e+00
4.000000000000000000e+00 3.451224381649912409e+00
2.000000000000000000e+00 3.733529474514133639e+00
2.000000000000000000e+00 3.444711369508643095e+00
2.000000000000000000e+00 2.064803988024628278e+00
4.000000000000000000e+00 2.050265209659436039e+00
3.000000000000000000e+00 3.922272331699318659e+00
2.000000000000000000e+00 4.176269858509768618e+00
4.000000000000000000e+00 5.914661139073078999e+00
0.000000000000000000e+00 1.747814067100063262e+00
0.000000000000000000e+00 1.093019179811591135e+00
2.000000000000000000e+00 5.620281191957939626e+00
3.000000000000000000e+00 3.648029394693276029e+00
2.000000000000000000e+00 5.107757705159336581e+00
2.000000000000000000e+00 2.804292930015157115e+00
2.000000000000000000e+00 4.065562731667101026e+00
0.000000000000000000e+00 3.765261633745737857e+00
4.000000000000000000e+00 4.683133629553704935e+00
2.000000000000000000e+00 1.442644839056059114e+00
4.000000000000000000e+00 1.110931580287843223e+00
0.000000000000000000e+00 1.085742880525309095e+00
2.000000000000000000e+00 3.394733054108871606e+00
2.000000000000000000e+00 4.565902371904984602e-01
2.000000000000000000e+00 4.035754788552453398e+00
2.000000000000000000e+00 1.429194567550462258e+00
4.000000000000000000e+00 4.130788994563893368e+00
2.000000000000000000e+00 5.511015067339301687e+00
2.000000000000000000e+00 5.229375099413226202e+00
4.000000000000000000e+00 1.028947515179832406e+00
4.000000000000000000e+00 3.297269293920297883e+00
2.000000000000000000e+00 2.019969015240956178e+00
2.000000000000000000e+00 3.945429582964327331e+00
4.000000000000000000e+00 2.966541076382330111e+00
2.000000000000000000e+00 4.681135562374651116e+00
0.000000000000000000e+00 3.569301659205515342e+00
0.000000000000000000e+00 1.255401259839426187e+00
2.000000000000000000e+00 5.798394323160757757e+00
2.000000000000000000e+00 9.980126905361988987e-01
2.000000000000000000e+00 4.965256330747286562e+00
0.000000000000000000e+00 1.863980459846184878e+00
2.000000000000000000e+00 2.963367148057234779e+00
2.000000000000000000e+00 3.513572877030321173e+00
2.000000000000000000e+00 3.254720134700050060e+00
2.000000000000000000e+00 3.792073692621894310e+00
2.000000000000000000e+00 4.979716916328771781e+00
2.000000000000000000e+00 3.810897797719350777e+00
2.000000000000000000e+00 2.694164491226064495e+00
0.000000000000000000e+00 1.308468153667388112e+00
0.000000000000000000e+00 1.780392678711386401e+00
0.000000000000000000e+00 7.191043914021949535e-01
4.000000000000000000e+00 6.383089289441645775e+00
4.000000000000000000e+00 2.362378019326907275e+00
2.000000000000000000e+00 2.976581259135262947e+00
2.000000000000000000e+00 5.430927793254288538e+00
0.000000000000000000e+00 1.869111742920762875e+00
2.000000000000000000e+00 6.300840123940749216e+00
0.000000000000000000e+00 7.724477698254346159e-01
4.000000000000000000e+00 1.950976267218141214e+00
4.000000000000000000e+00 1.739044176649491291e+00
4.000000000000000000e+00 0.000000000000000000e+00
2.000000000000000000e+00 3.928347210222247643e+00
2.000000000000000000e+00 4.687599468832392979e+00
4.000000000000000000e+00 2.511443101857493865e+00
2.000000000000000000e+00 2.960166108821134845e+00
0.000000000000000000e+00 2.230841349523389638e+00
2.000000000000000000e+00 1.094964061122515542e+00
2.000000000000000000e+00 3.686836967670433118e+00
0.000000000000000000e+00 7.761810722226988313e-01
2.000000000000000000e+00 2.875157186990380698e+00
2.000000000000000000e+00 1.397335571928555398e+00
0.000000000000000000e+00 2.721504995028392937e+00
2.000000000000000000e+00 2.697192305016476777e+00
0.000000000000000000e+00 1.839553227728948803e+00
4.000000000000000000e+00 3.058367110252548038e+00
2.000000000000000000e+00 3.377710228904169387e+00
0.000000000000000000e+00 1.156475466357922421e+00
2.000000000000000000e+00 5.807496622979144707e-01
2.000000000000000000e+00 1.639594942418278967e+00
2.000000000000000000e+00 5.017542894239141127e+00
4.000000000000000000e+00 4.687447234704577248e+00
3.000000000000000000e+00 5.707811470997159020e+00
4.000000000000000000e+00 9.526823671635020752e-01
2.000000000000000000e+00 5.432710058490039629e+00
2.000000000000000000e+00 5.330339228987231337e+00
4.000000000000000000e+00 1.994764670197950895e+00
2.000000000000000000e+00 3.439990726477322625e+00
2.000000000000000000e+00 4.367797042186282397e+00
4.000000000000000000e+00 2.131639341815231070e+00
2.000000000000000000e+00 3.777452360480873406e+00
2.000000000000000000e+00 2.715596628499404197e+00
4.000000000000000000e+00 2.938467750814558244e+00
2.000000000000000000e+00 2.838840574570785424e+00
2.000000000000000000e+00 2.266848325447103019e+00
2.000000000000000000e+00 9.390383023997495027e-01
0.000000000000000000e+00 3.515889789642114849e+00
0.000000000000000000e+00 3.272168831187094451e+00
2.000000000000000000e+00 5.259007820940508005e+00
4.000000000000000000e+00 1.597587157299358518e+00
4.000000000000000000e+00 3.607881886744857436e+00
0.000000000000000000e+00 1.996095381114211920e+00
4.000000000000000000e+00 1.998266035927381390e+00
2.000000000000000000e+00 2.339410590040026605e+00
2.000000000000000000e+00 4.909292894386798167e+00
0.000000000000000000e+00 1.584688763692150060e+00
0.000000000000000000e+00 2.192694220738486521e+00
0.000000000000000000e+00 1.523933037308822902e+00
4.000000000000000000e+00 4.418612865091556152e+00
2.000000000000000000e+00 4.157026311533452478e+00
2.000000000000000000e+00 5.055426538805401826e+00
4.000000000000000000e+00 5.136710412833124018e+00
4.000000000000000000e+00 5.340417401235171724e+00
2.000000000000000000e+00 3.482556506160447096e+00
4.000000000000000000e+00 5.841664882257376235e+00
2.000000000000000000e+00 5.846418934536268708e+00
4.000000000000000000e+00 6.117136373392794368e+00
4.000000000000000000e+00 5.677779146767456098e+00
2.000000000000000000e+00 5.888684815308421250e+00
4.000000000000000000e+00 2.889216875856725597e+00
2.000000000000000000e+00 1.899574061982742812e+00
0.000000000000000000e+00 2.773391109173173774e+00
3.000000000000000000e+00 3.756030188940369996e+00
4.000000000000000000e+00 3.631877149826731710e+00
2.000000000000000000e+00 1.839853227380066070e+00
0.000000000000000000e+00 9.479893141751345453e-01
4.000000000000000000e+00 1.801176572068090342e+00
3.000000000000000000e+00 4.000383843789040661e+00
0.000000000000000000e+00 6.384378483551672590e-01
4.000000000000000000e+00 4.436400305459121896e+00
0.000000000000000000e+00 1.342555163832838794e+00
2.000000000000000000e+00 5.877340502852135273e+00
2.000000000000000000e+00 3.524117222664038707e+00
4.000000000000000000e+00 5.257919331720704470e+00
2.000000000000000000e+00 3.129974630834784222e+00
2.000000000000000000e+00 2.145831935127470835e+00
0.000000000000000000e+00 1.485907714179463435e+00
0.000000000000000000e+00 0.000000000000000000e+00
4.000000000000000000e+00 2.738718165587989972e+00
4.000000000000000000e+00 5.612540737370869337e+00
2.000000000000000000e+00 2.850337835881299853e+00
3.000000000000000000e+00 5.230180890138626637e+00
2.000000000000000000e+00 5.935568076492678813e+00
2.000000000000000000e+00 3.488982476376090158e+00
2.000000000000000000e+00 2.111344902215217090e+00
2.000000000000000000e+00 4.408418742129344814e+00
4.000000000000000000e+00 1.564066258825012046e+00
0.000000000000000000e+00 1.624788660232446391e+00
4.000000000000000000e+00 6.610110147309770090e-01
2.000000000000000000e+00 1.806825766287378343e+00
4.000000000000000000e+00 4.198247811500196214e+00
4.000000000000000000e+00 3.428646504764275793e+00
2.000000000000000000e+00 2.057902574980662536e+00
4.000000000000000000e+00 2.688857206665619337e+00
2.000000000000000000e+00 2.584064517988026388e+00
2.000000000000000000e+00 5.579817164891026415e+00
2.000000000000000000e+00 2.859342032735379124e+00
0.000000000000000000e+00 1.501140499525009941e+00
4.000000000000000000e+00 5.426109279534114371e+00
4.000000000000000000e+00 1.754496950927296517e+00
0.000000000000000000e+00 1.620693479002800474e+00
2.000000000000000000e+00 4.879716475126794073e+00
4.000000000000000000e+00 8.849574313079803245e-01
3.000000000000000000e+00 5.466847096718942645e+00
2.000000000000000000e+00 4.226105974592367254e+00
2.000000000000000000e+00 4.806450256203802951e+00
2.000000000000000000e+00 5.215231480467041436e+00
2.000000000000000000e+00 5.209193978723911655e+00
2.000000000000000000e+00 5.614457434594818608e+00
0.000000000000000000e+00 3.254847224574357600e+00
2.000000000000000000e+00 4.897673577727610805e+00
2.000000000000000000e+00 3.628150613107255396e+00
2.000000000000000000e+00 5.325579232280292175e+00
4.000000000000000000e+00 1.896069483503211917e+00
2.000000000000000000e+00 3.579084709967583766e+00
2.000000000000000000e+00 1.383999669222501616e+00
2.000000000000000000e+00 1.375484460938254383e+00
0.000000000000000000e+00 2.673551946843353289e+00
2.000000000000000000e+00 3.172170770789104477e+00
4.000000000000000000e+00 8.931282399839216568e-01
4.000000000000000000e+00 6.803637719692527952e+00
4.000000000000000000e+00 4.702850660054715526e+00
4.000000000000000000e+00 4.972791907560655922e+00
3.000000000000000000e+00 4.509654521745085631e+00
2.000000000000000000e+00 4.638835469062726702e+00
4.000000000000000000e+00 1.535254324543144921e+00
2.000000000000000000e+00 1.494163786552588302e+00
0.000000000000000000e+00 4.026455917181020361e+00
2.000000000000000000e+00 2.158502473179217951e+00
4.000000000000000000e+00 2.976097117967281491e+00
4.000000000000000000e+00 2.579465335659124392e+00
4.000000000000000000e+00 3.204280990203624668e+00
2.000000000000000000e+00 4.968199848385883577e+00
4.000000000000000000e+00 3.401311402950294993e-01
0.000000000000000000e+00 2.457992835511708218e+00
2.000000000000000000e+00 1.773201081868552409e+00
4.000000000000000000e+00 5.075360063598605365e+00
4.000000000000000000e+00 2.008728459220725515e-01
2.000000000000000000e+00 2.579425800692099369e+00
3.000000000000000000e+00 5.664750999990891600e+00
2.000000000000000000e+00 2.489126552540637416e+00
4.000000000000000000e+00 1.172970859600531046e+00
4.000000000000000000e+00 1.756454827995455270e+00
2.000000000000000000e+00 2.747372209033146273e+00
0.000000000000000000e+00 1.446118455890020638e+00
2.000000000000000000e+00 5.121908984622995042e+00
2.000000000000000000e+00 1.666157339412831506e+00
2.000000000000000000e+00 4.680308835064463047e+00
4.000000000000000000e+00 4.599176478236628007e+00
0.000000000000000000e+00 1.512224278456395732e+00
4.000000000000000000e+00 3.967363023052436155e+00
4.000000000000000000e+00 3.620052570669709535e+00
4.000000000000000000e+00 1.394742153656381545e+00
4.000000000000000000e+00 2.571909406047763191e+00
4.000000000000000000e+00 6.179420809941528425e+00
2.000000000000000000e+00 1.946730710977650602e+00
4.000000000000000000e+00 5.566764992137382961e+00
2.000000000000000000e+00 2.895326053253102216e+00
2.000000000000000000e+00 5.099458049393962078e+00
2.000000000000000000e+00 5.686296859964974360e+00
2.000000000000000000e+00 3.216995263581729159e+00
2.000000000000000000e+00 2.169489776062270003e+00
2.000000000000000000e+00 4.286778596685581810e+00
4.000000000000000000e+00 4.967304840345134309e+00
4.000000000000000000e+00 6.103235995015562132e+00
2.000000000000000000e+00 1.375804866281671313e+00
0.000000000000000000e+00 2.430310912408766733e+00
2.000000000000000000e+00 2.741386800010449765e+00
3.000000000000000000e+00 4.406284473373676569e+00
0.000000000000000000e+00 2.702347082225454944e+00
4.000000000000000000e+00 3.463344552932453357e+00
4.000000000000000000e+00 1.029146836726400061e+00
2.000000000000000000e+00 4.413327273218042635e+00
2.000000000000000000e+00 3.806705971171189251e+00
4.000000000000000000e+00 3.255201654024048707e+00
2.000000000000000000e+00 9.568288017289864333e-01
4.000000000000000000e+00 3.601596427881344376e+00
4.000000000000000000e+00 1.438374619420724532e+00
2.000000000000000000e+00 4.816102988258196937e+00
3.000000000000000000e+00 4.077784367046894509e+00
4.000000000000000000e+00 6.242469798484905574e+00
2.000000000000000000e+00 2.945121171422415252e+00
2.000000000000000000e+00 5.026845977350512307e+00
4.000000000000000000e+00 9.374667637282395605e-01
3.000000000000000000e+00 5.367621724498638613e+00
0.000000000000000000e+00 3.420437787066699098e+00
2.000000000000000000e+00 3.437265112181063120e+00
0.000000000000000000e+00 1.825362649945209803e+00
0.000000000000000000e+00 1.935286231573580817e+00
2.000000000000000000e+00 3.799551810594236745e+00
4.000000000000000000e+00 4.085499034585801326e+00
3.000000000000000000e+00 5.420959530112984481e+00
2.000000000000000000e+00 3.524095318701609525e+00
2.000000000000000000e+00 1.183645411976174566e+00
4.000000000000000000e+00 2.173359418377105889e+00
4.000000000000000000e+00 5.351635555563704294e+00
2.000000000000000000e+00 2.964537280635279881e+00
2.000000000000000000e+00 5.613776054206839561e+00
0.000000000000000000e+00 1.829291397318778101e+00
3.000000000000000000e+00 5.701078183300470670e+00
4.000000000000000000e+00 2.023989801603554906e+00
2.000000000000000000e+00 4.092844755966132730e+00
2.000000000000000000e+00 3.899269259417168954e+00
4.000000000000000000e+00 6.178404241509666939e+00
4.000000000000000000e+00 2.825018391723273847e+00
4.000000000000000000e+00 4.740940770277181748e+00
0.000000000000000000e+00 3.316662776831544424e+00
4.000000000000000000e+00 4.635126911149623830e+00
3.000000000000000000e+00 3.415974440965831249e+00
4.000000000000000000e+00 2.504471399536610576e+00
0.000000000000000000e+00 3.471896616918982215e+00
0.000000000000000000e+00 1.712397572116610700e+00
4.000000000000000000e+00 1.563241324689365941e+00
2.000000000000000000e+00 3.339463985833279747e+00
2.000000000000000000e+00 3.510999666948582565e+00
0.000000000000000000e+00 2.956282037534341711e+00
3.000000000000000000e+00 5.103866104682824201e+00
2.000000000000000000e+00 4.284635018763644609e+00
4.000000000000000000e+00 2.406129031061103429e+00
3.000000000000000000e+00 4.498461440707760772e+00
0.000000000000000000e+00 1.644703585357357056e+00
2.000000000000000000e+00 1.788992880340436242e+00
0.000000000000000000e+00 1.958502213110724810e+00
2.000000000000000000e+00 2.510035373247989643e+00
3.000000000000000000e+00 4.723431393179411408e+00
4.000000000000000000e+00 1.275018397449527940e+00
2.000000000000000000e+00 2.940131045724138081e-01
3.000000000000000000e+00 4.766725271340333414e+00
4.000000000000000000e+00 3.018160495830515710e+00
2.000000000000000000e+00 4.956113347561898586e+00
4.000000000000000000e+00 5.809809540316597243e+00
0.000000000000000000e+00 2.299060368680156063e+00
2.000000000000000000e+00 4.077018816495596276e+00
0.000000000000000000e+00 3.267207536355386743e+00
0.000000000000000000e+00 2.640692704310124039e+00
3.000000000000000000e+00 5.307818967411745525e+00
2.000000000000000000e+00 8.437957547920956758e-01
4.000000000000000000e+00 6.064062902364012686e+00
4.000000000000000000e+00 1.372714061240927874e+00
4.000000000000000000e+00 2.160479362778458534e-01
0.000000000000000000e+00 1.675443276973261897e+00
4.000000000000000000e+00 2.539205037461386372e+00
2.000000000000000000e+00 1.412281864411413901e+00
4.000000000000000000e+00 3.459237903394149161e+00
2.000000000000000000e+00 5.658918641118886761e+00
2.000000000000000000e+00 4.229763713760763544e+00
0.000000000000000000e+00 2.279896616051857450e+00
2.000000000000000000e+00 2.704115457518100119e+00
2.000000000000000000e+00 2.358484102671804805e-01
4.000000000000000000e+00 5.588719629039934134e+00
2.000000000000000000e+00 5.088965633006162115e+00
4.000000000000000000e+00 2.238493460400318380e+00
2.000000000000000000e+00 2.706761796848935919e+00
0.000000000000000000e+00 3.565733531383635579e+00
2.000000000000000000e+00 4.670847001914065544e+00
3.000000000000000000e+00 5.186441273137339714e+00
2.000000000000000000e+00 3.165301868471343649e+00
2.000000000000000000e+00 2.997748422220518627e+00
2.000000000000000000e+00 5.648479440319245981e+00
4.000000000000000000e+00 4.415042646534237392e+00
4.000000000000000000e+00 1.772188707854750689e+00
0.000000000000000000e+00 2.411508505426233295e+00
4.000000000000000000e+00 2.458387308796851078e-01
4.000000000000000000e+00 2.227891300555903786e+00
2.000000000000000000e+00 3.263180317254438467e+00
2.000000000000000000e+00 4.841856592326696074e+00
4.000000000000000000e+00 5.051666112744703341e+00
2.000000000000000000e+00 0.000000000000000000e+00
2.000000000000000000e+00 3.680069207840958700e+00
0.000000000000000000e+00 3.511016400029035367e+00
2.000000000000000000e+00 1.356896749669250557e+00
4.000000000000000000e+00 5.370999967118716079e+00
4.000000000000000000e+00 4.826879142369162601e+00
4.000000000000000000e+00 3.706944278836000528e+00
4.000000000000000000e+00 4.298732472000718730e+00
4.000000000000000000e+00 2.852486339340638555e+00
4.000000000000000000e+00 5.294468618103849167e+00
4.000000000000000000e+00 6.005903841166579049e+00
4.000000000000000000e+00 1.767898730311426192e+00
2.000000000000000000e+00 2.917029518377071362e+00
0.000000000000000000e+00 5.814999924241783802e-01
2.000000000000000000e+00 3.243033990611391637e+00
4.000000000000000000e+00 3.696159019063924855e+00
2.000000000000000000e+00 1.899376806519218475e+00
2.000000000000000000e+00 3.394198930689648730e+00
0.000000000000000000e+00 3.184064672068311452e+00
0.000000000000000000e+00 5.233175873737184736e-01
4.000000000000000000e+00 2.423155401802575548e-01
4.000000000000000000e+00 2.504713393764377294e+00
4.000000000000000000e+00 3.265651505007889366e+00
0.000000000000000000e+00 3.554770544556735690e+00
2.000000000000000000e+00 7.022891366626942133e-01
0.000000000000000000e+00 1.972313624214115046e+00
2.000000000000000000e+00 3.865803994256269416e+00
4.000000000000000000e+00 5.672154232920104455e+00
0.000000000000000000e+00 1.204354484179170681e+00
2.000000000000000000e+00 1.640760314898658700e+00
4.000000000000000000e+00 3.572088741448213423e+00
2.000000000000000000e+00 3.493837223781429913e+00
4.000000000000000000e+00 3.356222121344749620e+00
0.000000000000000000e+00 8.349191909676975110e-01
4.000000000000000000e+00 3.852891283950047541e+00
2.000000000000000000e+00 1.801807119450129724e+00
4.000000000000000000e+00 6.702801897196399850e-01
4.000000000000000000e+00 4.480624174683129901e+00
2.000000000000000000e+00 4.544136420841995871e+00
0.000000000000000000e+00 2.128034929344255755e+00
2.000000000000000000e+00 3.316142349415596158e+00
4.000000000000000000e+00 1.251584276844650567e-01
4.000000000000000000e+00 2.164451642170051038e+00
4.000000000000000000e+00 4.190699370469546992e+00
0.000000000000000000e+00 1.725550511238218343e+00
2.000000000000000000e+00 3.418773451109925698e+00
4.000000000000000000e+00 9.648349888174785338e-01
0.000000000000000000e+00 1.901687533900893401e+00
2.000000000000000000e+00 5.724056377807806406e+00
4.000000000000000000e+00 2.792335126303983728e+00
4.000000000000000000e+00 2.402477778833874478e+00
3.000000000000000000e+00 4.051125951166762107e+00
4.000000000000000000e+00 5.636525972611326374e+00
0.000000000000000000e+00 2.892583455059021258e+00
4.000000000000000000e+00 1.868206902477805853e+00
2.000000000000000000e+00 2.144542095070560261e+00
2.000000000000000000e+00 1.299634207482370574e+00
4.000000000000000000e+00 1.062509766839307312e+00
4.000000000000000000e+00 6.301011151083880435e+00
4.000000000000000000e+00 8.586126677797653040e-01
0.000000000000000000e+00 3.223363284676650231e+00
0.000000000000000000e+00 2.627997570539850170e+00
2.000000000000000000e+00 3.651273960633244720e+00
2.000000000000000000e+00 3.682011619559773408e+00
0.000000000000000000e+00 3.446067789429372308e+00
0.000000000000000000e+00 1.677018477205358682e+00
4.000000000000000000e+00 5.152692233559148960e+00
4.000000000000000000e+00 2.476799210390248085e+00
2.000000000000000000e+00 3.932361426328307985e+00
0.000000000000000000e+00 2.475449725740610951e+00
4.000000000000000000e+00 2.420410040527979589e+00
4.000000000000000000e+00 1.609293123927765468e+00
4.000000000000000000e+00 5.961942978376003843e+00
0.000000000000000000e+00 2.196646006058069034e+00
2.000000000000000000e+00 3.493789159506900166e+00
4.000000000000000000e+00 4.582428066932835442e+00
2.000000000000000000e+00 4.510156360139818688e+00
4.000000000000000000e+00 2.933367462953516469e+00
0.000000000000000000e+00 2.952758592933982573e+00
0.000000000000000000e+00 2.896462247510041887e+00
3.000000000000000000e+00 4.042549736070190747e+00
0.000000000000000000e+00 2.093558931950462387e+00
2.000000000000000000e+00 1.988093479340815595e+00
0.000000000000000000e+00 1.161823330874687477e+00
