2.991402775299564887e+00
2.175339095899323727e+00
3.834043788426400479e+00
2.246765327108867005e+00
3.246524802679608968e+00
4.875160653417161427e+00
4.794026975370117682e+00
3.149607086240602261e+00
2.808227250077135473e+00
4.316887660008734251e+00
4.616117540114484719e+00
5.479225407152492622e+00
2.194288972162306894e+00
4.471870221067562490e+00
1.613789005811924637e+00
5.005515484289089656e+00
2.504553899882917545e+00
1.424860772253740082e+00
2.934066861128481474e+00
4.412849033990593028e+00
3.277287215676222054e+00
4.017844133875407842e+00
3.511918447921558162e+00
9.232246418630480900e-01
5.390572551610627983e+00
2.627244832389014739e+00
9.238092201702690076e-01
3.009301727969071472e+00
4.058163851824615698e+00
6.494202392079331254e-01
4.356854360878872789e+00
9.850165943680472269e-01
3.138582751095496448e+00
2.526339841054976887e+00
3.521647677927535192e+00
2.097494829292385177e+00
1.083579006826257629e+00
1.068171238221545361e+00
2.249845443720285942e+00
4.250016042330292620e+00
3.477732199461950113e+00
2.675362574875101540e+00
3.357960460324423302e+00
4.777057228552789248e+00
1.588765385423085652e+00
5.275948127298867085e+00
2.001382619718393485e+00
5.105271801647313090e+00
2.114186667211860993e+00
1.396223463871587134e+00
4.792737686880843562e+00
1.647214319322380716e+00
6.003514728951525825e+00
2.578292042912055937e+00
1.069789205002137589e+00
2.916447774651143909e+00
2.474222012422130135e+00
5.015319177991375277e+00
6.007825413836707540e+00
2.735448451006919246e+00
4.707557056010095664e+00
4.741116553275878331e+00
4.898204667943217849e+00
4.894257687565106707e+00
2.436346704118590889e+00
2.906567560542682394e+00
4.591573668555783527e+00
1.955898949913852158e+00
2.242860251619276823e+00
3.236208799017500581e+00
1.572477172283168523e+00
2.517138878274590930e+00
1.089048287693476613e+00
3.466238577171851798e+00
1.832305112195084851e+00
4.619839177470256963e+00
2.332182261361474662e+00
3.871904787240935120e-01
3.080614605147699692e+00
2.135643323214932998e+00
2.301199059249987577e+00
3.062561880817257443e+00
2.925524987840032676e+00
2.551895281108191416e+00
2.849114966919555680e+00
5.427643856885429940e+00
2.882109889751744092e+00
2.273940187668280988e+00
1.940689674575842627e+00
2.313203212652178653e+00
3.549616100639917393e-01
2.503809605379943903e+00
7.568603570574373718e-01
4.757588761807120648e+00
2.111062743782995188e+00
5.539749858125678550e+00
3.231695939341550639e-01
1.067165102701065127e+00
2.435542652161831079e+00
2.055824541447663911e+00
2.195017564343230809e+00
7.933420169637820374e-01
2.844093293747927298e+00
2.606068211005124979e+00
3.937063185058839565e+00
2.336841741009363815e+00
4.602113764284027297e+00
3.441204936892738431e+00
3.012591602415795489e+00
5.114728220875321973e+00
4.939120008492857039e+00
2.619566627069862985e+00
3.989064191430982564e+00
9.026301936201940324e-01
3.802882441684603543e-01
3.565703827935464254e+00
2.618177685274980071e+00
3.221667152160049064e+00
3.120032431485155744e+00
4.880512222004750988e+00
3.679392040077560821e+00
1.692298970518171464e+00
5.017178862286442609e+00
4.670141063094471967e+00
2.248630476155996760e+00
4.890863573186928215e-01
2.266125757063945478e+00
1.836029304591836109e+00
3.941810174533179278e+00
2.556796253622522386e+00
3.277214340081445076e+00
2.823265225138242407e+00
4.017404245905271232e+00
4.597380431005076318e+00
3.887584014478077776e+00
3.917412512030305827e+00
3.832448949660143711e+00
9.706041389216477633e-01
8.360598037376482106e-01
1.729791983022450630e+00
2.560896260939781399e+00
4.367000096130427167e+00
3.606741329800103202e+00
2.296628633517108220e+00
2.031781888222470744e+00
2.798761752322749707e+00
2.746532949198313922e+00
4.306319474870878850e+00
5.145394869578852060e+00
4.316629551004967702e+00
1.698866897544647037e+00
1.299832326085341272e+00
3.178394905116957769e+00
1.617671256528141477e+00
3.480061777167022363e+00
4.474200551737196108e+00
4.345768730059136331e+00
4.491905541321411732e+00
3.755389588091108788e+00
5.302655665365810123e+00
4.203388391956019099e+00
4.565098295012531615e+00
5.227708132208607417e+00
4.291582049934422827e+00
3.139011187668032221e+00
3.081014652600901904e+00
2.976561837743013861e+00
3.657703415649877332e+00
1.005990026574598017e+00
2.173611236684588111e+00
9.964367961750325575e-01
3.172993139890949887e+00
1.686703883550127347e+00
5.026559917377142916e+00
4.213361464070692897e+00
