2.785257637578099743e+00
2.284115013395251470e+00
2.896240502150795315e+00
2.704206563024202037e+00
4.366401444958898814e+00
3.248354901658345284e+00
1.105743267461945178e+00
4.602254845641443382e+00
3.287190752270646055e+00
2.085296328138237065e+00
5.509850811944843052e+00
5.036406404734391273e+00
2.106601346924863893e+00
4.769986892759559005e+00
3.959999646213829827e+00
2.302686734773460309e+00
3.794925038919172433e+00
2.650605143268459418e+00
1.453076239442485651e+00
1.447683303992244541e+00
3.179035948690057900e+00
1.349007085084650281e+00
5.334850365627292312e+00
4.459808175324081247e+00
4.055416496043520169e+00
1.021196662745746719e+00
1.767792557161177891e+00
3.936944188716211102e+00
8.609968772319288588e-01
2.431652575143377515e+00
2.252936965880072417e+00
2.646965653881589997e+00
4.422880109545108240e+00
2.787899399338562567e-01
2.163592183900400201e+00
2.433541367379931764e+00
2.460262189458702231e+00
3.133301078543237583e+00
2.467115561112412259e+00
1.520837679652302210e+00
1.650853849473588708e+00
2.030934319225339735e+00
4.199485636320675397e+00
1.527260293738947894e+00
1.024964995141197210e+00
4.567789617328227969e+00
3.892606404774971995e+00
3.881172843624527413e+00
2.219706518368059545e+00
1.960400540481914478e+00
2.492815620854480496e+00
2.175385842426629246e+00
1.623189976567057657e+00
4.240869342524963059e+00
1.185718898635805596e+00
2.733686725258468897e+00
4.026700081282357679e+00
2.066230244989414100e+00
2.318166726884578033e+00
1.860503743612556216e+00
2.623217258053973211e+00
4.016960360129942842e+00
3.716074883942471985e+00
1.920728539877523122e+00
2.253780920465053850e+00
4.172264663701055198e+00
3.307148430401400052e+00
3.131517383038397995e+00
4.924904901442738847e+00
4.030963214637528935e+00
3.402118804327880053e+00
6.408995173925646771e-01
3.747135077388561442e+00
2.323463301390813474e+00
2.624759306879743015e+00
1.688448341164814792e+00
1.341151480806736851e+00
4.470751679998602235e+00
3.776043615952276777e+00
3.743834619992030821e-01
1.996294859342355066e+00
2.334225306652272014e+00
3.509074351544418047e+00
1.569105183710840068e+00
2.866228160913447898e+00
3.546587752645149028e+00
2.786833452497996522e+00
1.608421903184426238e+00
2.174160984274522423e+00
1.721957638272123337e+00
1.924756106846476245e+00
1.247931733155394962e+00
3.455576745090873203e+00
1.177300498900727549e-01
2.502518992931107356e+00
2.247863588006504543e+00
1.584212987277560103e+00
2.523645613066642479e+00
1.998486111068535465e+00
4.141732454894395232e+00
3.455959787577438824e+00
2.230338064796849817e+00
5.020220211695528567e-01
2.152764048465174440e+00
4.003522137110617329e+00
2.479478038539761620e-01
3.622921317689220988e+00
4.500987080907409066e+00
4.695250276477729301e+00
5.265696917057170801e+00
1.414398422370669373e+00
3.222544275334565445e+00
3.793484671262655095e+00
2.809513205779458289e+00
4.202693627211250060e+00
4.162684254359283464e+00
3.133195103260200565e+00
3.254448861117383185e+00
1.688909172490833166e+00
4.450907225132471723e+00
2.191028898007679526e+00
2.281556224496440244e+00
2.919897655534969605e+00
3.442401654980562498e+00
2.261717496531718830e+00
2.440633292779161412e+00
1.910822761766465927e+00
5.165293738353671671e+00
5.160962934514785161e+00
6.597613808841877869e-01
4.009966496410892312e+00
4.665253585982350515e+00
4.153380891002750985e+00
3.416739508442791173e+00
2.128943116502584054e+00
4.264474022631215000e+00
2.758467865326816426e+00
2.362070477048773043e+00
2.731984318884771223e+00
1.447955034567555366e+00
1.335514313207522230e+00
2.125395086819133805e+00
1.354814740144818286e+00
3.276161141529107645e+00
2.256452205169635850e+00
3.370888846687704721e+00
2.104192482057666957e+00
3.768462909029647090e+00
3.883456550147921682e+00
3.431534786694736106e+00
