3.310153772301364317e+00
3.547296031231023328e+00
5.712564440008721434e+00
2.835484058831025500e+00
2.226959582255377601e+00
1.250348573247185069e+00
2.094211496771690495e+00
1.398918980651634003e+00
3.354809559948187747e+00
2.168340780040998172e+00
2.068719623825888920e+00
1.310037856577167981e+00
5.126039522159335782e+00
3.301073850460008341e+00
1.806051327840640486e+00
4.451498295856636922e+00
4.486440813982603082e+00
4.116058653772223241e-01
4.362430121155500551e+00
1.426136042970003848e+00
1.919158810024450545e+00
6.000203410726365760e+00
2.536803958089878019e+00
5.337525084866798331e+00
3.764793716270173451e+00
3.175591007731355386e+00
4.339454837804116671e+00
2.720176473455751420e+00
5.070533864280749370e+00
2.596190015504524773e+00
1.485132397964533890e+00
3.110506518778987317e+00
3.840614522494838479e+00
4.299875069728700261e+00
4.280051934078157316e+00
3.444835407734996746e+00
2.787858330315602928e-01
3.166600493840160624e+00
1.863813698684011921e+00
2.744386851532507166e+00
5.927876759830803088e+00
6.010576806126256555e-01
2.106554718418032213e+00
1.119024972172850907e+00
2.977055808398692882e+00
4.109308462608840529e+00
1.291856736221993263e+00
1.871399202652536564e+00
1.596960320548048706e+00
1.085712450980200083e+00
2.174759516344929366e+00
1.872120957812033026e+00
1.750709035005003411e+00
1.871610892600378939e+00
2.319152220703346590e+00
4.998653901455135440e+00
3.409949165529830406e+00
3.650631769744772992e+00
4.032523341423098984e+00
2.217593051182243258e+00
1.488752592227716942e+00
3.578696946685325120e+00
1.263912697094829118e+00
2.613128229907709432e+00
3.358407194497063042e+00
3.037525074045951179e+00
3.614044216843686819e+00
2.270771245064592492e+00
5.228935340521282171e+00
2.237639009140630630e+00
2.288891030793451353e+00
2.255455336865611393e+00
3.584231948146558100e+00
2.077616409495210092e+00
2.822402142873424058e+00
1.354252425993161646e+00
3.524950551343496219e+00
2.033142081000825829e+00
1.774640938249679056e+00
4.731755595168992912e+00
9.244583374592975078e-01
3.816593323438048913e+00
2.809248663975884241e+00
3.998863597268531578e+00
1.636780378752304088e+00
1.605540946924141066e+00
2.545167534366914897e+00
1.866559538640250482e+00
4.247701344217395203e+00
4.498227305502329187e+00
1.616498121266440879e+00
4.106516248609290543e+00
2.682907481538232108e+00
5.375266511362490895e+00
1.542452419984688294e+00
4.063704090433488125e-01
1.718170715849916874e+00
5.626849911239781399e+00
1.251854117501074004e+00
2.127976907647375071e-01
4.495858593674101122e+00
1.825734218245034013e+00
2.141221113560345835e+00
3.193199237309170879e+00
2.687373770825539410e+00
3.446471146127028984e+00
7.391282556053059283e-01
2.745759689794925684e+00
1.702077200505100363e+00
2.201869685032487922e+00
2.553068995863755575e+00
5.094885433743024272e+00
2.041450697177251694e+00
2.169330299704630871e+00
2.360488640277179861e+00
3.078365738638082938e+00
9.265538845618505326e-02
3.407538483392182904e+00
1.289526505463609585e+00
2.273248125605022985e+00
3.265332905030871036e+00
1.587588015534577846e+00
2.516239197274832584e+00
5.121922925352973444e+00
1.092991083685068032e+00
2.872093679416002132e+00
4.241518115706458758e+00
3.183939278162507769e+00
6.851611028152941874e-01
1.535393114794673775e+00
2.447314512962199817e+00
4.357694050060079149e+00
2.784378091734398541e+00
8.410026105410698394e-01
2.384777642853868507e+00
3.337350471852818412e+00
5.139971717822101382e+00
4.168086332196451416e+00
4.808387482637532351e+00
4.994184547184608469e+00
1.633068706831158012e+00
2.387925210974883417e+00
2.170957261167322017e+00
1.549825829486521478e+00
2.183850529691817144e+00
4.149912449897445121e+00
3.980886523199452576e+00
3.768510587900773867e+00
4.969698392989103652e+00
5.302098675681908846e-01
2.584949738102512828e+00
3.199693109025812721e+00
4.381789601327433559e+00
9.642587438828089663e-01
1.661621693286701174e+00
2.591841276761472468e+00
1.118165394981944338e+00
4.985077100763522395e+00
8.041236846840753572e-01
4.131852941340212193e-01
1.760669565000199777e+00
2.265134272852046937e+00
3.157147365453613741e+00
5.764104670763875227e+00
4.360064403491159091e+00
1.014542296609103555e+00
2.044188379476446826e+00
2.329418739116207338e+00
1.992362750270503247e+00
3.790826896904348597e+00
2.754067923950423324e+00
4.377938130158524288e+00
1.822979108966661377e+00
4.961013679831766332e+00
1.557862598139641674e+00
2.159723284563846324e+00
3.238840810143639448e+00
2.067608909601826639e+00
3.590470207559432136e+00
1.665836024382065128e+00
1.266888623516508883e+00
