2.775062140625689011e+00
4.016382024317280752e+00
5.170819345297008596e+00
3.316148471937005571e+00
1.750287662001090538e+00
1.623937743722120075e+00
1.813166086592079562e+00
5.515520400481883634e+00
1.805294597453940497e+00
3.881566786129388547e+00
2.524461033545746247e+00
1.565162386487555235e+00
1.664093864582410154e+00
5.118642767502434410e+00
3.763437505875239175e+00
2.229343625357149694e+00
3.995635442709052576e+00
3.991632086098420462e+00
8.573362821321736105e-01
3.865950089503220166e+00
1.020203393807932679e+00
1.697848091351117805e+00
5.459902839985748990e+00
3.049328388422627434e+00
4.802438139435809994e+00
4.262166848159835375e+00
2.653964059865196123e+00
3.847024967017594665e+00
3.258917015245927473e+00
3.102498479177429047e+00
1.191337348678127350e+00
3.594162363562084739e+00
3.345509063731196164e+00
5.614458828483046560e+00
4.806202202415582825e+00
3.977379189293066553e+00
3.538748281084081460e-01
2.635272795484061348e+00
2.112680094775805539e+00
2.277640231124905768e+00
5.391900478109796779e+00
1.130624935638731232e+00
2.648229328478402866e+00
1.320541838533991319e+00
3.395022514435803718e+00
4.624145452693835701e+00
1.447188450672918236e+00
2.367171798632371704e+00
1.139972074149102399e+00
5.494800516506596066e-01
1.724161356687083924e+00
1.576475824035068030e+00
4.970262451622735611e+00
1.977165445307064839e+00
1.550968705594016006e+00
2.858391033893209254e+00
4.468806896356895209e+00
2.868660397278696372e+00
4.175202067254752514e+00
4.572840904245454752e+00
2.684021045070641875e+00
1.631813105349077642e+00
3.095962238884869322e+00
1.190053725050144839e+00
3.142931625618942792e+00
2.882943819225870286e+00
4.977597500058464242e+00
3.577374040555125756e+00
4.155535031097027598e+00
2.335514603603015882e+00
4.687061650905269161e+00
2.072324553339502717e+00
2.531199756100891651e+00
2.304706941832335154e+00
4.126036701147585362e+00
2.493300839044818584e+00
2.480940523970473599e+00
8.764097902667875584e-01
4.064172174647088909e+00
1.592684437434341627e+00
2.163477662188507455e+00
4.224730289357261803e+00
1.375063807022270268e+00
4.358348816650244650e+00
3.232324367827929645e+00
3.460639271229587255e+00
2.153667469411776558e+00
1.212875604557631215e+00
2.899941376972546170e+00
2.231682301543639113e+00
5.019352315476074189e+00
1.755852333216358252e+00
2.374118098222118167e+00
4.834249625907698800e+00
1.787287373482598696e+00
4.009502402491845752e-01
1.292027258390061606e+00
5.085045925613818518e+00
1.707134079731237097e+00
4.552374124605408912e-01
3.998300926163387281e+00
1.571745648065995926e+00
5.359697262547797436e+00
2.545237090280925152e+00
3.702704007824688226e+00
3.098669948164910704e+00
3.929276187062507919e+00
8.162228402694269302e-01
2.338870438051320999e+00
1.260638225328052142e+00
2.092537490765710384e+00
3.033103082848862098e+00
4.558960079904012197e+00
2.470821071953093195e+00
2.703738165123708903e+00
2.307540687112086264e+00
4.870058400897382178e+00
2.561122692174330417e+00
5.237931121709111792e-01
2.872065639102697965e+00
1.394477219730629436e+00
1.732423461545777643e+00
3.693870017319267784e+00
1.369133879587830283e+00
3.006990819639121959e+00
4.607442385073476032e+00
1.299597770602824331e+00
3.344659299349092230e+00
3.751710565239657402e+00
2.653642971281144458e+00
5.397218062211865952e-01
1.221465172760666906e+00
2.063050509405002675e+00
2.243261362478757182e+00
4.498787224762278991e-01
2.850097409026407291e+00
3.859836131597496056e+00
4.601871559216581531e+00
4.700199816789983664e+00
1.784876774255691023e+00
2.705052475607430562e+00
2.318138251747467127e+00
1.358163071973464975e+00
2.722651409534182054e+00
4.298350470657821276e+00
4.491248434335473050e+00
8.642015568723699914e-01
2.192353992348725633e+00
3.732908893449697896e+00
3.839926625166788288e+00
1.429226150754787650e+00
2.203022420044841834e+00
2.063907206736048661e+00
1.082121542930130076e+00
1.336018325783931093e+00
3.236768795203852078e-01
1.219348692493116726e+00
2.564836872100375142e+00
2.618340511784501334e+00
5.226524943677573809e+00
1.177398442469848261e+00
2.260248826044558790e+00
1.804718137911422993e+00
2.269510178272510448e+00
3.288702903605570604e+00
2.307634874974969552e+00
1.407122047144363952e+00
4.426598466401722831e+00
1.580932577299964281e+00
2.204217861597427053e+00
3.745433121768362295e+00
1.939018232777532491e+00
4.118995055622988843e+00
1.947430630159114440e+00
1.503927851660068038e+00
