3.742220501387989007e+00
3.069124171884695329e+00
3.907487255633812939e+00
5.395549280084728228e-01
3.868123940485515000e+00
3.784271569702733484e-01
3.047742030481894737e+00
4.187252772567476855e-01
3.178271028599835013e+00
5.079325850111231500e-01
4.016623498597786224e+00
3.573625857609383782e+00
1.968469469544096018e-01
4.627944875842445960e+00
1.905757184899985468e+00
3.168831800816762634e+00
2.168921110180026091e+00
2.573231843522577833e+00
2.282619537418768108e+00
1.873507562247815894e+00
3.875844828468018033e+00
2.678312250110301829e+00
3.259236097718237524e+00
3.271492939632449914e+00
4.058583041808030423e+00
3.010805933125368483e+00
2.333819733776749228e+00
1.818377027038182936e+00
6.347715887782043875e-01
3.576956455137842550e+00
1.634088019664939440e+00
1.613357262725623409e+00
2.642654227668116196e+00
3.536498631952960991e+00
2.735885556905519600e+00
1.022921974151622670e+00
2.268598169139064868e+00
3.303437477252379129e+00
2.663939879197109839e+00
3.887611333375827982e+00
3.646751083534872873e+00
3.099283015190542834e+00
3.644791773002599822e+00
1.604188689392071376e+00
2.405170834426398674e+00
3.333818299234176052e+00
7.066368826311504314e-01
1.008631868032555001e+00
1.589613731687310461e+00
1.592367977823310188e+00
2.498506722408849523e+00
2.750648829115214689e+00
1.458420789823459796e+00
2.178447993286277473e+00
8.523375975005625937e-01
1.502294640755377220e+00
2.764360158315128935e+00
2.834652986024092325e+00
3.160100576104553749e+00
3.038858621734147558e+00
4.219947959324310105e+00
2.559799938150310705e+00
3.755562563287643485e+00
0.000000000000000000e+00
8.677414702900546617e-01
2.960964362636036018e+00
3.373465024845919924e+00
8.879500844615056954e-01
2.467640754594504493e+00
7.821400095516962692e-01
2.859355596158959845e+00
4.191412401426645395e+00
3.164105297311367249e+00
1.010702012509711478e+00
4.527087227669314373e+00
4.216352953160761530e+00
2.940211880816022028e+00
6.693322287430103490e-01
2.180689311920812390e+00
2.634258079339399039e+00
2.153822540513947725e+00
4.528434442748920041e+00
1.731330755756973483e+00
3.597858019844012212e+00
3.857211476556179908e-01
1.838676347390214572e+00
3.327061273539714037e+00
3.560613398371343497e+00
2.453977238352845980e+00
3.336482073110081270e+00
3.422893528085487969e+00
1.984483853853981294e+00
2.852827022765894061e+00
2.750371305177398362e+00
1.377457880028022386e+00
1.895544568476929426e+00
1.859699418538829585e+00
2.888004386055021300e+00
3.719826960310078423e+00
3.730062953154395178e+00
3.356053926616922478e+00
2.748278957743755857e+00
2.616762883664284445e+00
1.307292096633967393e+00
2.459774155079549995e+00
3.307928686192457057e+00
4.206982486668806587e+00
3.956199554359876469e+00
2.106664530231638466e+00
2.818870040603360216e+00
3.092807935204355374e+00
3.408700161330944667e+00
2.987279124922573637e+00
3.966115180404126583e+00
4.736932136859520526e+00
3.831051167344192265e+00
3.121233912176400338e+00
6.990520751255072662e-01
4.367945898709383101e+00
1.123872874605012617e+00
1.927357443959906380e+00
1.915874361811418458e+00
3.987184956940525549e+00
3.719175143003683459e+00
3.649053595150830720e+00
2.582738044700723989e+00
2.107630863311650948e+00
4.341298434385912230e+00
2.808444662285516369e+00
1.994692919078950188e+00
1.528780339206443628e+00
3.774954818031049264e+00
1.515019662904727671e+00
3.857014314939486432e+00
1.215913124958690084e+00
2.178730498200909693e+00
3.176124740588281981e+00
6.455568803730076244e-01
4.096911716988983265e+00
3.773143477934627565e+00
1.137316161174234397e+00
8.169469151762011050e-01
3.893135376855566765e+00
5.603943140396889788e-01
3.498688678348676362e+00
3.862045454522013088e+00
2.673801166471252433e+00
3.199737094878833066e+00
1.470124859569348352e+00
3.187289352426982525e+00
1.972454416153970103e+00
3.221317468877206380e+00
5.028904216839772401e-01
2.703369302652559369e+00
