2.991402775299566219e+00
2.175339095899324171e+00
3.834043788426401367e+00
2.246765327108864785e+00
3.246524802679608523e+00
4.875160653417160539e+00
4.794026975370118571e+00
3.149607086240602261e+00
2.808227250077136805e+00
4.316887660008735139e+00
4.616117540114485607e+00
5.479225407152493510e+00
2.194288972162306006e+00
4.471870221067563378e+00
1.613789005811923749e+00
5.005515484289089656e+00
2.504553899882917545e+00
1.424860772253738084e+00
2.934066861128482362e+00
4.412849033990593028e+00
3.277287215676222054e+00
4.017844133875408730e+00
3.511918447921559494e+00
9.232246418630472018e-01
5.390572551610626206e+00
2.627244832389015627e+00
9.238092201702697848e-01
3.009301727969071472e+00
4.058163851824615698e+00
6.494202392079340136e-01
4.356854360878872789e+00
9.850165943680481151e-01
3.138582751095498224e+00
2.526339841054975999e+00
3.521647677927535636e+00
2.097494829292383400e+00
1.083579006826257629e+00
1.068171238221545805e+00
2.249845443720286386e+00
4.250016042330291732e+00
3.477732199461949225e+00
2.675362574875101096e+00
3.357960460324423746e+00
4.777057228552791024e+00
1.588765385423085208e+00
5.275948127298867973e+00
2.001382619718392597e+00
5.105271801647312202e+00
2.114186667211861437e+00
1.396223463871586246e+00
4.792737686880844450e+00
1.647214319322378939e+00
6.003514728951525825e+00
2.578292042912055937e+00
1.069789205002137145e+00
2.916447774651143465e+00
2.474222012422130135e+00
5.015319177991376165e+00
6.007825413836708428e+00
2.735448451006917470e+00
4.707557056010096552e+00
4.741116553275876555e+00
4.898204667943217849e+00
4.894257687565104931e+00
2.436346704118590445e+00
2.906567560542680617e+00
4.591573668555782639e+00
1.955898949913850604e+00
2.242860251619276379e+00
3.236208799017501025e+00
1.572477172283168079e+00
2.517138878274590041e+00
1.089048287693476169e+00
3.466238577171851354e+00
1.832305112195084407e+00
4.619839177470256075e+00
2.332182261361474662e+00
3.871904787240946222e-01
3.080614605147699692e+00
2.135643323214931222e+00
2.301199059249988466e+00
3.062561880817255666e+00
2.925524987840032676e+00
2.551895281108191860e+00
2.849114966919553904e+00
5.427643856885429052e+00
2.882109889751743204e+00
2.273940187668280100e+00
1.940689674575841739e+00
2.313203212652179097e+00
3.549616100639906291e-01
2.503809605379944792e+00
7.568603570574371497e-01
4.757588761807121536e+00
2.111062743782996076e+00
5.539749858125678550e+00
3.231695939341557855e-01
1.067165102701063795e+00
2.435542652161832855e+00
2.055824541447664799e+00
2.195017564343231253e+00
7.933420169637817043e-01
2.844093293747926854e+00
2.606068211005125868e+00
3.937063185058840453e+00
2.336841741009365592e+00
4.602113764284027297e+00
3.441204936892737987e+00
3.012591602415796377e+00
5.114728220875321085e+00
4.939120008492858815e+00
2.619566627069863873e+00
3.989064191430981676e+00
9.026301936201939213e-01
3.802882441684618531e-01
3.565703827935465142e+00
2.618177685274979627e+00
3.221667152160049952e+00
3.120032431485156188e+00
4.880512222004750100e+00
3.679392040077562154e+00
1.692298970518173240e+00
5.017178862286441721e+00
4.670141063094472855e+00
2.248630476155996316e+00
4.890863573186945978e-01
2.266125757063944146e+00
1.836029304591837441e+00
3.941810174533179723e+00
2.556796253622521498e+00
3.277214340081445076e+00
2.823265225138241519e+00
4.017404245905272120e+00
4.597380431005077206e+00
3.887584014478079109e+00
3.917412512030304939e+00
3.832448949660145043e+00
9.706041389216482074e-01
8.360598037376484326e-01
1.729791983022451296e+00
2.560896260939781399e+00
4.367000096130427167e+00
3.606741329800104534e+00
2.296628633517108220e+00
2.031781888222471188e+00
2.798761752322748819e+00
2.746532949198313478e+00
4.306319474870877073e+00
5.145394869578851171e+00
4.316629551004966814e+00
1.698866897544647925e+00
1.299832326085341050e+00
3.178394905116956881e+00
1.617671256528141921e+00
3.480061777167021475e+00
4.474200551737197884e+00
4.345768730059135443e+00
4.491905541321410844e+00
3.755389588091109232e+00
5.302655665365809234e+00
4.203388391956019099e+00
4.565098295012532503e+00
5.227708132208609193e+00
4.291582049934423715e+00
3.139011187668031333e+00
3.081014652600899684e+00
2.976561837743012084e+00
3.657703415649877332e+00
1.005990026574598462e+00
2.173611236684588111e+00
9.964367961750340008e-01
3.172993139890948999e+00
1.686703883550126015e+00
5.026559917377142028e+00
4.213361464070692008e+00
