2.000000000000000000e+00 4.154347879560379653e+00
2.000000000000000000e+00 4.396043783818064377e+00
2.000000000000000000e+00 2.995577040230237742e+00
0.000000000000000000e+00 3.721678761584463313e+00
2.000000000000000000e+00 9.822029890111149131e-01
0.000000000000000000e+00 5.164812762649631850e+00
2.000000000000000000e+00 1.468864410789189723e+00
3.000000000000000000e+00 2.773746318565357694e+00
3.000000000000000000e+00 3.155172040666756939e+00
2.000000000000000000e+00 4.735246683607083007e+00
3.000000000000000000e+00 1.340119159697312545e+00
3.000000000000000000e+00 4.496776738997692924e+00
0.000000000000000000e+00 4.711253641366403677e+00
0.000000000000000000e+00 4.500274366067413823e+00
0.000000000000000000e+00 5.025761359121001526e+00
3.000000000000000000e+00 3.371336371015306366e+00
3.000000000000000000e+00 2.665829797565364867e+00
0.000000000000000000e+00 3.879604089656713217e+00
2.000000000000000000e+00 8.983852779914331954e-01
3.000000000000000000e+00 2.472236206642218992e+00
3.000000000000000000e+00 2.767498464003672609e+00
2.000000000000000000e+00 3.853761865861007774e+00
2.000000000000000000e+00 3.154664431038517236e+00
2.000000000000000000e+00 4.006857048862033643e+00
3.000000000000000000e+00 5.012847058833297176e+00
3.000000000000000000e+00 4.911077295261461195e+00
0.000000000000000000e+00 8.513535683755135697e-01
2.000000000000000000e+00 4.044228068903338524e+00
2.000000000000000000e+00 2.809569577009857433e+00
2.000000000000000000e+00 1.323736559113318778e+00
0.000000000000000000e+00 3.256289732912268420e+00
0.000000000000000000e+00 1.775763573260994654e+00
3.000000000000000000e+00 3.653181311446000556e+00
2.000000000000000000e+00 1.882877051497437337e+00
2.000000000000000000e+00 2.517752412941800966e+00
3.000000000000000000e+00 4.510334887440786034e+00
2.000000000000000000e+00 4.813581325351880658e+00
3.000000000000000000e+00 2.922694213937653718e+00
3.000000000000000000e+00 4.459590724367051173e+00
3.000000000000000000e+00 2.832014374706541826e+00
0.000000000000000000e+00 2.368846644492173859e+00
3.000000000000000000e+00 4.102139061370323248e+00
0.000000000000000000e+00 4.117344975981606758e+00
0.000000000000000000e+00 1.354445488849282286e+00
2.000000000000000000e+00 4.210984039055976069e+00
0.000000000000000000e+00 2.300691710442865467e+00
2.000000000000000000e+00 4.134406742936983292e+00
3.000000000000000000e+00 2.808567746386621433e+00
3.000000000000000000e+00 3.782032702090627030e+00
0.000000000000000000e+00 5.213376282958422925e-01
0.000000000000000000e+00 4.959535938453113246e+00
3.000000000000000000e+00 1.305147669472828564e+00
3.000000000000000000e+00 2.947096685338545186e+00
0.000000000000000000e+00 1.017993678510579425e+00
2.000000000000000000e+00 3.047948949786392525e+00
0.000000000000000000e+00 3.682833539262952538e+00
0.000000000000000000e+00 3.213737711490221027e+00
3.000000000000000000e+00 2.858183671353760058e+00
0.000000000000000000e+00 5.239704636145949834e+00
3.000000000000000000e+00 5.609700814015403658e+00
0.000000000000000000e+00 2.800238925631134190e+00
2.000000000000000000e+00 2.338499512440840533e+00
2.000000000000000000e+00 2.514727248085377731e+00
3.000000000000000000e+00 2.588284105647211231e+00
0.000000000000000000e+00 4.759077943996953941e+00
2.000000000000000000e+00 2.073606718671946458e-01
0.000000000000000000e+00 1.868556196976803196e+00
3.000000000000000000e+00 2.214252909742477460e+00
2.000000000000000000e+00 3.679905553302223353e+00
0.000000000000000000e+00 2.323771131183793859e+00
0.000000000000000000e+00 1.330577317818459671e+00
0.000000000000000000e+00 3.809256615662761636e+00
3.000000000000000000e+00 1.450653935250184823e+00
2.000000000000000000e+00 2.816825848993753212e+00
0.000000000000000000e+00 5.916499947503811363e+00
3.000000000000000000e+00 2.067240411016789903e+00
0.000000000000000000e+00 4.535542665922121408e+00
0.000000000000000000e+00 5.916963857482211431e+00
2.000000000000000000e+00 1.019851597739927174e+00
2.000000000000000000e+00 4.165114032366716401e+00
2.000000000000000000e+00 6.420491547061292215e-01
3.000000000000000000e+00 3.682221402595775128e+00
2.000000000000000000e+00 2.409955510546689883e+00
2.000000000000000000e+00 4.880998477040648709e+00
0.000000000000000000e+00 1.333752941744423604e+00
3.000000000000000000e+00 2.857774819132703925e+00
0.000000000000000000e+00 4.818855686269287730e+00
0.000000000000000000e+00 3.059367501346104135e+00
3.000000000000000000e+00 4.728860046773972314e+00
2.000000000000000000e+00 3.845885129662595325e+00
3.000000000000000000e+00 2.345892380378995057e+00
3.000000000000000000e+00 3.593729477572545239e+00
0.000000000000000000e+00 5.568230321856898257e+00
2.000000000000000000e+00 3.488112594025985502e-01
3.000000000000000000e+00 2.455474330801981520e+00
2.000000000000000000e+00 1.604804296515169426e+00
0.000000000000000000e+00 3.675438072967165404e+00
2.000000000000000000e+00 3.038543863275583679e+00
3.000000000000000000e+00 2.708554917202628864e+00
0.000000000000000000e+00 6.205715008836711899e-01
0.000000000000000000e+00 2.004695551076447924e+00
0.000000000000000000e+00 3.745217071058354552e+00
0.000000000000000000e+00 4.633086598444897675e+00
2.000000000000000000e+00 3.582759578877270812e+00
2.000000000000000000e+00 2.324663433260016010e+00
2.000000000000000000e+00 3.777823526484366479e+00
0.000000000000000000e+00 4.334008075204772936e+00
3.000000000000000000e+00 3.564261058739426336e+00
2.000000000000000000e+00 4.258643407046703855e-01
0.000000000000000000e+00 2.043147737407598363e+00
3.000000000000000000e+00 1.852275361007747367e+00
2.000000000000000000e+00 4.650440579118391149e+00
3.000000000000000000e+00 3.856269332185682241e+00
3.000000000000000000e+00 3.604240969999966904e+00
3.000000000000000000e+00 1.824376308848849826e+00
3.000000000000000000e+00 1.518242258075090501e+00
0.000000000000000000e+00 1.626655393599832689e+00
2.000000000000000000e+00 3.928580071172530275e+00
0.000000000000000000e+00 4.640115132562069533e+00
2.000000000000000000e+00 4.011727213014286697e+00
3.000000000000000000e+00 2.378357172684177456e+00
0.000000000000000000e+00 2.570589965779030983e+00
3.000000000000000000e+00 2.614603831368697229e+00
3.000000000000000000e+00 1.422171694073026016e+00
0.000000000000000000e+00 1.984799295539318331e+00
0.000000000000000000e+00 4.776364588860667615e-01
3.000000000000000000e+00 1.999791300909622427e+00
0.000000000000000000e+00 1.275370671486231178e+00
0.000000000000000000e+00 5.037696827963111801e+00
2.000000000000000000e+00 2.410530023282519529e+00
0.000000000000000000e+00 3.434359502083752513e+00
0.000000000000000000e+00 1.828282635634290942e+00
3.000000000000000000e+00 4.516096687244510299e+00
0.000000000000000000e+00 5.183061359073355412e+00
2.000000000000000000e+00 3.065145409108109398e+00
3.000000000000000000e+00 3.604186120855080500e+00
0.000000000000000000e+00 3.458252708950849130e-01
2.000000000000000000e+00 1.596582902627042388e+00
0.000000000000000000e+00 1.061924028848254098e+00
0.000000000000000000e+00 4.835420074189674011e+00
3.000000000000000000e+00 2.071038929015835972e+00
2.000000000000000000e+00 1.215632764165666402e-01
3.000000000000000000e+00 2.152352760955328126e+00
2.000000000000000000e+00 4.331814390240193546e+00
2.000000000000000000e+00 4.033517482488992556e+00
3.000000000000000000e+00 3.429763865884328577e+00
3.000000000000000000e+00 4.795686060818572294e+00
2.000000000000000000e+00 4.472199417481435901e+00
0.000000000000000000e+00 3.644100665106359660e+00
0.000000000000000000e+00 5.915569031285270896e+00
0.000000000000000000e+00 5.212807562354988988e+00
2.000000000000000000e+00 1.162415412588134300e+00
3.000000000000000000e+00 4.140471543149898181e+00
3.000000000000000000e+00 2.568681563736095796e+00
0.000000000000000000e+00 2.582481055446688600e+00
3.000000000000000000e+00 5.836028994791772062e-01
2.000000000000000000e+00 8.720098952341611698e-01
2.000000000000000000e+00 3.501200996019608880e+00
3.000000000000000000e+00 4.092517449608042313e+00
2.000000000000000000e+00 4.663343597675912555e+00
3.000000000000000000e+00 1.030016919944818587e+00
2.000000000000000000e+00 5.516919129608582884e-01
3.000000000000000000e+00 9.635379997999011792e-01
2.000000000000000000e+00 1.654126450346774302e+00
3.000000000000000000e+00 1.818373264172618686e+00
3.000000000000000000e+00 1.456508787156040263e+00
3.000000000000000000e+00 1.907034307990918442e+00
3.000000000000000000e+00 4.802744060237122525e+00
0.000000000000000000e+00 4.485455150821516135e+00
3.000000000000000000e+00 1.516785189117730859e+00
0.000000000000000000e+00 2.085028534816298684e+00
3.000000000000000000e+00 3.018807286190233086e+00
2.000000000000000000e+00 3.007475657315183959e+00
0.000000000000000000e+00 5.308694563821689805e+00
2.000000000000000000e+00 2.049959043531976999e+00
0.000000000000000000e+00 3.695151240857127206e+00
0.000000000000000000e+00 3.577320279420537208e+00
0.000000000000000000e+00 2.270593583888138589e+00
2.000000000000000000e+00 3.492310745546693518e+00
3.000000000000000000e+00 3.506057502193254294e+00
0.000000000000000000e+00 1.104156733858824069e+00
3.000000000000000000e+00 2.099269296291372822e+00
0.000000000000000000e+00 1.459140853714786523e+00
3.000000000000000000e+00 2.938609002639714696e+00
0.000000000000000000e+00 5.868579680404685250e-01
3.000000000000000000e+00 2.419845144743777876e+00
3.000000000000000000e+00 2.298472288790827101e+00
0.000000000000000000e+00 2.154064107235477366e+00
0.000000000000000000e+00 2.672639848888652025e+00
3.000000000000000000e+00 6.509249199380146012e-02
0.000000000000000000e+00 3.578469894466560053e+00
3.000000000000000000e+00 3.156344235759838135e+00
2.000000000000000000e+00 3.085719040146754466e+00
0.000000000000000000e+00 4.880709699632481247e+00
3.000000000000000000e+00 1.363729636799539291e+00
0.000000000000000000e+00 1.274357682206255893e+00
0.000000000000000000e+00 2.760049553064114036e+00
0.000000000000000000e+00 2.506064176490241380e+00
0.000000000000000000e+00 5.925617328847631704e+00
3.000000000000000000e+00 3.295794592838575010e+00
3.000000000000000000e+00 1.990138256498506619e+00
2.000000000000000000e+00 1.952580443032577939e+00
0.000000000000000000e+00 2.753754395264647048e+00
0.000000000000000000e+00 5.160971416126562517e+00
3.000000000000000000e+00 1.251997771829310935e+00
0.000000000000000000e+00 4.843803234657142021e+00
0.000000000000000000e+00 3.953584010164722606e+00
3.000000000000000000e+00 4.258578192100499038e+00
0.000000000000000000e+00 7.640593196777012430e-01
3.000000000000000000e+00 4.721281523681103209e+00
0.000000000000000000e+00 4.215146588133845462e+00
3.000000000000000000e+00 1.329672235947321424e+00
0.000000000000000000e+00 3.590452392016696415e+00
0.000000000000000000e+00 5.742511940653638014e+00
2.000000000000000000e+00 1.629442397621149841e+00
3.000000000000000000e+00 3.115533885336337683e+00
2.000000000000000000e+00 1.886005912080392699e+00
0.000000000000000000e+00 3.807696194051039207e+00
0.000000000000000000e+00 4.366551611450829817e+00
0.000000000000000000e+00 1.042491260005604214e+00
0.000000000000000000e+00 3.291978858400932406e+00
3.000000000000000000e+00 4.043724132744618949e+00
3.000000000000000000e+00 5.906789781778670090e+00
2.000000000000000000e+00 3.246937922658462039e+00
2.000000000000000000e+00 9.565327671594918701e-01
2.000000000000000000e+00 3.271985478542919434e+00
0.000000000000000000e+00 1.021828140162678311e+00
3.000000000000000000e+00 3.977837509944509353e+00
2.000000000000000000e+00 3.191619382394946580e+00
2.000000000000000000e+00 3.754557866603420724e+00
0.000000000000000000e+00 4.733011204689022478e+00
3.000000000000000000e+00 2.609228061005900212e+00
0.000000000000000000e+00 3.099734720093011209e+00
3.000000000000000000e+00 2.744734275676278035e+00
2.000000000000000000e+00 2.058043690581285556e+00
0.000000000000000000e+00 3.900995046957367762e+00
0.000000000000000000e+00 5.363901853691682042e+00
3.000000000000000000e+00 2.457174914553274192e+00
0.000000000000000000e+00 5.153600509248341233e+00
2.000000000000000000e+00 1.726739744193746207e+00
0.000000000000000000e+00 4.097289738146243643e+00
3.000000000000000000e+00 9.217996583328293969e-01
2.000000000000000000e+00 2.267480022504742454e+00
0.000000000000000000e+00 4.121214682930761875e+00
0.000000000000000000e+00 2.984803038923439900e+00
3.000000000000000000e+00 1.426412075659341472e+00
0.000000000000000000e+00 2.887363528559950154e+00
3.000000000000000000e+00 3.237170876274102937e+00
0.000000000000000000e+00 5.893297604669752721e-01
0.000000000000000000e+00 1.027606487023518644e+00
0.000000000000000000e+00 3.012381193989118078e+00
0.000000000000000000e+00 1.082278570563081743e+00
2.000000000000000000e+00 3.850476851425796099e+00
2.000000000000000000e+00 3.729699248184635163e+00
3.000000000000000000e+00 2.517939635771072826e+00
3.000000000000000000e+00 4.499667763152163324e+00
3.000000000000000000e+00 4.365980468588736230e+00
0.000000000000000000e+00 1.513348968739383071e+00
0.000000000000000000e+00 4.665504522772272011e+00
3.000000000000000000e+00 2.708144077295550289e+00
0.000000000000000000e+00 1.064217481147859079e+00
0.000000000000000000e+00 4.340353086472472199e+00
0.000000000000000000e+00 1.772352033307184938e+00
0.000000000000000000e+00 2.840259867716428577e+00
3.000000000000000000e+00 1.498535871117413265e+00
3.000000000000000000e+00 2.121787009063981877e+00
0.000000000000000000e+00 4.095636897846056890e+00
0.000000000000000000e+00 4.406890844687402442e+00
2.000000000000000000e+00 3.927903025706736884e+00
0.000000000000000000e+00 1.606182885774587676e+00
0.000000000000000000e+00 3.277795013636110699e+00
0.000000000000000000e+00 5.112356358075154539e+00
0.000000000000000000e+00 2.680146849145393251e+00
2.000000000000000000e+00 2.667083489458587753e+00
0.000000000000000000e+00 3.422388372114331112e+00
2.000000000000000000e+00 1.260650690094745618e+00
2.000000000000000000e+00 2.517840583299824075e+00
2.000000000000000000e+00 1.128768337975521341e+00
0.000000000000000000e+00 4.362828762818498518e+00
0.000000000000000000e+00 1.452553011169966657e-01
2.000000000000000000e+00 1.685904534499108598e+00
3.000000000000000000e+00 2.292208232617030550e+00
3.000000000000000000e+00 1.198456778564344294e+00
3.000000000000000000e+00 2.630266902360493209e+00
2.000000000000000000e+00 3.357143371208899829e+00
2.000000000000000000e+00 2.083665311785628749e+00
2.000000000000000000e+00 3.268388521061917906e+00
0.000000000000000000e+00 2.136098755487958911e+00
3.000000000000000000e+00 7.937504807733466450e-01
0.000000000000000000e+00 1.090910168585863538e+00
2.000000000000000000e+00 3.843682448257172091e+00
2.000000000000000000e+00 4.839300822486729103e+00
2.000000000000000000e+00 2.539805919283176117e+00
0.000000000000000000e+00 3.582114494145368422e+00
3.000000000000000000e+00 1.973642213964257097e+00
0.000000000000000000e+00 2.804275804159763297e+00
2.000000000000000000e+00 1.684348194393889164e+00
0.000000000000000000e+00 5.467663543705453044e+00
2.000000000000000000e+00 3.251945175610655436e+00
0.000000000000000000e+00 5.303516176169387197e-01
3.000000000000000000e+00 4.428742875219183084e+00
2.000000000000000000e+00 3.483554876905486264e+00
2.000000000000000000e+00 2.621539675534469094e+00
0.000000000000000000e+00 1.541823710592070018e+00
2.000000000000000000e+00 1.008245635005174501e+00
0.000000000000000000e+00 3.117138732523363043e+00
3.000000000000000000e+00 3.260815464407210928e+00
2.000000000000000000e+00 4.618909216739985446e+00
3.000000000000000000e+00 3.986869670432062307e+00
3.000000000000000000e+00 2.564354335151707853e-01
0.000000000000000000e+00 2.818599590612943739e+00
0.000000000000000000e+00 5.177083714512349388e+00
2.000000000000000000e+00 2.007906200885367198e+00
3.000000000000000000e+00 3.494745052805029228e+00
0.000000000000000000e+00 1.478610719396315387e+00
3.000000000000000000e+00 4.828460304080404164e+00
2.000000000000000000e+00 2.268521978443650777e+00
3.000000000000000000e+00 1.613094896460053329e+00
3.000000000000000000e+00 2.334528591208836268e+00
0.000000000000000000e+00 4.284579895357139456e+00
2.000000000000000000e+00 4.126231185079485719e+00
3.000000000000000000e+00 3.014180182366866578e+00
2.000000000000000000e+00 2.519449157757729374e+00
2.000000000000000000e+00 4.896436620045400367e+00
2.000000000000000000e+00 3.687544553180582607e+00
2.000000000000000000e+00 2.542608951922302296e+00
2.000000000000000000e+00 1.049292830165706070e+00
2.000000000000000000e+00 7.160857788664195533e-01
3.000000000000000000e+00 2.478385987900890708e+00
2.000000000000000000e+00 3.802162657025056625e+00
0.000000000000000000e+00 5.364186220173596809e+00
2.000000000000000000e+00 7.416586362666595100e-01
3.000000000000000000e+00 9.561406250878617952e-01
0.000000000000000000e+00 1.575224384045541770e+00
3.000000000000000000e+00 5.168879374789689507e+00
3.000000000000000000e+00 1.829179952754629523e+00
2.000000000000000000e+00 3.914658929168647994e+00
2.000000000000000000e+00 2.418411164522127343e+00
0.000000000000000000e+00 4.973833268559721077e+00
2.000000000000000000e+00 1.984031510482905603e+00
3.000000000000000000e+00 5.426429807187230558e+00
3.000000000000000000e+00 4.325318857742789902e+00
0.000000000000000000e+00 4.390032466921002907e+00
2.000000000000000000e+00 4.162801146819155029e+00
2.000000000000000000e+00 2.988220256308458112e+00
0.000000000000000000e+00 2.980599232708704083e+00
3.000000000000000000e+00 4.986358988964473049e+00
3.000000000000000000e+00 3.765815356037730766e+00
3.000000000000000000e+00 4.771981768033671578e+00
3.000000000000000000e+00 2.347604958341676706e+00
0.000000000000000000e+00 2.772588316909670336e+00
3.000000000000000000e+00 2.186330212911250737e+00
3.000000000000000000e+00 1.573715367987083447e+00
0.000000000000000000e+00 3.037753595960928976e+00
0.000000000000000000e+00 3.166969942528099047e+00
2.000000000000000000e+00 3.438467490120922232e+00
2.000000000000000000e+00 2.103948865538790791e+00
3.000000000000000000e+00 1.681595369240129312e+00
2.000000000000000000e+00 4.628938823105701594e+00
2.000000000000000000e+00 2.766976308711352139e+00
3.000000000000000000e+00 1.975656700242877983e+00
0.000000000000000000e+00 4.538575163780663502e+00
3.000000000000000000e+00 3.026038737267311429e+00
2.000000000000000000e+00 1.085440970641081249e+00
3.000000000000000000e+00 3.793616063439904984e+00
3.000000000000000000e+00 3.111408374155328005e+00
3.000000000000000000e+00 1.641698707791727552e+00
0.000000000000000000e+00 2.119462385411982286e+00
2.000000000000000000e+00 1.743552492843107427e+00
2.000000000000000000e+00 4.143336412010007130e+00
2.000000000000000000e+00 4.781406253612753510e+00
3.000000000000000000e+00 2.370932270025076782e+00
0.000000000000000000e+00 1.378751104680270512e+00
2.000000000000000000e+00 9.651805929908128245e-01
2.000000000000000000e+00 1.506768001954222669e+00
3.000000000000000000e+00 1.541705751004808667e+00
2.000000000000000000e+00 2.366066620476874771e+00
2.000000000000000000e+00 1.804921822484107485e+00
3.000000000000000000e+00 3.937032228006875023e+00
3.000000000000000000e+00 2.012399268617115489e+00
2.000000000000000000e+00 3.069551953362827490e+00
3.000000000000000000e+00 4.146986532189500529e+00
0.000000000000000000e+00 2.040442194348365046e+00
2.000000000000000000e+00 3.754403008533444108e+00
0.000000000000000000e+00 2.467643110370568493e+00
0.000000000000000000e+00 3.701273915518255464e+00
0.000000000000000000e+00 3.873008096841915826e+00
3.000000000000000000e+00 1.173631469683951600e+00
2.000000000000000000e+00 3.365183915044994922e+00
3.000000000000000000e+00 3.783071814702828384e+00
2.000000000000000000e+00 1.356439111358985317e+00
2.000000000000000000e+00 5.514144426540053878e+00
2.000000000000000000e+00 2.045713872438937209e+00
3.000000000000000000e+00 2.034537762379193815e+00
2.000000000000000000e+00 2.083966735366510559e+00
0.000000000000000000e+00 9.177619124947263840e-01
3.000000000000000000e+00 4.217463800366329174e+00
0.000000000000000000e+00 3.080646867844795800e+00
2.000000000000000000e+00 2.635813829937716068e+00
3.000000000000000000e+00 8.910299137933882507e-01
3.000000000000000000e+00 5.086212176382096217e+00
3.000000000000000000e+00 2.262234842716072336e+00
2.000000000000000000e+00 4.392525741771689418e+00
2.000000000000000000e+00 3.102407324163850788e+00
3.000000000000000000e+00 4.002243634135512096e+00
0.000000000000000000e+00 3.806486735840408198e+00
2.000000000000000000e+00 1.282072119513368413e+00
3.000000000000000000e+00 1.812555935501910298e+00
0.000000000000000000e+00 3.861647744064670817e+00
3.000000000000000000e+00 4.667685463790280487e+00
0.000000000000000000e+00 2.614631757214674668e+00
3.000000000000000000e+00 3.333639644437313088e+00
3.000000000000000000e+00 2.783889491280458817e+00
3.000000000000000000e+00 4.348984610686166263e+00
3.000000000000000000e+00 3.584240095541298299e+00
2.000000000000000000e+00 5.312273326017477038e-01
2.000000000000000000e+00 2.697487284404842534e+00
3.000000000000000000e+00 5.913228124643946648e-01
0.000000000000000000e+00 5.583497216295701726e+00
3.000000000000000000e+00 2.491355152472358725e+00
0.000000000000000000e+00 3.036854714371756803e+00
3.000000000000000000e+00 1.368304897492990335e+00
3.000000000000000000e+00 3.487092341015078478e+00
2.000000000000000000e+00 1.541313475211120831e+00
2.000000000000000000e+00 2.894074823860174561e+00
0.000000000000000000e+00 1.127926358586211819e+00
0.000000000000000000e+00 4.074228751841801888e+00
3.000000000000000000e+00 2.878782944572471525e+00
2.000000000000000000e+00 3.099997907086998516e+00
0.000000000000000000e+00 2.454466204204392099e+00
0.000000000000000000e+00 2.333347667115310831e+00
3.000000000000000000e+00 2.535277302847742220e+00
3.000000000000000000e+00 2.693194313415300911e+00
3.000000000000000000e+00 1.205541505153340021e+00
2.000000000000000000e+00 9.451713175955279711e-01
3.000000000000000000e+00 2.607580070618099377e+00
3.000000000000000000e+00 4.598780646330003385e+00
3.000000000000000000e+00 3.183286296681699046e+00
2.000000000000000000e+00 9.984842607972028716e-01
3.000000000000000000e+00 4.952193468530224685e+00
2.000000000000000000e+00 3.769872724413225296e+00
0.000000000000000000e+00 4.493452649276710176e+00
3.000000000000000000e+00 1.778244702271686739e+00
0.000000000000000000e+00 5.854898483641615137e+00
3.000000000000000000e+00 3.225529773605040340e+00
0.000000000000000000e+00 1.152725310672603198e+00
3.000000000000000000e+00 1.081880139831617793e+00
3.000000000000000000e+00 1.681065439502274161e+00
0.000000000000000000e+00 2.363281482438443160e+00
3.000000000000000000e+00 4.852456743381773130e+00
0.000000000000000000e+00 2.104444461305632341e+00
3.000000000000000000e+00 1.420008611759282058e+00
3.000000000000000000e+00 3.184432383667155975e+00
3.000000000000000000e+00 2.673795284460414590e-01
0.000000000000000000e+00 3.794854493102726600e+00
2.000000000000000000e+00 3.616261736000618843e+00
3.000000000000000000e+00 2.453476884386616597e+00
0.000000000000000000e+00 3.797856224580427931e+00
0.000000000000000000e+00 6.765888633732461410e-02
2.000000000000000000e+00 1.580904987238535231e+00
2.000000000000000000e+00 2.402395300660358668e+00
3.000000000000000000e+00 2.838604919811622551e+00
2.000000000000000000e+00 1.979972546780754517e+00
2.000000000000000000e+00 3.974125218785946156e+00
3.000000000000000000e+00 1.900009385229488590e+00
2.000000000000000000e+00 4.482925153998701617e+00
3.000000000000000000e+00 4.525752155944575250e+00
2.000000000000000000e+00 2.504044047895018998e+00
0.000000000000000000e+00 2.177799953135636457e+00
0.000000000000000000e+00 4.619853998611240797e+00
2.000000000000000000e+00 1.751981522702666716e+00
0.000000000000000000e+00 1.318341485257859880e+00
3.000000000000000000e+00 3.651072781883160090e+00
0.000000000000000000e+00 1.752064580433948970e+00
2.000000000000000000e+00 2.941309839926649072e+00
0.000000000000000000e+00 3.667474157554539982e+00
0.000000000000000000e+00 3.863921819242543521e+00
0.000000000000000000e+00 3.047930262104777910e+00
2.000000000000000000e+00 6.242167031303462732e-01
0.000000000000000000e+00 3.675781833399782705e+00
2.000000000000000000e+00 4.862223385802546538e+00
3.000000000000000000e+00 2.603193806070803529e+00
2.000000000000000000e+00 3.105143941273475594e+00
2.000000000000000000e+00 1.791551553452070289e+00
0.000000000000000000e+00 4.029246232326316957e+00
2.000000000000000000e+00 1.370307360491536786e+00
3.000000000000000000e+00 1.679563276873901723e+00
2.000000000000000000e+00 3.627608660997370116e+00
2.000000000000000000e+00 2.564800299944694384e+00
2.000000000000000000e+00 2.818660086647342577e+00
0.000000000000000000e+00 2.359592296928760824e+00
2.000000000000000000e+00 4.633998125913318056e+00
2.000000000000000000e+00 1.630602730086667895e+00
3.000000000000000000e+00 1.597747614631143120e+00
2.000000000000000000e+00 1.374205457339860548e+00
2.000000000000000000e+00 1.133957366468981265e+00
0.000000000000000000e+00 2.701813594302392652e+00
0.000000000000000000e+00 3.190221559586021272e+00
3.000000000000000000e+00 3.671734599068204652e+00
3.000000000000000000e+00 4.479217002495120781e+00
4.000000000000000000e+00 4.041778174885645392e+00
4.000000000000000000e+00 4.281265180169223861e+00
4.000000000000000000e+00 3.109343072695669452e+00
1.000000000000000000e+00 3.721678761584455764e+00
4.000000000000000000e+00 1.094493409088479918e+00
1.000000000000000000e+00 5.164812762649621192e+00
4.000000000000000000e+00 1.445835342818540425e+00
5.000000000000000000e+00 2.683887587168162447e+00
5.000000000000000000e+00 3.046650561685810388e+00
4.000000000000000000e+00 4.851951891715194698e+00
5.000000000000000000e+00 1.280032551734399338e+00
5.000000000000000000e+00 4.602537588998258045e+00
1.000000000000000000e+00 4.711253641366398348e+00
1.000000000000000000e+00 4.500274366067423593e+00
1.000000000000000000e+00 5.025761359121012184e+00
5.000000000000000000e+00 3.475283883608470514e+00
5.000000000000000000e+00 2.765447952563454770e+00
1.000000000000000000e+00 3.879604089656724764e+00
4.000000000000000000e+00 8.438648125404787370e-01
5.000000000000000000e+00 2.568507878300632097e+00
5.000000000000000000e+00 2.670775686702888674e+00
4.000000000000000000e+00 3.737133562426651068e+00
4.000000000000000000e+00 3.052686729148189393e+00
4.000000000000000000e+00 3.898128620146373180e+00
5.000000000000000000e+00 4.904706303619464691e+00
5.000000000000000000e+00 4.812814388052786718e+00
1.000000000000000000e+00 8.513535683755181216e-01
4.000000000000000000e+00 4.151670197101250182e+00
4.000000000000000000e+00 2.758377503294770161e+00
4.000000000000000000e+00 1.374178145871847390e+00
1.000000000000000000e+00 3.256289732912255541e+00
1.000000000000000000e+00 1.775763573260990213e+00
5.000000000000000000e+00 3.755054008065121351e+00
4.000000000000000000e+00 1.774675063019724774e+00
4.000000000000000000e+00 2.419336097374884975e+00
5.000000000000000000e+00 4.404897897235014348e+00
4.000000000000000000e+00 4.930379484470625684e+00
5.000000000000000000e+00 2.985370545126299291e+00
5.000000000000000000e+00 4.375210760095639806e+00
5.000000000000000000e+00 2.939179904887904815e+00
1.000000000000000000e+00 2.368846644492185849e+00
5.000000000000000000e+00 4.012871836237822620e+00
1.000000000000000000e+00 4.117344975981618305e+00
1.000000000000000000e+00 1.354445488849290058e+00
4.000000000000000000e+00 4.308168604297286208e+00
1.000000000000000000e+00 2.300691710442853033e+00
4.000000000000000000e+00 4.017685010572735749e+00
5.000000000000000000e+00 2.726891234930825192e+00
5.000000000000000000e+00 3.872271267182076926e+00
1.000000000000000000e+00 5.213376282958295249e-01
1.000000000000000000e+00 4.959535938453123904e+00
5.000000000000000000e+00 1.243134687470381250e+00
5.000000000000000000e+00 3.055265980462765096e+00
1.000000000000000000e+00 1.017993678510576316e+00
4.000000000000000000e+00 3.135266348391766211e+00
1.000000000000000000e+00 3.682833539262947209e+00
1.000000000000000000e+00 3.213737711490225024e+00
5.000000000000000000e+00 2.957948836352336297e+00
1.000000000000000000e+00 5.239704636145940064e+00
5.000000000000000000e+00 5.501671094546411567e+00
1.000000000000000000e+00 2.800238925631130193e+00
4.000000000000000000e+00 2.272180195476192655e+00
4.000000000000000000e+00 2.400031194695963599e+00
5.000000000000000000e+00 2.480000464874167143e+00
1.000000000000000000e+00 4.759077943996945947e+00
4.000000000000000000e+00 1.592687277488470388e-01
1.000000000000000000e+00 1.868556196976793649e+00
5.000000000000000000e+00 2.299485868260527255e+00
4.000000000000000000e+00 3.764476311564155075e+00
1.000000000000000000e+00 2.323771131183786753e+00
1.000000000000000000e+00 1.330577317818449012e+00
1.000000000000000000e+00 3.809256615662769185e+00
5.000000000000000000e+00 1.377096016793053490e+00
4.000000000000000000e+00 2.930650975813675618e+00
1.000000000000000000e+00 5.916499947503799817e+00
5.000000000000000000e+00 2.034226491190107566e+00
1.000000000000000000e+00 4.535542665922111638e+00
1.000000000000000000e+00 5.916963857482200773e+00
4.000000000000000000e+00 1.099456138168810382e+00
4.000000000000000000e+00 4.049605685557335910e+00
4.000000000000000000e+00 6.068984904996445051e-01
5.000000000000000000e+00 3.590525224503968715e+00
4.000000000000000000e+00 2.295345361045540322e+00
4.000000000000000000e+00 4.997719969085197889e+00
1.000000000000000000e+00 1.333752941744422271e+00
5.000000000000000000e+00 2.752827474988964074e+00
1.000000000000000000e+00 4.818855686269281513e+00
1.000000000000000000e+00 3.059367501346116569e+00
4.000000000000000000e+00 4.828043434213570073e+00
4.000000000000000000e+00 3.933034955523086129e+00
5.000000000000000000e+00 2.453761804632321741e+00
5.000000000000000000e+00 3.700547576825176321e+00
1.000000000000000000e+00 5.568230321856907139e+00
4.000000000000000000e+00 4.064886076319143005e-01
5.000000000000000000e+00 2.479189625219420989e+00
4.000000000000000000e+00 1.702785463875699401e+00
1.000000000000000000e+00 3.675438072967168068e+00
4.000000000000000000e+00 3.143513260970646872e+00
5.000000000000000000e+00 2.787976041842191943e+00
1.000000000000000000e+00 6.205715008836603097e-01
1.000000000000000000e+00 2.004695551076448812e+00
1.000000000000000000e+00 3.745217071058346558e+00
1.000000000000000000e+00 4.633086598444908333e+00
4.000000000000000000e+00 3.694875148939690934e+00
4.000000000000000000e+00 2.212094105267658151e+00
4.000000000000000000e+00 3.664286969588586906e+00
1.000000000000000000e+00 4.334008075204762278e+00
5.000000000000000000e+00 3.465517684640853968e+00
4.000000000000000000e+00 5.381080947431097217e-01
1.000000000000000000e+00 2.043147737407606357e+00
5.000000000000000000e+00 1.745561261512740270e+00
4.000000000000000000e+00 4.759799821882988446e+00
5.000000000000000000e+00 3.958668707388619534e+00
5.000000000000000000e+00 3.712953783093929427e+00
5.000000000000000000e+00 1.933040950098936950e+00
5.000000000000000000e+00 1.524125288428970437e+00
1.000000000000000000e+00 1.626655393599841792e+00
4.000000000000000000e+00 3.836009925825921929e+00
1.000000000000000000e+00 4.640115132562081968e+00
4.000000000000000000e+00 4.127694982758182363e+00
5.000000000000000000e+00 2.423706237841717126e+00
1.000000000000000000e+00 2.570589965779043418e+00
5.000000000000000000e+00 2.721861337172974071e+00
5.000000000000000000e+00 1.452184260857424247e+00
1.000000000000000000e+00 1.984799295539314556e+00
1.000000000000000000e+00 4.776364588860783633e-01
5.000000000000000000e+00 1.966703394283449091e+00
1.000000000000000000e+00 1.275370671486226737e+00
1.000000000000000000e+00 5.037696827963124235e+00
4.000000000000000000e+00 2.511530904249541507e+00
1.000000000000000000e+00 3.434359502083762727e+00
1.000000000000000000e+00 1.828282635634281394e+00
5.000000000000000000e+00 4.408944770788030709e+00
1.000000000000000000e+00 5.183061359073344754e+00
4.000000000000000000e+00 3.168986753446719540e+00
5.000000000000000000e+00 3.691121806031523178e+00
1.000000000000000000e+00 3.458252708950977361e-01
4.000000000000000000e+00 1.570652981410799232e+00
1.000000000000000000e+00 1.061924028848263646e+00
1.000000000000000000e+00 4.835420074189665129e+00
5.000000000000000000e+00 2.109388616118351489e+00
4.000000000000000000e+00 4.942464152308963243e-02
5.000000000000000000e+00 2.256139892884439835e+00
4.000000000000000000e+00 4.448261358794908915e+00
4.000000000000000000e+00 3.919639539490507030e+00
5.000000000000000000e+00 3.334435491149739583e+00
5.000000000000000000e+00 4.901874271316367881e+00
4.000000000000000000e+00 4.584132119095570168e+00
1.000000000000000000e+00 3.644100665106368542e+00
1.000000000000000000e+00 5.915569031285279777e+00
1.000000000000000000e+00 5.212807562354980995e+00
4.000000000000000000e+00 1.104551558537163469e+00
5.000000000000000000e+00 4.051558498597520597e+00
5.000000000000000000e+00 2.645996493726463061e+00
1.000000000000000000e+00 2.582481055446685492e+00
5.000000000000000000e+00 6.686913282354051136e-01
4.000000000000000000e+00 7.602854160890715196e-01
4.000000000000000000e+00 3.596289047858258758e+00
5.000000000000000000e+00 3.988255269982955653e+00
4.000000000000000000e+00 4.555685991083020525e+00
5.000000000000000000e+00 1.082856915870953562e+00
4.000000000000000000e+00 6.516739645458626828e-01
5.000000000000000000e+00 9.149412487176468156e-01
4.000000000000000000e+00 1.556256816899901363e+00
5.000000000000000000e+00 1.915050645952311337e+00
5.000000000000000000e+00 1.565021697243126120e+00
5.000000000000000000e+00 1.823197820494397048e+00
5.000000000000000000e+00 4.700736431374651580e+00
1.000000000000000000e+00 4.485455150821522352e+00
5.000000000000000000e+00 1.417736146416838539e+00
1.000000000000000000e+00 2.085028534816311563e+00
5.000000000000000000e+00 3.125851385591256637e+00
4.000000000000000000e+00 2.901011147031593129e+00
1.000000000000000000e+00 5.308694563821699575e+00
4.000000000000000000e+00 2.075194315016976265e+00
1.000000000000000000e+00 3.695151240857120989e+00
1.000000000000000000e+00 3.577320279420533211e+00
1.000000000000000000e+00 2.270593583888128819e+00
4.000000000000000000e+00 3.380785794245648290e+00
5.000000000000000000e+00 3.397805590821416644e+00
1.000000000000000000e+00 1.104156733858820738e+00
5.000000000000000000e+00 2.021924221707849689e+00
1.000000000000000000e+00 1.459140853714771868e+00
5.000000000000000000e+00 2.843007939223872071e+00
1.000000000000000000e+00 5.868579680404800714e-01
5.000000000000000000e+00 2.501190023794711781e+00
5.000000000000000000e+00 2.407175081595118726e+00
1.000000000000000000e+00 2.154064107235472925e+00
1.000000000000000000e+00 2.672639848888642700e+00
5.000000000000000000e+00 1.001059031560312534e-01
1.000000000000000000e+00 3.578469894466569823e+00
5.000000000000000000e+00 3.254332068597089567e+00
4.000000000000000000e+00 2.978820456519215565e+00
1.000000000000000000e+00 4.880709699632491017e+00
5.000000000000000000e+00 1.267472700252071149e+00
1.000000000000000000e+00 1.274357682206254117e+00
1.000000000000000000e+00 2.760049553064110928e+00
1.000000000000000000e+00 2.506064176490233830e+00
1.000000000000000000e+00 5.925617328847622822e+00
5.000000000000000000e+00 3.187076555426674673e+00
5.000000000000000000e+00 1.888666076565749918e+00
4.000000000000000000e+00 1.842234422224327428e+00
1.000000000000000000e+00 2.753754395264637278e+00
1.000000000000000000e+00 5.160971416126574951e+00
5.000000000000000000e+00 1.355415145991745840e+00
1.000000000000000000e+00 4.843803234657137580e+00
1.000000000000000000e+00 3.953584010164731044e+00
5.000000000000000000e+00 4.363698818913968047e+00
1.000000000000000000e+00 7.640593196776923612e-01
5.000000000000000000e+00 4.826193500888958710e+00
1.000000000000000000e+00 4.215146588133837469e+00
5.000000000000000000e+00 1.414746125359175100e+00
1.000000000000000000e+00 3.590452392016707517e+00
1.000000000000000000e+00 5.742511940653647784e+00
4.000000000000000000e+00 1.622477274609261944e+00
5.000000000000000000e+00 3.224257508644509773e+00
4.000000000000000000e+00 1.988191539912178563e+00
1.000000000000000000e+00 3.807696194051032990e+00
1.000000000000000000e+00 4.366551611450820047e+00
1.000000000000000000e+00 1.042491260005615095e+00
1.000000000000000000e+00 3.291978858400945285e+00
5.000000000000000000e+00 4.149719770664376028e+00
5.000000000000000000e+00 5.799894139115090219e+00
4.000000000000000000e+00 3.134473189716498354e+00
4.000000000000000000e+00 8.767875686510143707e-01
4.000000000000000000e+00 3.160976277760294106e+00
1.000000000000000000e+00 1.021828140162684750e+00
5.000000000000000000e+00 4.082417470523551195e+00
4.000000000000000000e+00 3.293430005684008677e+00
4.000000000000000000e+00 3.644965768110409066e+00
1.000000000000000000e+00 4.733011204689029583e+00
5.000000000000000000e+00 2.717676625527863266e+00
1.000000000000000000e+00 3.099734720093019202e+00
5.000000000000000000e+00 2.679530057121846998e+00
4.000000000000000000e+00 1.943293432987583946e+00
1.000000000000000000e+00 3.900995046957373535e+00
1.000000000000000000e+00 5.363901853691674049e+00
5.000000000000000000e+00 2.565062712682004697e+00
1.000000000000000000e+00 5.153600509248335904e+00
4.000000000000000000e+00 1.840933120297199688e+00
1.000000000000000000e+00 4.097289738146256077e+00
5.000000000000000000e+00 9.974928874827351244e-01
4.000000000000000000e+00 2.224028814488463901e+00
1.000000000000000000e+00 4.121214682930758322e+00
1.000000000000000000e+00 2.984803038923450114e+00
5.000000000000000000e+00 1.477932410727821111e+00
1.000000000000000000e+00 2.887363528559951042e+00
5.000000000000000000e+00 3.343809439242079407e+00
1.000000000000000000e+00 5.893297604669709422e-01
1.000000000000000000e+00 1.027606487023531523e+00
1.000000000000000000e+00 3.012381193989107420e+00
1.000000000000000000e+00 1.082278570563092845e+00
4.000000000000000000e+00 3.756850907123326255e+00
4.000000000000000000e+00 3.824216310895121484e+00
5.000000000000000000e+00 2.615039102097358903e+00
5.000000000000000000e+00 4.392041481381987467e+00
4.000000000000000000e+00 4.352413677549293425e+00
1.000000000000000000e+00 1.513348968739369527e+00
1.000000000000000000e+00 4.665504522772261353e+00
5.000000000000000000e+00 2.635524615616253730e+00
1.000000000000000000e+00 1.064217481147869959e+00
1.000000000000000000e+00 4.340353086472468647e+00
1.000000000000000000e+00 1.772352033307178942e+00
1.000000000000000000e+00 2.840259867716421471e+00
5.000000000000000000e+00 1.390303884396381751e+00
5.000000000000000000e+00 2.041829180070614758e+00
1.000000000000000000e+00 4.095636897846048008e+00
1.000000000000000000e+00 4.406890844687414877e+00
4.000000000000000000e+00 3.815019379357998286e+00
1.000000000000000000e+00 1.606182885774578795e+00
1.000000000000000000e+00 3.277795013636112476e+00
1.000000000000000000e+00 5.112356358075163421e+00
1.000000000000000000e+00 2.680146849145405685e+00
4.000000000000000000e+00 2.564687732265370279e+00
1.000000000000000000e+00 3.422388372114340438e+00
4.000000000000000000e+00 1.237130421749146780e+00
4.000000000000000000e+00 2.596321975313470531e+00
4.000000000000000000e+00 1.227998966689272331e+00
1.000000000000000000e+00 4.362828762818488748e+00
1.000000000000000000e+00 1.452553011169867014e-01
4.000000000000000000e+00 1.748022961369603001e+00
5.000000000000000000e+00 2.309953221679855062e+00
5.000000000000000000e+00 1.263248354873870882e+00
5.000000000000000000e+00 2.531810274547258821e+00
4.000000000000000000e+00 3.259911618970936509e+00
4.000000000000000000e+00 2.077544628697695295e+00
4.000000000000000000e+00 3.151616345954631804e+00
1.000000000000000000e+00 2.136098755487962908e+00
5.000000000000000000e+00 9.020939234985695387e-01
1.000000000000000000e+00 1.090910168585872642e+00
4.000000000000000000e+00 3.949537269642021453e+00
4.000000000000000000e+00 4.953099229384687163e+00
4.000000000000000000e+00 2.643603413814066716e+00
1.000000000000000000e+00 3.582114494145364425e+00
5.000000000000000000e+00 1.968695352347997529e+00
1.000000000000000000e+00 2.804275804159765517e+00
4.000000000000000000e+00 1.634421983318296023e+00
1.000000000000000000e+00 5.467663543705464591e+00
4.000000000000000000e+00 3.350000299611275878e+00
1.000000000000000000e+00 5.303516176169488228e-01
4.000000000000000000e+00 4.391577079245087667e+00
4.000000000000000000e+00 3.597685867700200824e+00
4.000000000000000000e+00 2.516918305023629898e+00
1.000000000000000000e+00 1.541823710592058028e+00
4.000000000000000000e+00 8.926670830507227317e-01
1.000000000000000000e+00 3.117138732523374145e+00
5.000000000000000000e+00 3.163855259648975959e+00
4.000000000000000000e+00 4.515911629877247258e+00
5.000000000000000000e+00 4.092487359045237305e+00
5.000000000000000000e+00 1.638199076634131168e-01
1.000000000000000000e+00 2.818599590612939298e+00
1.000000000000000000e+00 5.177083714512359158e+00
4.000000000000000000e+00 2.088929855085135401e+00
5.000000000000000000e+00 3.418538042575036240e+00
1.000000000000000000e+00 1.478610719396312057e+00
5.000000000000000000e+00 4.731420326630954243e+00
4.000000000000000000e+00 2.180972904020887171e+00
5.000000000000000000e+00 1.599744426169425582e+00
5.000000000000000000e+00 2.236727409051919135e+00
1.000000000000000000e+00 4.284579895357131463e+00
4.000000000000000000e+00 4.241660529774466504e+00
5.000000000000000000e+00 3.121360002759748564e+00
4.000000000000000000e+00 2.404032297832430665e+00
4.000000000000000000e+00 5.013078987222204574e+00
4.000000000000000000e+00 3.785588830694969431e+00
4.000000000000000000e+00 2.651150806583506547e+00
4.000000000000000000e+00 1.012533603808251081e+00
4.000000000000000000e+00 6.122840294735202304e-01
5.000000000000000000e+00 2.378083634155807591e+00
4.000000000000000000e+00 3.686128073517052517e+00
1.000000000000000000e+00 5.364186220173589703e+00
4.000000000000000000e+00 6.473278740563139788e-01
5.000000000000000000e+00 9.916775158643498234e-01
1.000000000000000000e+00 1.575224384045536219e+00
4.000000000000000000e+00 5.081639785173972967e+00
5.000000000000000000e+00 1.887206163129912850e+00
4.000000000000000000e+00 4.009497358910071085e+00
4.000000000000000000e+00 2.512429975275506155e+00
1.000000000000000000e+00 4.973833268559734400e+00
4.000000000000000000e+00 1.878222998018517664e+00
5.000000000000000000e+00 5.317748362358617698e+00
5.000000000000000000e+00 4.427302014168073896e+00
1.000000000000000000e+00 4.390032466920993137e+00
4.000000000000000000e+00 4.264685006840706727e+00
4.000000000000000000e+00 3.104938300413188301e+00
1.000000000000000000e+00 2.980599232708716517e+00
5.000000000000000000e+00 4.902887823305042581e+00
5.000000000000000000e+00 3.874124332102315549e+00
5.000000000000000000e+00 4.688244838808492077e+00
5.000000000000000000e+00 2.273332397814617156e+00
1.000000000000000000e+00 2.772588316909682327e+00
5.000000000000000000e+00 2.282466362737656684e+00
5.000000000000000000e+00 1.640144780748687303e+00
1.000000000000000000e+00 3.037753595960928976e+00
1.000000000000000000e+00 3.166969942528087945e+00
4.000000000000000000e+00 3.527254886821342250e+00
4.000000000000000000e+00 1.987161148626912732e+00
5.000000000000000000e+00 1.763492510684639303e+00
4.000000000000000000e+00 4.519106409235192245e+00
4.000000000000000000e+00 2.863520933769409194e+00
5.000000000000000000e+00 1.884000962284465563e+00
1.000000000000000000e+00 4.538575163780659949e+00
5.000000000000000000e+00 3.086986675704325389e+00
4.000000000000000000e+00 1.087674313678428595e+00
5.000000000000000000e+00 3.692686354613102573e+00
5.000000000000000000e+00 3.219801213889605496e+00
5.000000000000000000e+00 1.567784022877580341e+00
1.000000000000000000e+00 2.119462385411993388e+00
4.000000000000000000e+00 1.742510768914617536e+00
4.000000000000000000e+00 4.254270687934554651e+00
4.000000000000000000e+00 4.673055174774251697e+00
5.000000000000000000e+00 2.361887169599943714e+00
1.000000000000000000e+00 1.378751104680263850e+00
4.000000000000000000e+00 1.047506958617099970e+00
4.000000000000000000e+00 1.409936081318658552e+00
5.000000000000000000e+00 1.577675614754475042e+00
4.000000000000000000e+00 2.352935790253311232e+00
4.000000000000000000e+00 1.867233210001573163e+00
5.000000000000000000e+00 4.042820802599967678e+00
5.000000000000000000e+00 2.099420691858798094e+00
4.000000000000000000e+00 2.960213991513386489e+00
5.000000000000000000e+00 4.038620741559252103e+00
1.000000000000000000e+00 2.040442194348358385e+00
4.000000000000000000e+00 3.637595302365583816e+00
1.000000000000000000e+00 2.467643110370560056e+00
1.000000000000000000e+00 3.701273915518262125e+00
1.000000000000000000e+00 3.873008096841903392e+00
5.000000000000000000e+00 1.206090925062522912e+00
4.000000000000000000e+00 3.257301652277655446e+00
5.000000000000000000e+00 3.680499029328943905e+00
4.000000000000000000e+00 1.467897074642152022e+00
4.000000000000000000e+00 5.630752974512218678e+00
4.000000000000000000e+00 2.053256671480396811e+00
5.000000000000000000e+00 1.926269084954428612e+00
4.000000000000000000e+00 1.976539478829356655e+00
1.000000000000000000e+00 9.177619124947258289e-01
5.000000000000000000e+00 4.326065629616006269e+00
1.000000000000000000e+00 3.080646867844796688e+00
4.000000000000000000e+00 2.739650380099341032e+00
5.000000000000000000e+00 8.423203128477037005e-01
5.000000000000000000e+00 4.981627748783253651e+00
5.000000000000000000e+00 2.153563641318335442e+00
4.000000000000000000e+00 4.508136050626072588e+00
4.000000000000000000e+00 3.020961130405356521e+00
5.000000000000000000e+00 4.108345300192151051e+00
1.000000000000000000e+00 3.806486735840413971e+00
4.000000000000000000e+00 1.398203489189087323e+00
5.000000000000000000e+00 1.738055071531982909e+00
1.000000000000000000e+00 3.861647744064659715e+00
5.000000000000000000e+00 4.762882073724020060e+00
1.000000000000000000e+00 2.614631757214661789e+00
5.000000000000000000e+00 3.233808749634085267e+00
5.000000000000000000e+00 2.880039249845483429e+00
5.000000000000000000e+00 4.456684084088444742e+00
5.000000000000000000e+00 3.505385701011543897e+00
4.000000000000000000e+00 4.798079399326160011e-01
4.000000000000000000e+00 2.778958458954487565e+00
5.000000000000000000e+00 5.625242783620708620e-01
1.000000000000000000e+00 5.583497216295712384e+00
5.000000000000000000e+00 2.596124696199193060e+00
1.000000000000000000e+00 3.036854714371770125e+00
5.000000000000000000e+00 1.262993879908420825e+00
5.000000000000000000e+00 3.582692077001738973e+00
4.000000000000000000e+00 1.643231523459184551e+00
4.000000000000000000e+00 2.831019313453510655e+00
1.000000000000000000e+00 1.127926358586203159e+00
1.000000000000000000e+00 4.074228751841812546e+00
5.000000000000000000e+00 2.777231560289596501e+00
4.000000000000000000e+00 2.990305723606985211e+00
1.000000000000000000e+00 2.454466204204380109e+00
1.000000000000000000e+00 2.333347667115298396e+00
5.000000000000000000e+00 2.463018656716227550e+00
5.000000000000000000e+00 2.587973133027483996e+00
5.000000000000000000e+00 1.099923914595914765e+00
4.000000000000000000e+00 1.030044595916370875e+00
5.000000000000000000e+00 2.514092794643629336e+00
5.000000000000000000e+00 4.495331004997014546e+00
5.000000000000000000e+00 3.279298043046861455e+00
4.000000000000000000e+00 9.522492351839285663e-01
5.000000000000000000e+00 4.846512500457836659e+00
4.000000000000000000e+00 3.660410806135855122e+00
1.000000000000000000e+00 4.493452649276705735e+00
5.000000000000000000e+00 1.789647376216282781e+00
1.000000000000000000e+00 5.854898483641623130e+00
5.000000000000000000e+00 3.314865313072675956e+00
1.000000000000000000e+00 1.152725310672588765e+00
5.000000000000000000e+00 9.757259993048041924e-01
5.000000000000000000e+00 1.706887759362634815e+00
1.000000000000000000e+00 2.363281482438429837e+00
5.000000000000000000e+00 4.766848880723693505e+00
1.000000000000000000e+00 2.104444461305626568e+00
5.000000000000000000e+00 1.499384991173466020e+00
5.000000000000000000e+00 3.289415375581853596e+00
5.000000000000000000e+00 3.160831058068656052e-01
1.000000000000000000e+00 3.794854493102732373e+00
4.000000000000000000e+00 3.725716073119343719e+00
5.000000000000000000e+00 2.501956385346816525e+00
1.000000000000000000e+00 3.797856224580415940e+00
1.000000000000000000e+00 6.765888633732257407e-02
4.000000000000000000e+00 1.534922780685327171e+00
4.000000000000000000e+00 2.285600740505745243e+00
5.000000000000000000e+00 2.945586493772549996e+00
4.000000000000000000e+00 1.974704554383296840e+00
4.000000000000000000e+00 3.865057410830954776e+00
5.000000000000000000e+00 2.001932790647785954e+00
4.000000000000000000e+00 4.366180436159512901e+00
5.000000000000000000e+00 4.418196232305577453e+00
4.000000000000000000e+00 2.605916288803769909e+00
1.000000000000000000e+00 2.177799953135626243e+00
1.000000000000000000e+00 4.619853998611234580e+00
4.000000000000000000e+00 1.767097319904692654e+00
1.000000000000000000e+00 1.318341485257862544e+00
5.000000000000000000e+00 3.753652631691098307e+00
1.000000000000000000e+00 1.752064580433949859e+00
4.000000000000000000e+00 2.854384019965167774e+00
1.000000000000000000e+00 3.667474157554544867e+00
1.000000000000000000e+00 3.863921819242538191e+00
1.000000000000000000e+00 3.047930262104789012e+00
4.000000000000000000e+00 5.477814077528657677e-01
1.000000000000000000e+00 3.675781833399778264e+00
4.000000000000000000e+00 4.978357697294935491e+00
5.000000000000000000e+00 2.505891088763672059e+00
4.000000000000000000e+00 2.988368722979171110e+00
4.000000000000000000e+00 1.887679254078836522e+00
1.000000000000000000e+00 4.029246232326325838e+00
4.000000000000000000e+00 1.336173677203047028e+00
5.000000000000000000e+00 1.613003279543423263e+00
4.000000000000000000e+00 3.727197159687861916e+00
4.000000000000000000e+00 2.655244183483816300e+00
4.000000000000000000e+00 2.737788272819725588e+00
1.000000000000000000e+00 2.359592296928751942e+00
4.000000000000000000e+00 4.750331332868497292e+00
4.000000000000000000e+00 1.516489786886407121e+00
5.000000000000000000e+00 1.498211056073769587e+00
4.000000000000000000e+00 1.278265707414150354e+00
4.000000000000000000e+00 1.123817528471799942e+00
1.000000000000000000e+00 2.701813594302405086e+00
1.000000000000000000e+00 3.190221559586015054e+00
5.000000000000000000e+00 3.778162967422110885e+00
5.000000000000000000e+00 4.389994025779525799e+00
