4.000000000000000000e+00 1.516895285746516109e+00
4.000000000000000000e+00 3.595258307875563553e+00
0.000000000000000000e+00 2.172680432037030318e+00
3.000000000000000000e+00 3.031884541488057971e-01
4.000000000000000000e+00 3.350662047102529240e+00
3.000000000000000000e+00 4.244256855353501834e+00
0.000000000000000000e+00 1.491770107368086018e+00
0.000000000000000000e+00 1.924412024857374170e+00
4.000000000000000000e+00 1.737370035573507332e+00
0.000000000000000000e+00 1.314945094925706881e+00
3.000000000000000000e+00 2.285214081159253841e+00
4.000000000000000000e+00 4.964936782778825552e+00
0.000000000000000000e+00 2.381017561418854012e+00
3.000000000000000000e+00 3.549748931237854510e+00
4.000000000000000000e+00 4.577707670926812078e+00
0.000000000000000000e+00 2.614087506216701495e+00
3.000000000000000000e+00 1.926334027163523199e+00
0.000000000000000000e+00 4.127258020156666873e+00
3.000000000000000000e+00 4.272280658366666373e+00
0.000000000000000000e+00 1.725110093576055270e+00
4.000000000000000000e+00 3.895353651855740118e+00
0.000000000000000000e+00 2.837662392101249598e+00
3.000000000000000000e+00 3.697412427177777516e+00
3.000000000000000000e+00 1.839025072641497838e+00
4.000000000000000000e+00 2.448599284237596763e+00
1.000000000000000000e+00 5.614924592919654955e+00
0.000000000000000000e+00 5.251534060235490742e+00
4.000000000000000000e+00 4.302462764525608385e+00
3.000000000000000000e+00 2.633317633343327469e+00
4.000000000000000000e+00 4.564062150427189657e+00
4.000000000000000000e+00 3.666596429737218887e+00
4.000000000000000000e+00 1.137065347063262344e+00
4.000000000000000000e+00 3.158270989972043807e+00
0.000000000000000000e+00 2.819344379125253486e+00
4.000000000000000000e+00 2.958084701194223509e+00
4.000000000000000000e+00 3.868865076667898695e+00
0.000000000000000000e+00 1.833714553907308087e+00
0.000000000000000000e+00 3.639750053857402801e+00
4.000000000000000000e+00 1.041134732520370143e+00
0.000000000000000000e+00 2.258400763548672696e+00
0.000000000000000000e+00 3.218525642020163335e+00
4.000000000000000000e+00 2.638237913880954633e+00
4.000000000000000000e+00 2.684392055954213152e+00
4.000000000000000000e+00 3.259835014357414629e+00
0.000000000000000000e+00 3.908599708026402997e+00
4.000000000000000000e+00 3.047590156332411482e+00
0.000000000000000000e+00 1.279984926825844971e+00
0.000000000000000000e+00 1.720219173508360511e+00
3.000000000000000000e+00 1.499393971300319928e+00
0.000000000000000000e+00 4.212394302214463870e+00
0.000000000000000000e+00 2.896584100144149687e+00
0.000000000000000000e+00 3.734022984151738722e+00
4.000000000000000000e+00 4.636806316771559189e+00
3.000000000000000000e+00 4.297826576751340610e+00
3.000000000000000000e+00 1.556171238037357130e+00
4.000000000000000000e+00 2.126943975766690365e+00
0.000000000000000000e+00 1.739963515030877206e+00
0.000000000000000000e+00 7.054717243335031363e-01
4.000000000000000000e+00 1.325124664206109859e+00
3.000000000000000000e+00 2.954996040513128808e+00
0.000000000000000000e+00 2.451659654029998858e+00
0.000000000000000000e+00 2.316479932145258935e+00
3.000000000000000000e+00 3.175319750085865422e+00
0.000000000000000000e+00 1.435942655547502111e+00
4.000000000000000000e+00 2.134033940279073338e+00
3.000000000000000000e+00 3.171715922098952589e+00
3.000000000000000000e+00 4.358158473098672658e+00
3.000000000000000000e+00 4.172270190349340879e+00
0.000000000000000000e+00 5.092856033973315988e+00
3.000000000000000000e+00 1.023206744327510576e+00
4.000000000000000000e+00 8.013225974024378306e-01
4.000000000000000000e+00 1.380418318955367818e+00
0.000000000000000000e+00 3.626136417060484174e+00
4.000000000000000000e+00 2.830000735638558584e+00
0.000000000000000000e+00 3.878921480091188201e+00
4.000000000000000000e+00 3.827303738213954087e+00
3.000000000000000000e+00 4.426236875395110459e+00
1.000000000000000000e+00 5.423687443395797558e+00
3.000000000000000000e+00 2.193458982070219498e+00
3.000000000000000000e+00 3.530020902993911580e+00
0.000000000000000000e+00 2.047243070940218512e+00
3.000000000000000000e+00 2.622490198891018753e+00
4.000000000000000000e+00 4.090971982348428959e+00
4.000000000000000000e+00 3.500308821456631581e+00
3.000000000000000000e+00 4.101472997790381214e+00
0.000000000000000000e+00 2.682825453071203903e+00
4.000000000000000000e+00 2.532360185807171149e+00
4.000000000000000000e+00 2.342384822754336238e+00
3.000000000000000000e+00 1.028446398877916890e+00
0.000000000000000000e+00 4.279520871965577733e+00
4.000000000000000000e+00 3.291385899496595435e+00
3.000000000000000000e+00 1.235607996350507554e+00
3.000000000000000000e+00 1.645927910608925071e+00
3.000000000000000000e+00 3.768714578372621471e+00
0.000000000000000000e+00 2.334058801344089940e+00
0.000000000000000000e+00 9.592997203753073077e-01
4.000000000000000000e+00 3.596911938819641552e+00
3.000000000000000000e+00 2.666574356215282382e+00
3.000000000000000000e+00 4.287357711820780182e+00
4.000000000000000000e+00 2.387951514995601876e+00
0.000000000000000000e+00 2.517248486693015153e+00
0.000000000000000000e+00 2.223007953436310746e+00
3.000000000000000000e+00 3.198497347660607115e+00
0.000000000000000000e+00 2.882687492232725579e-01
3.000000000000000000e+00 2.704370155223390526e+00
3.000000000000000000e+00 4.468660232394681131e+00
3.000000000000000000e+00 3.125126228193715328e+00
4.000000000000000000e+00 1.095119398311386050e+00
4.000000000000000000e+00 1.993317445123061527e+00
0.000000000000000000e+00 1.832916561931379640e+00
0.000000000000000000e+00 3.245437853479285373e+00
4.000000000000000000e+00 3.613274231280568571e+00
4.000000000000000000e+00 3.341398241677020930e+00
0.000000000000000000e+00 2.618222192699662276e+00
4.000000000000000000e+00 5.443540083723521938e+00
0.000000000000000000e+00 1.551590392307866217e+00
4.000000000000000000e+00 1.434349048462612242e+00
3.000000000000000000e+00 2.388184577416864407e+00
0.000000000000000000e+00 4.843925162632962689e+00
0.000000000000000000e+00 4.488565599332078548e+00
4.000000000000000000e+00 2.837822028300094335e+00
0.000000000000000000e+00 5.037833635667317012e-01
3.000000000000000000e+00 4.956014067713819138e+00
0.000000000000000000e+00 2.513726612734223043e+00
4.000000000000000000e+00 4.539881856809486749e+00
4.000000000000000000e+00 1.930886961118433165e+00
4.000000000000000000e+00 2.066171309623631380e+00
0.000000000000000000e+00 4.957319050791518578e+00
0.000000000000000000e+00 2.206513859898278529e+00
3.000000000000000000e+00 3.256541840171987889e+00
0.000000000000000000e+00 7.881684512276371235e-01
0.000000000000000000e+00 4.065827342684070977e+00
3.000000000000000000e+00 4.808381339092599127e+00
3.000000000000000000e+00 3.454091870230572292e-01
3.000000000000000000e+00 4.032789478102670522e+00
3.000000000000000000e+00 1.786907669763924789e+00
0.000000000000000000e+00 2.277041366275564638e+00
4.000000000000000000e+00 4.628927116463540159e+00
3.000000000000000000e+00 2.539291251102621327e+00
4.000000000000000000e+00 5.390234023557829879e+00
4.000000000000000000e+00 2.373179959708276776e+00
3.000000000000000000e+00 2.877119250486066093e+00
4.000000000000000000e+00 3.743765351214397019e-01
3.000000000000000000e+00 2.150740712241330233e+00
3.000000000000000000e+00 4.519811333831712297e+00
4.000000000000000000e+00 4.084940324656144206e+00
4.000000000000000000e+00 3.158411066465218742e+00
0.000000000000000000e+00 9.312619189769785200e-01
0.000000000000000000e+00 2.268764770170853762e+00
0.000000000000000000e+00 2.816186405178183527e+00
4.000000000000000000e+00 2.853363460156423503e+00
0.000000000000000000e+00 2.805641394122350363e+00
3.000000000000000000e+00 1.025838616668870218e+00
0.000000000000000000e+00 2.101541020329999121e+00
0.000000000000000000e+00 5.450191043914140998e+00
0.000000000000000000e+00 1.096851007714326087e+00
4.000000000000000000e+00 1.571142956245519695e+00
4.000000000000000000e+00 2.759663205052941937e+00
4.000000000000000000e+00 4.723832252461453329e+00
4.000000000000000000e+00 2.932008838485221425e+00
4.000000000000000000e+00 1.636123717280695056e+00
1.000000000000000000e+00 5.354858320784042114e+00
4.000000000000000000e+00 3.273950823348855899e+00
3.000000000000000000e+00 4.082591916847982283e+00
4.000000000000000000e+00 4.827996622538840654e+00
4.000000000000000000e+00 8.545402049131610722e-01
4.000000000000000000e+00 2.300991182489677822e+00
0.000000000000000000e+00 2.091386138136523964e+00
0.000000000000000000e+00 2.628534300270795043e+00
0.000000000000000000e+00 5.969744315461118944e+00
4.000000000000000000e+00 8.793662870145523280e-01
4.000000000000000000e+00 2.613660201861718768e+00
4.000000000000000000e+00 1.601112839162286861e+00
0.000000000000000000e+00 1.757102787174806613e+00
0.000000000000000000e+00 4.011226328995167734e+00
3.000000000000000000e+00 2.800353417815211188e+00
3.000000000000000000e+00 2.907939533649906760e+00
3.000000000000000000e+00 3.785631962979683518e+00
3.000000000000000000e+00 4.626160652539905271e+00
4.000000000000000000e+00 1.173182676231818294e-01
0.000000000000000000e+00 2.222069040869827372e+00
3.000000000000000000e+00 2.060593293604050302e+00
4.000000000000000000e+00 3.047706549044205016e+00
0.000000000000000000e+00 8.191051361217805971e-01
3.000000000000000000e+00 3.721310525136049208e+00
0.000000000000000000e+00 3.665701154071780543e+00
3.000000000000000000e+00 2.301736212659985625e+00
4.000000000000000000e+00 5.705845433279831624e+00
0.000000000000000000e+00 3.462341645497301279e+00
4.000000000000000000e+00 4.867971984716628953e+00
3.000000000000000000e+00 2.798345050080882634e-01
3.000000000000000000e+00 4.452016209940312663e+00
3.000000000000000000e+00 1.657542723001641960e+00
4.000000000000000000e+00 1.880474042307045179e+00
3.000000000000000000e+00 8.962290314580076966e-01
4.000000000000000000e+00 3.573788202387834900e+00
4.000000000000000000e+00 2.886590065955979334e+00
0.000000000000000000e+00 3.588292513936721218e+00
3.000000000000000000e+00 8.549143565391950084e-01
3.000000000000000000e+00 3.440048697757514873e+00
3.000000000000000000e+00 2.455514214808542928e+00
4.000000000000000000e+00 3.112154279151312153e+00
4.000000000000000000e+00 4.254971148824688854e+00
0.000000000000000000e+00 3.021432551923547205e+00
0.000000000000000000e+00 1.106310705453748655e+00
3.000000000000000000e+00 3.695226501875363390e+00
4.000000000000000000e+00 6.374956524145283243e-01
4.000000000000000000e+00 2.105586560823411890e+00
0.000000000000000000e+00 1.001296689936433060e+00
3.000000000000000000e+00 1.236680847096733205e+00
0.000000000000000000e+00 3.182345011287547987e+00
3.000000000000000000e+00 2.041773248185397183e+00
3.000000000000000000e+00 1.723003465155562131e+00
3.000000000000000000e+00 2.904135994810088661e+00
3.000000000000000000e+00 2.348905241272766009e+00
0.000000000000000000e+00 3.397661759766969602e+00
3.000000000000000000e+00 3.313714414825009058e+00
0.000000000000000000e+00 1.072856951529344016e+00
4.000000000000000000e+00 3.329064335736957148e+00
3.000000000000000000e+00 2.516082393798489303e+00
0.000000000000000000e+00 1.845513889701026367e+00
3.000000000000000000e+00 1.361423014274463883e+00
3.000000000000000000e+00 2.084469094670476252e+00
0.000000000000000000e+00 2.017564503306978896e+00
0.000000000000000000e+00 2.677613333616873259e+00
4.000000000000000000e+00 8.504943956499685376e-01
3.000000000000000000e+00 3.610809420595318731e+00
0.000000000000000000e+00 3.655830383309546683e+00
1.000000000000000000e+00 5.777131181222123324e+00
0.000000000000000000e+00 3.723064537897986970e+00
4.000000000000000000e+00 8.365633329657612416e-01
4.000000000000000000e+00 3.007957119958066361e+00
3.000000000000000000e+00 2.482844927507718680e+00
0.000000000000000000e+00 2.502376896235410708e+00
0.000000000000000000e+00 8.020204112739317548e-01
0.000000000000000000e+00 4.548286461729951213e+00
4.000000000000000000e+00 3.682436507042877505e+00
0.000000000000000000e+00 1.330409313909903579e+00
0.000000000000000000e+00 5.094284331017695067e+00
4.000000000000000000e+00 2.498503142760432283e+00
4.000000000000000000e+00 2.363609079545695657e+00
2.000000000000000000e+00 6.281144740298966411e+00
0.000000000000000000e+00 4.204264982851759314e+00
4.000000000000000000e+00 2.495165926388073885e+00
3.000000000000000000e+00 2.495236103809524320e+00
0.000000000000000000e+00 2.905797251106099655e+00
4.000000000000000000e+00 5.557929830706653362e+00
4.000000000000000000e+00 4.088043206638674931e+00
0.000000000000000000e+00 1.179316385140568801e+00
4.000000000000000000e+00 3.720060521680075727e+00
0.000000000000000000e+00 2.179849899813219860e+00
4.000000000000000000e+00 5.140892813449047694e+00
4.000000000000000000e+00 4.834162827874850521e+00
0.000000000000000000e+00 2.353353857132638893e+00
3.000000000000000000e+00 2.456408735468476490e+00
0.000000000000000000e+00 5.339955769779002104e+00
3.000000000000000000e+00 3.534305287088846281e+00
3.000000000000000000e+00 4.635985226099868406e+00
0.000000000000000000e+00 1.270500398597474989e+00
3.000000000000000000e+00 3.051259718337226534e+00
4.000000000000000000e+00 2.274330206827765544e+00
3.000000000000000000e+00 1.539416582405182421e+00
4.000000000000000000e+00 1.036951383101595292e+00
4.000000000000000000e+00 2.399652667260214756e+00
3.000000000000000000e+00 7.446505902371449714e-01
0.000000000000000000e+00 2.291108556990362644e+00
3.000000000000000000e+00 1.586368430806674112e+00
3.000000000000000000e+00 3.081758259930901467e+00
4.000000000000000000e+00 4.601245518472360629e+00
3.000000000000000000e+00 1.113980740379795664e+00
0.000000000000000000e+00 5.315183382540181078e+00
4.000000000000000000e+00 3.445228579506973698e+00
3.000000000000000000e+00 4.208961985270092576e+00
0.000000000000000000e+00 3.702158822620943646e+00
4.000000000000000000e+00 1.739377547883938169e+00
4.000000000000000000e+00 3.207858125039068309e+00
4.000000000000000000e+00 3.964624913218625313e+00
4.000000000000000000e+00 4.438521640779124589e+00
4.000000000000000000e+00 2.716264982412604390e+00
3.000000000000000000e+00 5.156573320449117759e+00
0.000000000000000000e+00 4.450999590304794751e+00
4.000000000000000000e+00 5.329060226033329961e+00
0.000000000000000000e+00 8.027176940709667141e-01
3.000000000000000000e+00 3.722989156791040255e+00
3.000000000000000000e+00 5.248933202700859502e-01
3.000000000000000000e+00 3.712499230460808430e+00
4.000000000000000000e+00 4.581039269474153741e+00
3.000000000000000000e+00 1.391958568965897758e+00
4.000000000000000000e+00 5.518700970197470745e+00
0.000000000000000000e+00 6.089215647435586298e-01
3.000000000000000000e+00 3.848753953713751397e+00
3.000000000000000000e+00 7.945094089458129005e-01
4.000000000000000000e+00 1.052296931198504648e+00
3.000000000000000000e+00 3.144542448965921722e+00
3.000000000000000000e+00 2.493439989093163778e+00
3.000000000000000000e+00 2.769172966670245373e+00
3.000000000000000000e+00 3.147290282964376740e+00
0.000000000000000000e+00 4.171343476966038466e+00
3.000000000000000000e+00 1.845725707129586501e+00
0.000000000000000000e+00 2.187852234501001192e+00
4.000000000000000000e+00 3.403046137883671385e+00
4.000000000000000000e+00 5.301065167161298497e+00
3.000000000000000000e+00 2.901030463421353289e+00
0.000000000000000000e+00 4.751492509339961146e+00
0.000000000000000000e+00 4.540469826528423347e+00
4.000000000000000000e+00 4.615817897315772633e+00
0.000000000000000000e+00 1.967707355497096744e+00
4.000000000000000000e+00 4.903595046847826211e-01
0.000000000000000000e+00 3.418587784689734121e+00
3.000000000000000000e+00 3.263196956919574898e+00
4.000000000000000000e+00 2.410876951590680051e+00
3.000000000000000000e+00 1.554110500089094016e+00
0.000000000000000000e+00 1.829449432336607062e+00
0.000000000000000000e+00 1.743107132784114111e+00
0.000000000000000000e+00 1.874033039413221635e+00
0.000000000000000000e+00 2.963576544898308462e+00
3.000000000000000000e+00 1.098052470024565075e+00
4.000000000000000000e+00 1.744686078536767049e+00
3.000000000000000000e+00 1.099972986645229023e+00
0.000000000000000000e+00 2.777345305308154266e+00
3.000000000000000000e+00 2.506077567191946631e+00
3.000000000000000000e+00 2.662624945169343782e+00
0.000000000000000000e+00 2.020762259056263499e+00
3.000000000000000000e+00 2.741465338689300868e+00
0.000000000000000000e+00 1.041748724238130919e+00
4.000000000000000000e+00 2.300458568537155468e+00
0.000000000000000000e+00 1.140664019456534728e+00
3.000000000000000000e+00 1.720682577387772971e+00
3.000000000000000000e+00 2.897336532179174196e+00
4.000000000000000000e+00 1.199369893949981281e+00
4.000000000000000000e+00 1.076674508950601572e+00
3.000000000000000000e+00 1.368496660924172215e+00
3.000000000000000000e+00 3.373612819512419758e+00
3.000000000000000000e+00 2.381072227683430409e+00
0.000000000000000000e+00 1.950238068385316659e+00
0.000000000000000000e+00 4.064668030852537584e+00
1.000000000000000000e+00 5.524578895771456111e+00
3.000000000000000000e+00 2.343105178488797513e+00
4.000000000000000000e+00 2.181912847256985977e+00
0.000000000000000000e+00 1.828611982762659016e+00
0.000000000000000000e+00 3.527127648480770095e+00
4.000000000000000000e+00 4.507410276301382801e+00
0.000000000000000000e+00 1.927893472686668552e+00
3.000000000000000000e+00 2.926944052930448681e+00
0.000000000000000000e+00 2.241413051749117979e+00
0.000000000000000000e+00 2.333673237172803283e+00
4.000000000000000000e+00 4.844228369070592954e+00
3.000000000000000000e+00 4.404027339354289472e-01
0.000000000000000000e+00 1.056228149900440894e+00
3.000000000000000000e+00 2.346192515338848761e+00
0.000000000000000000e+00 2.909089917365589972e+00
3.000000000000000000e+00 1.496279241986451902e+00
3.000000000000000000e+00 3.746484297555122023e+00
3.000000000000000000e+00 1.239219456787327589e+00
3.000000000000000000e+00 3.151737189152817642e+00
4.000000000000000000e+00 4.566692034956390422e+00
0.000000000000000000e+00 1.996849212352186820e+00
3.000000000000000000e+00 3.625279906638899430e+00
3.000000000000000000e+00 5.082208654761760869e+00
3.000000000000000000e+00 2.843787661533165867e+00
0.000000000000000000e+00 5.389428313375924651e-01
4.000000000000000000e+00 4.534255747002216452e+00
3.000000000000000000e+00 2.429753403190951122e+00
4.000000000000000000e+00 2.782890907790178225e+00
4.000000000000000000e+00 1.764530562222137666e+00
3.000000000000000000e+00 4.753765106867513524e+00
4.000000000000000000e+00 2.740864886901103414e+00
4.000000000000000000e+00 4.498438724928353061e+00
0.000000000000000000e+00 6.095862188842187557e+00
0.000000000000000000e+00 3.342600117188384345e+00
0.000000000000000000e+00 5.484607539657306852e+00
4.000000000000000000e+00 1.538071559509054165e+00
4.000000000000000000e+00 8.108126962244168734e-01
3.000000000000000000e+00 4.669346648730803295e+00
4.000000000000000000e+00 2.217041779362347587e+00
0.000000000000000000e+00 3.827309082498222548e+00
4.000000000000000000e+00 1.898632226994233285e+00
3.000000000000000000e+00 3.230466588021399410e+00
3.000000000000000000e+00 4.356407665080694436e+00
4.000000000000000000e+00 1.930991808069589255e-01
3.000000000000000000e+00 4.284269914153182590e+00
3.000000000000000000e+00 3.850390690617944589e+00
3.000000000000000000e+00 4.114088817120691299e-01
3.000000000000000000e+00 1.438255115652950389e+00
3.000000000000000000e+00 3.351698007405680357e+00
0.000000000000000000e+00 3.072632883580779684e+00
3.000000000000000000e+00 2.443305388106817411e+00
3.000000000000000000e+00 2.884880530760649542e+00
4.000000000000000000e+00 3.522848607319524650e+00
3.000000000000000000e+00 4.189064513219183716e+00
3.000000000000000000e+00 2.858910705848907607e+00
3.000000000000000000e+00 2.204248797037268837e+00
3.000000000000000000e+00 3.542442236959850721e+00
4.000000000000000000e+00 7.961879464727048550e-01
4.000000000000000000e+00 5.021158040823863189e+00
0.000000000000000000e+00 4.357570336676022116e+00
3.000000000000000000e+00 1.836338659649555449e+00
3.000000000000000000e+00 3.729051562346433535e+00
3.000000000000000000e+00 1.043334999009148278e+00
3.000000000000000000e+00 1.768563544328468629e-01
0.000000000000000000e+00 1.486348500444490739e+00
4.000000000000000000e+00 1.591762021054547116e+00
4.000000000000000000e+00 3.670367292443045493e+00
4.000000000000000000e+00 4.717995923960890181e+00
3.000000000000000000e+00 4.290508162470947795e+00
0.000000000000000000e+00 1.933938308706815823e+00
3.000000000000000000e+00 2.430398910416135649e+00
0.000000000000000000e+00 1.007663521257415207e+00
4.000000000000000000e+00 1.279184805998730301e+00
0.000000000000000000e+00 3.844861308097570429e+00
3.000000000000000000e+00 2.686358089968418739e+00
0.000000000000000000e+00 1.683800213453819472e+00
3.000000000000000000e+00 3.659596189561905799e+00
4.000000000000000000e+00 1.400011168425084440e+00
3.000000000000000000e+00 1.762775264173538581e+00
0.000000000000000000e+00 2.944392871110450116e+00
0.000000000000000000e+00 3.256016678985650170e+00
4.000000000000000000e+00 1.835126898268670592e+00
4.000000000000000000e+00 2.185769939893857483e+00
4.000000000000000000e+00 4.752966752835610542e+00
3.000000000000000000e+00 1.313129308071247170e+00
3.000000000000000000e+00 4.146971674889431192e+00
0.000000000000000000e+00 1.059958153236205680e+00
3.000000000000000000e+00 1.253033387130349841e+00
4.000000000000000000e+00 4.891886493839960437e+00
3.000000000000000000e+00 3.337045240346827590e+00
3.000000000000000000e+00 3.500017086764334984e+00
0.000000000000000000e+00 4.238529655547575103e+00
4.000000000000000000e+00 1.034840569098239405e+00
0.000000000000000000e+00 3.651458110851063310e+00
4.000000000000000000e+00 2.389424338667060166e+00
3.000000000000000000e+00 4.443914193730738482e+00
4.000000000000000000e+00 3.704379868507821527e+00
0.000000000000000000e+00 2.934677086242449384e+00
0.000000000000000000e+00 5.328681361166644592e+00
4.000000000000000000e+00 1.590757383404160397e+00
4.000000000000000000e+00 2.596982032283145170e+00
3.000000000000000000e+00 1.926633145734760522e+00
3.000000000000000000e+00 3.262746748644717254e+00
4.000000000000000000e+00 5.222414068667294629e+00
0.000000000000000000e+00 2.662597892394914734e+00
4.000000000000000000e+00 2.119401620083443127e+00
3.000000000000000000e+00 2.700393201833239498e+00
3.000000000000000000e+00 3.854489840049974525e+00
4.000000000000000000e+00 1.989854841478974290e+00
4.000000000000000000e+00 2.874448161925823086e+00
4.000000000000000000e+00 4.044693820308060239e+00
0.000000000000000000e+00 3.302295185972029756e+00
4.000000000000000000e+00 2.038087447352531445e+00
0.000000000000000000e+00 2.334493603324845346e+00
4.000000000000000000e+00 1.823671196412126605e+00
4.000000000000000000e+00 2.777688920899305636e+00
0.000000000000000000e+00 3.030015715248879804e+00
0.000000000000000000e+00 2.709450913207681833e+00
4.000000000000000000e+00 3.168547133285051665e+00
4.000000000000000000e+00 4.720305503165409533e+00
3.000000000000000000e+00 1.572596074630809193e+00
3.000000000000000000e+00 3.637110268062506702e+00
0.000000000000000000e+00 2.180126400535947528e+00
4.000000000000000000e+00 1.508061383900347163e+00
4.000000000000000000e+00 4.162651153292112660e+00
0.000000000000000000e+00 4.751554191359343982e+00
0.000000000000000000e+00 1.752762380520209051e+00
3.000000000000000000e+00 5.515931800058682555e+00
3.000000000000000000e+00 1.713809855840503937e+00
3.000000000000000000e+00 1.869172419530632734e+00
0.000000000000000000e+00 4.371172319471481771e+00
3.000000000000000000e+00 1.371891895960509533e+00
4.000000000000000000e+00 2.967773045009881816e+00
4.000000000000000000e+00 2.520841373301343946e+00
0.000000000000000000e+00 3.229560721969759296e+00
0.000000000000000000e+00 1.626927621491708109e+00
3.000000000000000000e+00 2.914202354055058120e+00
4.000000000000000000e+00 3.234716044495499432e+00
4.000000000000000000e+00 9.737662631819876680e-01
4.000000000000000000e+00 1.634873417949858299e+00
3.000000000000000000e+00 4.162764501015920438e+00
0.000000000000000000e+00 2.730992892841983544e+00
4.000000000000000000e+00 3.952972686160912907e+00
3.000000000000000000e+00 2.836839552541135845e+00
3.000000000000000000e+00 2.151316850829610328e+00
3.000000000000000000e+00 3.240920595313888430e+00
3.000000000000000000e+00 3.484680312800594759e+00
0.000000000000000000e+00 4.037798287796612762e+00
3.000000000000000000e+00 1.489061946054238028e+00
0.000000000000000000e+00 3.838352037692961183e+00
4.000000000000000000e+00 3.377052939000237508e+00
0.000000000000000000e+00 4.283035159235556222e+00
4.000000000000000000e+00 3.444537002641699708e+00
4.000000000000000000e+00 2.444746136393912916e+00
0.000000000000000000e+00 4.574879403971371161e+00
4.000000000000000000e+00 1.516013064474300620e+00
4.000000000000000000e+00 3.250800206578755347e+00
4.000000000000000000e+00 4.192975166794078667e+00
4.000000000000000000e+00 2.096722981976772981e+00
4.000000000000000000e+00 1.502598627661512420e+00
3.000000000000000000e+00 3.194648879432927746e+00
0.000000000000000000e+00 2.997801949410247246e+00
0.000000000000000000e+00 4.523983300087589754e+00
4.000000000000000000e+00 1.912474199142849551e+00
5.000000000000000000e+00 1.407550953057370435e+00
5.000000000000000000e+00 3.706221601171689972e+00
2.000000000000000000e+00 2.355735602899285297e+00
1.000000000000000000e+00 1.102148968070513629e-01
5.000000000000000000e+00 3.463673329718020000e+00
1.000000000000000000e+00 4.091674766772676719e+00
2.000000000000000000e+00 1.304288966464583144e+00
2.000000000000000000e+00 1.714376248301858530e+00
5.000000000000000000e+00 1.654328842648008724e+00
2.000000000000000000e+00 1.365680761985687885e+00
1.000000000000000000e+00 2.382889872678671139e+00
5.000000000000000000e+00 4.847995121017827813e+00
2.000000000000000000e+00 2.482278549218571495e+00
1.000000000000000000e+00 3.432252143480423179e+00
5.000000000000000000e+00 4.694664890339200092e+00
2.000000000000000000e+00 2.826118037056235099e+00
1.000000000000000000e+00 2.116655402018106091e+00
2.000000000000000000e+00 4.268317805417378707e+00
1.000000000000000000e+00 4.311978521247720408e+00
2.000000000000000000e+00 1.765458590359744395e+00
5.000000000000000000e+00 4.009287324182452927e+00
2.000000000000000000e+00 3.041432049891293676e+00
1.000000000000000000e+00 3.771435699645645734e+00
1.000000000000000000e+00 1.848697755975807766e+00
5.000000000000000000e+00 2.356093908364286449e+00
2.000000000000000000e+00 5.621603328770697239e+00
2.000000000000000000e+00 5.054282301911407593e+00
5.000000000000000000e+00 4.192554053676539993e+00
1.000000000000000000e+00 2.843686320239551257e+00
5.000000000000000000e+00 4.468046933787184649e+00
5.000000000000000000e+00 3.775203570362635208e+00
5.000000000000000000e+00 1.253833830822328022e+00
5.000000000000000000e+00 3.270847781273885424e+00
2.000000000000000000e+00 3.026156114678584252e+00
5.000000000000000000e+00 2.860663297499317803e+00
5.000000000000000000e+00 3.966362295497027901e+00
2.000000000000000000e+00 2.043490959393041262e+00
2.000000000000000000e+00 3.848714766419851774e+00
5.000000000000000000e+00 1.073600579778855479e+00
2.000000000000000000e+00 2.469787951531303705e+00
2.000000000000000000e+00 3.434822016216325213e+00
5.000000000000000000e+00 2.526173028477752158e+00
5.000000000000000000e+00 2.574779035662443594e+00
5.000000000000000000e+00 3.143084345739528551e+00
2.000000000000000000e+00 3.695296780465419317e+00
5.000000000000000000e+00 3.157309838946817937e+00
2.000000000000000000e+00 1.403645810049765519e+00
2.000000000000000000e+00 1.507924502354818452e+00
1.000000000000000000e+00 1.590305499262314681e+00
2.000000000000000000e+00 4.425191650600368121e+00
2.000000000000000000e+00 2.832842118986456992e+00
2.000000000000000000e+00 3.568592088863633105e+00
1.000000000000000000e+00 4.608114201813834576e+00
1.000000000000000000e+00 4.258706032832260568e+00
1.000000000000000000e+00 1.580287544950117251e+00
5.000000000000000000e+00 2.107363986013109702e+00
2.000000000000000000e+00 1.955063966142641885e+00
2.000000000000000000e+00 6.978518600695509111e-01
5.000000000000000000e+00 1.232515965506052247e+00
1.000000000000000000e+00 3.155470514790564618e+00
2.000000000000000000e+00 2.616849729876978614e+00
2.000000000000000000e+00 2.102530412001498927e+00
1.000000000000000000e+00 3.171510843827663795e+00
2.000000000000000000e+00 1.247519162929278336e+00
5.000000000000000000e+00 2.023033069020540697e+00
1.000000000000000000e+00 2.975835743086413299e+00
1.000000000000000000e+00 4.188876594677800824e+00
1.000000000000000000e+00 4.315021879026884832e+00
2.000000000000000000e+00 5.304597510412154548e+00
1.000000000000000000e+00 9.935509470745441662e-01
5.000000000000000000e+00 8.731332456345195503e-01
5.000000000000000000e+00 1.313032735505613058e+00
2.000000000000000000e+00 3.411406033134584348e+00
5.000000000000000000e+00 2.943518667401501698e+00
2.000000000000000000e+00 4.074372098367240014e+00
5.000000000000000000e+00 3.941734955978686727e+00
1.000000000000000000e+00 4.287447672518783115e+00
2.000000000000000000e+00 5.460786059166026440e+00
1.000000000000000000e+00 2.140348702884997678e+00
1.000000000000000000e+00 3.354932070590184612e+00
2.000000000000000000e+00 2.116807418956296427e+00
1.000000000000000000e+00 2.833558564671147195e+00
5.000000000000000000e+00 3.974037490824374963e+00
5.000000000000000000e+00 3.614959950317434334e+00
1.000000000000000000e+00 3.921778812550720694e+00
2.000000000000000000e+00 2.586618939390624039e+00
5.000000000000000000e+00 2.587727691270672814e+00
5.000000000000000000e+00 2.228046056827015953e+00
1.000000000000000000e+00 8.319922232288550212e-01
2.000000000000000000e+00 4.469907569415171089e+00
5.000000000000000000e+00 3.404144120503230120e+00
1.000000000000000000e+00 1.444624617379228759e+00
1.000000000000000000e+00 1.435265100013409789e+00
1.000000000000000000e+00 3.822624857186788461e+00
2.000000000000000000e+00 2.432737167448847604e+00
2.000000000000000000e+00 1.099724312607979648e+00
5.000000000000000000e+00 3.713847669151980391e+00
1.000000000000000000e+00 2.564435343979959203e+00
1.000000000000000000e+00 4.262772872156764592e+00
5.000000000000000000e+00 2.479820478746080248e+00
2.000000000000000000e+00 2.462395379975636622e+00
2.000000000000000000e+00 2.007033687962663571e+00
1.000000000000000000e+00 3.256381012713629897e+00
2.000000000000000000e+00 2.556238036514211776e-01
1.000000000000000000e+00 2.504738021585995345e+00
1.000000000000000000e+00 4.413475369833334661e+00
1.000000000000000000e+00 3.216630386810412912e+00
5.000000000000000000e+00 1.210895172669492537e+00
5.000000000000000000e+00 1.883820732756077865e+00
2.000000000000000000e+00 1.623910289951408625e+00
2.000000000000000000e+00 3.449677875651627534e+00
5.000000000000000000e+00 3.496484243886735399e+00
5.000000000000000000e+00 3.447814865912464111e+00
2.000000000000000000e+00 2.621786100272016196e+00
5.000000000000000000e+00 5.327074969365132695e+00
2.000000000000000000e+00 1.393635253720309608e+00
5.000000000000000000e+00 1.551250566996767333e+00
1.000000000000000000e+00 2.254583886347900190e+00
2.000000000000000000e+00 4.645613149346441872e+00
2.000000000000000000e+00 4.688606544906118501e+00
5.000000000000000000e+00 2.947452660181694828e+00
2.000000000000000000e+00 6.664148824418391071e-01
1.000000000000000000e+00 4.875083554117948914e+00
2.000000000000000000e+00 2.432389118694872732e+00
5.000000000000000000e+00 4.438674170666302210e+00
5.000000000000000000e+00 1.835867745167968135e+00
5.000000000000000000e+00 2.182913376926124194e+00
2.000000000000000000e+00 4.742463411153497788e+00
2.000000000000000000e+00 2.032440489338694256e+00
1.000000000000000000e+00 3.249591733469590515e+00
2.000000000000000000e+00 7.000761149326336641e-01
2.000000000000000000e+00 4.280805475072528843e+00
1.000000000000000000e+00 4.718067502555237880e+00
1.000000000000000000e+00 4.462637399043656306e-01
1.000000000000000000e+00 4.022449766123284753e+00
1.000000000000000000e+00 1.994468783749204777e+00
2.000000000000000000e+00 2.493187895748048000e+00
5.000000000000000000e+00 4.512264454188463780e+00
1.000000000000000000e+00 2.420122864055475276e+00
5.000000000000000000e+00 5.499980010493143112e+00
5.000000000000000000e+00 2.280581288301499310e+00
1.000000000000000000e+00 2.696867534037245662e+00
5.000000000000000000e+00 3.769523123041122470e-01
1.000000000000000000e+00 2.342752100691646078e+00
1.000000000000000000e+00 4.625711721337476767e+00
5.000000000000000000e+00 3.996197865676365701e+00
5.000000000000000000e+00 3.065236634469564958e+00
2.000000000000000000e+00 9.871713624120339592e-01
2.000000000000000000e+00 2.053953977218315075e+00
2.000000000000000000e+00 3.032499018256002099e+00
5.000000000000000000e+00 2.968075796649137121e+00
2.000000000000000000e+00 2.685709949231202209e+00
1.000000000000000000e+00 8.222572084563287698e-01
2.000000000000000000e+00 2.263136776429722108e+00
2.000000000000000000e+00 5.234904764756141304e+00
2.000000000000000000e+00 9.249168077071716620e-01
5.000000000000000000e+00 1.464207664066203396e+00
5.000000000000000000e+00 2.857500527596494866e+00
5.000000000000000000e+00 4.633045333751136141e+00
5.000000000000000000e+00 3.014463252210694222e+00
5.000000000000000000e+00 1.550600565919341811e+00
2.000000000000000000e+00 5.745478672810326870e+00
5.000000000000000000e+00 3.389176393076671623e+00
1.000000000000000000e+00 4.213979850091473800e+00
1.000000000000000000e+00 4.819899534236846250e+00
5.000000000000000000e+00 9.115105451227025757e-01
5.000000000000000000e+00 2.338335233658301426e+00
2.000000000000000000e+00 1.906766756340539715e+00
2.000000000000000000e+00 2.413145477060560928e+00
2.000000000000000000e+00 5.779427573276895380e+00
5.000000000000000000e+00 9.819532003245412533e-01
5.000000000000000000e+00 2.514253706452984183e+00
5.000000000000000000e+00 1.596600060304359747e+00
2.000000000000000000e+00 1.917907524780515516e+00
2.000000000000000000e+00 3.796675524262817625e+00
1.000000000000000000e+00 2.626600036542703354e+00
1.000000000000000000e+00 2.708008502738725287e+00
1.000000000000000000e+00 3.864849910987142589e+00
1.000000000000000000e+00 4.514302368945260824e+00
5.000000000000000000e+00 2.214036566737765666e-01
2.000000000000000000e+00 2.325288318513501817e+00
1.000000000000000000e+00 2.080813183007866218e+00
5.000000000000000000e+00 3.163149627194091540e+00
2.000000000000000000e+00 9.240970041537472923e-01
1.000000000000000000e+00 3.607786724127581390e+00
2.000000000000000000e+00 3.450463633442367062e+00
1.000000000000000000e+00 2.475845224687172941e+00
5.000000000000000000e+00 5.589212092252500597e+00
2.000000000000000000e+00 3.252451314047235531e+00
5.000000000000000000e+00 4.976730542619317355e+00
1.000000000000000000e+00 1.066926662100039086e-01
1.000000000000000000e+00 4.393043915965353818e+00
1.000000000000000000e+00 1.580064936668529763e+00
5.000000000000000000e+00 1.952054620980651967e+00
1.000000000000000000e+00 9.039378163489969475e-01
5.000000000000000000e+00 3.660274309982412877e+00
5.000000000000000000e+00 2.770599376151229087e+00
2.000000000000000000e+00 3.450392636570871030e+00
1.000000000000000000e+00 8.268516569683858064e-01
1.000000000000000000e+00 3.264067055327658728e+00
1.000000000000000000e+00 2.448721958442306335e+00
5.000000000000000000e+00 3.227919078880956416e+00
5.000000000000000000e+00 4.369985985130817596e+00
2.000000000000000000e+00 2.805991090661049459e+00
2.000000000000000000e+00 1.285296287806988458e+00
1.000000000000000000e+00 3.622970527056233792e+00
5.000000000000000000e+00 6.290089767154461997e-01
5.000000000000000000e+00 2.144310264884076833e+00
2.000000000000000000e+00 1.127260668310743785e+00
1.000000000000000000e+00 1.213156907044044441e+00
2.000000000000000000e+00 3.365199919474433532e+00
1.000000000000000000e+00 1.834610349860806844e+00
1.000000000000000000e+00 1.590895500912387517e+00
1.000000000000000000e+00 2.801560488713199959e+00
1.000000000000000000e+00 2.309106319924981054e+00
2.000000000000000000e+00 3.595721739874330858e+00
1.000000000000000000e+00 3.514795401642468953e+00
2.000000000000000000e+00 1.224608054198714102e+00
5.000000000000000000e+00 3.229743508757142667e+00
1.000000000000000000e+00 2.637856630686757686e+00
2.000000000000000000e+00 2.058082036737094001e+00
1.000000000000000000e+00 1.166325989243102379e+00
1.000000000000000000e+00 2.149559866625778248e+00
2.000000000000000000e+00 1.862370228782940007e+00
2.000000000000000000e+00 2.874312488356903561e+00
5.000000000000000000e+00 8.167258472669590708e-01
1.000000000000000000e+00 3.791321953792183841e+00
2.000000000000000000e+00 3.812060409252853610e+00
2.000000000000000000e+00 6.049069153917062458e+00
2.000000000000000000e+00 3.514440211214015619e+00
5.000000000000000000e+00 9.299201291271856906e-01
5.000000000000000000e+00 2.901742352504768974e+00
1.000000000000000000e+00 2.370720415235918921e+00
2.000000000000000000e+00 2.293774334872347165e+00
2.000000000000000000e+00 7.606297490484679180e-01
2.000000000000000000e+00 4.763643874616213303e+00
5.000000000000000000e+00 3.797251042836065071e+00
2.000000000000000000e+00 1.475988095163347058e+00
2.000000000000000000e+00 5.301268666147445963e+00
5.000000000000000000e+00 2.540176361656134585e+00
5.000000000000000000e+00 2.268803018364184965e+00
2.000000000000000000e+00 6.167556014385640495e+00
2.000000000000000000e+00 4.355576736303016006e+00
5.000000000000000000e+00 2.598803390714085726e+00
1.000000000000000000e+00 2.297120210003455121e+00
2.000000000000000000e+00 3.119456435666170702e+00
5.000000000000000000e+00 5.440975301528881758e+00
5.000000000000000000e+00 3.972772670409421725e+00
2.000000000000000000e+00 1.395601034201911839e+00
5.000000000000000000e+00 3.603104427151409883e+00
2.000000000000000000e+00 2.200615769110752851e+00
5.000000000000000000e+00 5.251558930560404903e+00
5.000000000000000000e+00 4.944716342947523380e+00
2.000000000000000000e+00 2.137769281650007347e+00
1.000000000000000000e+00 2.664439591482262948e+00
2.000000000000000000e+00 5.137289042905382352e+00
1.000000000000000000e+00 3.731592278302146681e+00
1.000000000000000000e+00 4.723888374169034066e+00
2.000000000000000000e+00 1.468078430137781609e+00
1.000000000000000000e+00 3.137059682899636659e+00
5.000000000000000000e+00 2.178183454994136348e+00
1.000000000000000000e+00 1.740917919397467761e+00
5.000000000000000000e+00 1.082785953390008604e+00
5.000000000000000000e+00 2.492118227476224135e+00
1.000000000000000000e+00 5.597040756459258359e-01
2.000000000000000000e+00 2.164895475576507522e+00
1.000000000000000000e+00 1.664379667272524177e+00
1.000000000000000000e+00 3.282652586501630054e+00
1.000000000000000000e+00 4.608634042875162429e+00
1.000000000000000000e+00 1.324012006738386038e+00
2.000000000000000000e+00 5.101183246018348605e+00
5.000000000000000000e+00 3.329823260442462907e+00
1.000000000000000000e+00 4.388936287790142998e+00
2.000000000000000000e+00 3.826148671945773572e+00
5.000000000000000000e+00 1.764652996155651188e+00
5.000000000000000000e+00 3.322578976222281266e+00
5.000000000000000000e+00 4.061774419619598397e+00
5.000000000000000000e+00 4.322287281476135057e+00
5.000000000000000000e+00 2.637821871366477833e+00
1.000000000000000000e+00 5.046651562688442283e+00
2.000000000000000000e+00 4.648723784237862588e+00
5.000000000000000000e+00 5.216941564758373673e+00
2.000000000000000000e+00 1.003741685883032808e+00
1.000000000000000000e+00 3.855206286936760929e+00
1.000000000000000000e+00 4.243105706007803124e-01
1.000000000000000000e+00 3.712226023627208438e+00
5.000000000000000000e+00 4.465134295782828389e+00
1.000000000000000000e+00 1.364446007108440995e+00
1.000000000000000000e+00 5.509675066478732397e+00
2.000000000000000000e+00 6.160365752826747476e-01
1.000000000000000000e+00 3.952482627157592354e+00
1.000000000000000000e+00 8.814198756080920960e-01
5.000000000000000000e+00 9.417075950789218775e-01
1.000000000000000000e+00 2.962591358078571879e+00
1.000000000000000000e+00 2.322987704366788808e+00
1.000000000000000000e+00 2.925864713279707541e+00
1.000000000000000000e+00 3.213575218798359057e+00
2.000000000000000000e+00 4.330593777215073104e+00
1.000000000000000000e+00 1.961665302813479839e+00
2.000000000000000000e+00 1.992019632083063208e+00
5.000000000000000000e+00 3.291839122227446346e+00
5.000000000000000000e+00 5.410295378827604473e+00
1.000000000000000000e+00 2.910037461888600241e+00
2.000000000000000000e+00 4.538010487183642638e+00
2.000000000000000000e+00 4.728985232161004859e+00
5.000000000000000000e+00 4.499936525603787985e+00
2.000000000000000000e+00 2.133802499142266829e+00
5.000000000000000000e+00 4.787204601586915742e-01
2.000000000000000000e+00 3.206645508505148179e+00
1.000000000000000000e+00 3.143815067038442823e+00
5.000000000000000000e+00 2.514853634295536544e+00
1.000000000000000000e+00 1.440956289872718177e+00
2.000000000000000000e+00 2.004216313245208436e+00
2.000000000000000000e+00 1.527828735169399099e+00
2.000000000000000000e+00 2.064877878948426559e+00
2.000000000000000000e+00 3.172494688349801528e+00
1.000000000000000000e+00 1.012408511327330896e+00
5.000000000000000000e+00 1.677000961359850661e+00
1.000000000000000000e+00 9.660011346781389729e-01
2.000000000000000000e+00 2.984558053128117283e+00
1.000000000000000000e+00 2.499279427116650076e+00
1.000000000000000000e+00 2.730286282044043222e+00
2.000000000000000000e+00 1.883298757410988511e+00
1.000000000000000000e+00 2.936284534297893156e+00
2.000000000000000000e+00 9.018486129557682363e-01
5.000000000000000000e+00 2.350085670290277928e+00
2.000000000000000000e+00 1.152351046644884303e+00
1.000000000000000000e+00 1.586824071693811566e+00
1.000000000000000000e+00 2.909206554399445643e+00
5.000000000000000000e+00 1.100905138151950791e+00
5.000000000000000000e+00 9.995722879668693661e-01
1.000000000000000000e+00 1.167397989666227653e+00
1.000000000000000000e+00 3.541261981202795894e+00
1.000000000000000000e+00 2.515819973246486096e+00
2.000000000000000000e+00 1.755229876810955991e+00
2.000000000000000000e+00 4.280668766275645964e+00
2.000000000000000000e+00 5.362898086899646977e+00
1.000000000000000000e+00 2.331806948487173070e+00
5.000000000000000000e+00 2.207560824773671548e+00
2.000000000000000000e+00 1.862812952059113236e+00
2.000000000000000000e+00 3.332647766368119324e+00
5.000000000000000000e+00 4.624190456611751543e+00
2.000000000000000000e+00 2.031876496079191519e+00
1.000000000000000000e+00 2.773769306487861019e+00
2.000000000000000000e+00 2.025103136505311152e+00
2.000000000000000000e+00 2.119929609247264146e+00
5.000000000000000000e+00 4.748078838969271409e+00
1.000000000000000000e+00 6.247841937525148159e-01
2.000000000000000000e+00 1.270675204571433348e+00
1.000000000000000000e+00 2.463651385421324225e+00
2.000000000000000000e+00 3.062952379847295070e+00
1.000000000000000000e+00 1.437788849005182890e+00
1.000000000000000000e+00 3.924147070658774439e+00
1.000000000000000000e+00 1.391964933503705426e+00
1.000000000000000000e+00 3.273783808291247599e+00
5.000000000000000000e+00 4.683467243056511187e+00
2.000000000000000000e+00 2.186076757968244078e+00
1.000000000000000000e+00 3.725613594025481756e+00
1.000000000000000000e+00 5.215024040767314517e+00
1.000000000000000000e+00 2.667247825065165223e+00
2.000000000000000000e+00 5.510350131963429599e-01
5.000000000000000000e+00 4.417516772653174328e+00
1.000000000000000000e+00 2.463567113154334631e+00
5.000000000000000000e+00 2.895875258919045958e+00
5.000000000000000000e+00 1.700301394107536668e+00
1.000000000000000000e+00 4.894142285553699345e+00
5.000000000000000000e+00 2.624410860417606184e+00
5.000000000000000000e+00 4.393855124377205712e+00
2.000000000000000000e+00 5.901567656862614086e+00
2.000000000000000000e+00 3.536476200681413218e+00
2.000000000000000000e+00 5.269835194537661138e+00
5.000000000000000000e+00 1.474995803028243957e+00
5.000000000000000000e+00 8.861296215897290773e-01
1.000000000000000000e+00 4.773558334242568257e+00
5.000000000000000000e+00 2.329324579641951498e+00
2.000000000000000000e+00 3.615976277895248003e+00
5.000000000000000000e+00 1.854716941935882879e+00
1.000000000000000000e+00 3.162508804557524478e+00
1.000000000000000000e+00 4.386897864906506683e+00
5.000000000000000000e+00 1.813130168030012423e-01
1.000000000000000000e+00 4.360225626486613493e+00
1.000000000000000000e+00 4.028295979197350718e+00
1.000000000000000000e+00 4.947628677481805681e-01
1.000000000000000000e+00 1.233324190857928215e+00
1.000000000000000000e+00 3.442594038551745506e+00
2.000000000000000000e+00 2.998743605168304516e+00
1.000000000000000000e+00 2.616492782511888215e+00
1.000000000000000000e+00 2.713612502583525377e+00
5.000000000000000000e+00 3.633537091907113936e+00
1.000000000000000000e+00 3.997543311425892032e+00
1.000000000000000000e+00 2.952593528159739300e+00
1.000000000000000000e+00 2.356423164195875941e+00
1.000000000000000000e+00 3.587384607661068259e+00
5.000000000000000000e+00 7.443546843241412025e-01
5.000000000000000000e+00 5.133160357932286644e+00
2.000000000000000000e+00 4.572311085444770384e+00
1.000000000000000000e+00 1.670948367840449089e+00
1.000000000000000000e+00 3.545270330106241374e+00
1.000000000000000000e+00 9.124452532429900842e-01
1.000000000000000000e+00 3.613477571157749924e-01
2.000000000000000000e+00 1.587188645684513455e+00
5.000000000000000000e+00 1.651757893109969677e+00
5.000000000000000000e+00 3.553813020895349784e+00
5.000000000000000000e+00 4.601207398274373084e+00
1.000000000000000000e+00 4.115892448692450856e+00
2.000000000000000000e+00 1.720554238157723237e+00
1.000000000000000000e+00 2.637119816722520049e+00
2.000000000000000000e+00 1.159827672910010765e+00
5.000000000000000000e+00 1.211792650389819759e+00
2.000000000000000000e+00 3.693335686034058707e+00
1.000000000000000000e+00 2.891939694649620307e+00
2.000000000000000000e+00 1.654500202540066134e+00
1.000000000000000000e+00 3.783427802146389851e+00
5.000000000000000000e+00 1.375419929762239812e+00
1.000000000000000000e+00 1.869427575740425507e+00
2.000000000000000000e+00 3.154824444628101965e+00
2.000000000000000000e+00 3.468573358017217334e+00
5.000000000000000000e+00 1.937977124134379059e+00
5.000000000000000000e+00 2.122668249924406947e+00
5.000000000000000000e+00 4.636454829985088288e+00
1.000000000000000000e+00 1.102190689477637653e+00
1.000000000000000000e+00 4.261601226328866510e+00
2.000000000000000000e+00 1.053157370749306931e+00
1.000000000000000000e+00 1.097721865844156985e+00
5.000000000000000000e+00 4.791012629520781552e+00
1.000000000000000000e+00 3.235965686188566615e+00
1.000000000000000000e+00 3.436132281879706873e+00
2.000000000000000000e+00 4.416696518446379116e+00
5.000000000000000000e+00 1.109728799417568634e+00
2.000000000000000000e+00 3.866449714490284961e+00
5.000000000000000000e+00 2.273039567934081351e+00
1.000000000000000000e+00 4.595231856673944293e+00
5.000000000000000000e+00 3.821336383282068816e+00
2.000000000000000000e+00 2.718356359752377660e+00
2.000000000000000000e+00 5.121879796638224569e+00
5.000000000000000000e+00 1.657496954369773512e+00
5.000000000000000000e+00 2.491408514587641232e+00
1.000000000000000000e+00 2.044613670871501920e+00
1.000000000000000000e+00 3.289304834910233399e+00
5.000000000000000000e+00 5.106209428847555465e+00
2.000000000000000000e+00 2.875203632229640149e+00
5.000000000000000000e+00 2.052643817159674366e+00
1.000000000000000000e+00 2.534126798415121673e+00
1.000000000000000000e+00 3.685603221492633086e+00
5.000000000000000000e+00 1.923807754247284230e+00
5.000000000000000000e+00 2.796372627687921497e+00
5.000000000000000000e+00 3.956290082813857634e+00
2.000000000000000000e+00 3.089976379659614025e+00
5.000000000000000000e+00 2.079987400072613291e+00
2.000000000000000000e+00 2.463886897943805110e+00
5.000000000000000000e+00 1.922286430895316478e+00
5.000000000000000000e+00 2.665695481855908433e+00
2.000000000000000000e+00 2.885039632514153851e+00
2.000000000000000000e+00 2.497655809267696814e+00
5.000000000000000000e+00 3.073042633932943968e+00
5.000000000000000000e+00 4.605520613219172610e+00
1.000000000000000000e+00 1.752130213878760889e+00
1.000000000000000000e+00 3.465167089389861843e+00
2.000000000000000000e+00 2.387106674635508519e+00
5.000000000000000000e+00 1.545389826341040607e+00
5.000000000000000000e+00 4.275286572950459885e+00
2.000000000000000000e+00 4.557017453409262231e+00
2.000000000000000000e+00 1.954372140037888173e+00
1.000000000000000000e+00 5.429111546517187747e+00
1.000000000000000000e+00 1.893870772467217245e+00
1.000000000000000000e+00 1.805279431082587926e+00
2.000000000000000000e+00 4.566348050106335599e+00
1.000000000000000000e+00 1.245171560395347488e+00
5.000000000000000000e+00 2.861877891963891418e+00
5.000000000000000000e+00 2.405041239036084910e+00
2.000000000000000000e+00 3.031004667641290951e+00
2.000000000000000000e+00 1.506364159196412755e+00
1.000000000000000000e+00 3.015629587546214463e+00
5.000000000000000000e+00 3.351365002921812497e+00
5.000000000000000000e+00 8.604975928450387945e-01
5.000000000000000000e+00 1.727888193766972114e+00
1.000000000000000000e+00 4.186838982673247500e+00
2.000000000000000000e+00 2.946779383377906125e+00
5.000000000000000000e+00 4.068729353786224578e+00
1.000000000000000000e+00 3.047677238572540581e+00
1.000000000000000000e+00 1.991995237149060571e+00
1.000000000000000000e+00 3.285789029167229813e+00
1.000000000000000000e+00 3.669334678907683056e+00
2.000000000000000000e+00 4.234642337421727021e+00
1.000000000000000000e+00 1.402019286816580168e+00
2.000000000000000000e+00 4.043706894410090236e+00
5.000000000000000000e+00 3.493316963480260995e+00
2.000000000000000000e+00 4.499277618673672485e+00
5.000000000000000000e+00 3.546160928905414345e+00
5.000000000000000000e+00 2.559473219646483333e+00
2.000000000000000000e+00 4.361367144668625073e+00
5.000000000000000000e+00 1.442447688284407725e+00
5.000000000000000000e+00 3.341243104287443089e+00
5.000000000000000000e+00 4.309717352002315316e+00
5.000000000000000000e+00 2.184673382134511233e+00
5.000000000000000000e+00 1.598669689968881480e+00
1.000000000000000000e+00 3.180487438798653699e+00
2.000000000000000000e+00 2.820036181935332120e+00
2.000000000000000000e+00 4.354417044491258437e+00
5.000000000000000000e+00 1.862722752190994813e+00
