3.000000000000000000e+00 3.985017298722895340e+00
3.000000000000000000e+00 4.224155094475080752e+00
3.000000000000000000e+00 3.166023727864501147e+00
5.000000000000000000e+00 3.516027796357168889e+00
3.000000000000000000e+00 1.151500149247843829e+00
5.000000000000000000e+00 4.940263576000353929e+00
3.000000000000000000e+00 1.439456090082485762e+00
4.000000000000000000e+00 2.421656295960549876e+00
4.000000000000000000e+00 2.786493513913440800e+00
3.000000000000000000e+00 4.910474193518908237e+00
4.000000000000000000e+00 1.254325521135465804e+00
4.000000000000000000e+00 4.873135867114235076e+00
5.000000000000000000e+00 4.519959385074934666e+00
5.000000000000000000e+00 4.722916002685625614e+00
5.000000000000000000e+00 5.247578693537061412e+00
4.000000000000000000e+00 3.697002843765523128e+00
4.000000000000000000e+00 2.969938674673974877e+00
5.000000000000000000e+00 4.103734768635603380e+00
3.000000000000000000e+00 8.230801930835593971e-01
4.000000000000000000e+00 2.839007649245973930e+00
4.000000000000000000e+00 2.495672474875969105e+00
3.000000000000000000e+00 3.678828902601356088e+00
3.000000000000000000e+00 3.001146981519503321e+00
3.000000000000000000e+00 3.843202395667576710e+00
4.000000000000000000e+00 4.661452262811828895e+00
4.000000000000000000e+00 4.541800123513153764e+00
5.000000000000000000e+00 1.038261713308091805e+00
3.000000000000000000e+00 4.206330139733070794e+00
3.000000000000000000e+00 2.732668650540227340e+00
3.000000000000000000e+00 1.403921384891750668e+00
5.000000000000000000e+00 3.059121708411306262e+00
5.000000000000000000e+00 1.809833132982876069e+00
4.000000000000000000e+00 3.967079042872707184e+00
3.000000000000000000e+00 1.720215438016448051e+00
3.000000000000000000e+00 2.371648024416213474e+00
4.000000000000000000e+00 4.133953294798866196e+00
3.000000000000000000e+00 4.988849285373292197e+00
4.000000000000000000e+00 3.214994177060045200e+00
4.000000000000000000e+00 4.119489329895063001e+00
4.000000000000000000e+00 3.178982726406211601e+00
5.000000000000000000e+00 2.589180257523946427e+00
4.000000000000000000e+00 3.750734783199011435e+00
5.000000000000000000e+00 4.338256036892467193e+00
5.000000000000000000e+00 1.403800387496207280e+00
3.000000000000000000e+00 4.358143318985072234e+00
5.000000000000000000e+00 2.134253634859463400e+00
3.000000000000000000e+00 3.959161237141398892e+00
4.000000000000000000e+00 2.610416694347982958e+00
4.000000000000000000e+00 4.137692618112269294e+00
5.000000000000000000e+00 3.703948595872995075e-01
5.000000000000000000e+00 5.184040119633189114e+00
4.000000000000000000e+00 1.039435159391259633e+00
4.000000000000000000e+00 3.302820875794513888e+00
5.000000000000000000e+00 8.680951293833407689e-01
3.000000000000000000e+00 3.180828155511698174e+00
5.000000000000000000e+00 3.489228378070011516e+00
5.000000000000000000e+00 3.386516425772081007e+00
4.000000000000000000e+00 3.230002061015716741e+00
5.000000000000000000e+00 5.021640040833385221e+00
4.000000000000000000e+00 5.237165551372041428e+00
5.000000000000000000e+00 2.632265854925381898e+00
3.000000000000000000e+00 2.239049668486911226e+00
3.000000000000000000e+00 2.343013076146939433e+00
4.000000000000000000e+00 2.217669580527134254e+00
5.000000000000000000e+00 4.546696236316011941e+00
3.000000000000000000e+00 1.653612019274583178e-01
5.000000000000000000e+00 1.644193158693013190e+00
4.000000000000000000e+00 2.456435870003026434e+00
3.000000000000000000e+00 3.808641235262059332e+00
5.000000000000000000e+00 2.127491585611610780e+00
5.000000000000000000e+00 1.298848630529844783e+00
5.000000000000000000e+00 4.014118261098396978e+00
4.000000000000000000e+00 1.146630898798151721e+00
3.000000000000000000e+00 2.987369049792901965e+00
5.000000000000000000e+00 5.692151028026707138e+00
4.000000000000000000e+00 2.070167795156244051e+00
5.000000000000000000e+00 4.318847316844699691e+00
5.000000000000000000e+00 5.693120290619722468e+00
3.000000000000000000e+00 1.140556182368577698e+00
3.000000000000000000e+00 3.991520218715114421e+00
3.000000000000000000e+00 5.954341080319887070e-01
4.000000000000000000e+00 3.325618092876069021e+00
3.000000000000000000e+00 2.238384877885496671e+00
3.000000000000000000e+00 5.056244359988316894e+00
5.000000000000000000e+00 1.205404889776324318e+00
4.000000000000000000e+00 2.535873683426962177e+00
5.000000000000000000e+00 4.617411460080043106e+00
5.000000000000000000e+00 3.272721006406987154e+00
3.000000000000000000e+00 4.769749760793968285e+00
3.000000000000000000e+00 3.978382107930515943e+00
4.000000000000000000e+00 2.699212514144259778e+00
4.000000000000000000e+00 3.937443318365319911e+00
5.000000000000000000e+00 5.781903942198551860e+00
3.000000000000000000e+00 4.454601010730966371e-01
4.000000000000000000e+00 2.640607819510017773e+00
3.000000000000000000e+00 1.753614511885626115e+00
5.000000000000000000e+00 3.836822417652272943e+00
3.000000000000000000e+00 3.195657370411848941e+00
4.000000000000000000e+00 3.041773046752336285e+00
5.000000000000000000e+00 4.130888726954765056e-01
5.000000000000000000e+00 2.143925428783404197e+00
5.000000000000000000e+00 3.540688270759412504e+00
5.000000000000000000e+00 4.855521698854764701e+00
3.000000000000000000e+00 3.751604760577806896e+00
3.000000000000000000e+00 2.156374761130565698e+00
3.000000000000000000e+00 3.607925360993521124e+00
5.000000000000000000e+00 4.111777345735595723e+00
4.000000000000000000e+00 3.194295722067836518e+00
3.000000000000000000e+00 5.953714423408410505e-01
5.000000000000000000e+00 2.256976734250271122e+00
4.000000000000000000e+00 1.519665070581167621e+00
3.000000000000000000e+00 4.815296231345078226e+00
4.000000000000000000e+00 4.231043606021433590e+00
4.000000000000000000e+00 3.968749668006344766e+00
4.000000000000000000e+00 2.188212075516618338e+00
4.000000000000000000e+00 1.477849037689382028e+00
5.000000000000000000e+00 1.850607246717783427e+00
3.000000000000000000e+00 3.789069487502491285e+00
5.000000000000000000e+00 4.864717429016748085e+00
3.000000000000000000e+00 4.185993877749163872e+00
4.000000000000000000e+00 2.625992979744066869e+00
5.000000000000000000e+00 2.785362083164905744e+00
4.000000000000000000e+00 2.962516714420887709e+00
4.000000000000000000e+00 1.468511257695204852e+00
5.000000000000000000e+00 1.819596758934218572e+00
5.000000000000000000e+00 6.953937660115151465e-01
4.000000000000000000e+00 2.003287976029170192e+00
5.000000000000000000e+00 1.353028871367672359e+00
4.000000000000000000e+00 4.873268992613435380e+00
3.000000000000000000e+00 2.563455854895415609e+00
5.000000000000000000e+00 3.657497707794451269e+00
5.000000000000000000e+00 1.603773704171150616e+00
4.000000000000000000e+00 4.141089848659154526e+00
5.000000000000000000e+00 4.958489622034476518e+00
3.000000000000000000e+00 3.222094930358066822e+00
4.000000000000000000e+00 3.953202668419628640e+00
5.000000000000000000e+00 5.531303050348369554e-01
3.000000000000000000e+00 1.559079143185222227e+00
5.000000000000000000e+00 1.285642292959473076e+00
5.000000000000000000e+00 4.611133923287607850e+00
4.000000000000000000e+00 2.300769943285583707e+00
3.000000000000000000e+00 8.182036178445185881e-02
4.000000000000000000e+00 2.479281247139129896e+00
3.000000000000000000e+00 4.506720740208840503e+00
3.000000000000000000e+00 3.862276155630187002e+00
4.000000000000000000e+00 3.065833381425664417e+00
3.000000000000000000e+00 5.072549081326290121e+00
3.000000000000000000e+00 4.640764557141383584e+00
5.000000000000000000e+00 3.865910376401515247e+00
4.000000000000000000e+00 5.913543039690649650e+00
5.000000000000000000e+00 4.993699055899099015e+00
3.000000000000000000e+00 1.077584185836333530e+00
4.000000000000000000e+00 3.789853050887579844e+00
4.000000000000000000e+00 2.897268559051489945e+00
5.000000000000000000e+00 2.423773274026735258e+00
4.000000000000000000e+00 9.340323515711060898e-01
3.000000000000000000e+00 7.043692391471798597e-01
3.000000000000000000e+00 3.645366461154536442e+00
4.000000000000000000e+00 3.716356858235573490e+00
3.000000000000000000e+00 4.501252026838324483e+00
4.000000000000000000e+00 1.168531749089739336e+00
3.000000000000000000e+00 7.044627397470967223e-01
4.000000000000000000e+00 9.384382261827201033e-01
3.000000000000000000e+00 1.509263088306832090e+00
4.000000000000000000e+00 2.185929087402236792e+00
4.000000000000000000e+00 1.818134877253629655e+00
4.000000000000000000e+00 1.571160436008878447e+00
4.000000000000000000e+00 4.428354480441449859e+00
5.000000000000000000e+00 4.685486478360759932e+00
4.000000000000000000e+00 1.146746406403484242e+00
5.000000000000000000e+00 2.282336535935006516e+00
4.000000000000000000e+00 3.394350146331460039e+00
3.000000000000000000e+00 2.848737169497004729e+00
5.000000000000000000e+00 5.527252121158492848e+00
3.000000000000000000e+00 2.088502653416905996e+00
5.000000000000000000e+00 3.505466482404976603e+00
5.000000000000000000e+00 3.411480585675771948e+00
5.000000000000000000e+00 2.046121089464931764e+00
3.000000000000000000e+00 3.325601975648980524e+00
4.000000000000000000e+00 3.134953929095533276e+00
5.000000000000000000e+00 9.502376892982526968e-01
4.000000000000000000e+00 1.780418100024012240e+00
5.000000000000000000e+00 1.271584848643100285e+00
4.000000000000000000e+00 2.672132382129800643e+00
5.000000000000000000e+00 8.114684167959388406e-01
4.000000000000000000e+00 2.757652726477891392e+00
4.000000000000000000e+00 2.663088644462073162e+00
5.000000000000000000e+00 1.983471781715777871e+00
5.000000000000000000e+00 2.451328402117646021e+00
4.000000000000000000e+00 3.386459116421786653e-01
5.000000000000000000e+00 3.799939153747248888e+00
4.000000000000000000e+00 3.451442599293883084e+00
3.000000000000000000e+00 2.926293535931833389e+00
5.000000000000000000e+00 5.103680612652552462e+00
4.000000000000000000e+00 9.991681399624945392e-01
5.000000000000000000e+00 1.383071206850071899e+00
5.000000000000000000e+00 2.850808795163201292e+00
5.000000000000000000e+00 2.299693744288741293e+00
5.000000000000000000e+00 5.703880291647415390e+00
4.000000000000000000e+00 2.931593608642808046e+00
4.000000000000000000e+00 1.694811702245676122e+00
3.000000000000000000e+00 1.787884470611802223e+00
5.000000000000000000e+00 2.532893944749001758e+00
4.000000000000000000e+00 4.898457260277827352e+00
4.000000000000000000e+00 1.580814970295902899e+00
5.000000000000000000e+00 4.663419429357683832e+00
5.000000000000000000e+00 4.172761043998671759e+00
4.000000000000000000e+00 4.634948031040780236e+00
5.000000000000000000e+00 7.525858261148979933e-01
4.000000000000000000e+00 5.097614501881758464e+00
5.000000000000000000e+00 3.999927869429719784e+00
4.000000000000000000e+00 1.677006591351344111e+00
5.000000000000000000e+00 3.814711614603706114e+00
4.000000000000000000e+00 5.746404851262699509e+00
3.000000000000000000e+00 1.620408075725036312e+00
4.000000000000000000e+00 3.481438272918976562e+00
3.000000000000000000e+00 2.040756088670723667e+00
5.000000000000000000e+00 3.605142214998656058e+00
5.000000000000000000e+00 4.142944892506046806e+00
5.000000000000000000e+00 1.184594020676418502e+00
5.000000000000000000e+00 3.505682741443127526e+00
4.000000000000000000e+00 4.420025106427604378e+00
4.000000000000000000e+00 5.531338300829529153e+00
3.000000000000000000e+00 3.077785316870577326e+00
3.000000000000000000e+00 8.414957093575117231e-01
3.000000000000000000e+00 3.106100253084633334e+00
5.000000000000000000e+00 1.024913139549214369e+00
4.000000000000000000e+00 4.306617563918242020e+00
3.000000000000000000e+00 3.345611425080103007e+00
3.000000000000000000e+00 3.590869994662936548e+00
5.000000000000000000e+00 4.937891046672878481e+00
4.000000000000000000e+00 2.980433786592556089e+00
5.000000000000000000e+00 3.308150055175456128e+00
4.000000000000000000e+00 2.458596438481544855e+00
3.000000000000000000e+00 1.885576465835365534e+00
5.000000000000000000e+00 4.093385759723402906e+00
5.000000000000000000e+00 5.159028087214731606e+00
4.000000000000000000e+00 2.810537038247999497e+00
5.000000000000000000e+00 4.963926412007360511e+00
3.000000000000000000e+00 1.898586536903109412e+00
5.000000000000000000e+00 4.314113915546209377e+00
4.000000000000000000e+00 1.144876122872036994e+00
3.000000000000000000e+00 2.202633721547282875e+00
5.000000000000000000e+00 3.942574809424684634e+00
5.000000000000000000e+00 3.208850638797377197e+00
4.000000000000000000e+00 1.696126372654799708e+00
5.000000000000000000e+00 3.026349596683869603e+00
4.000000000000000000e+00 3.613124783169761933e+00
5.000000000000000000e+00 6.574885179859676354e-01
5.000000000000000000e+00 1.149960679767252358e+00
5.000000000000000000e+00 2.797964370170806347e+00
5.000000000000000000e+00 1.163628988350950744e+00
3.000000000000000000e+00 3.709392966051522134e+00
3.000000000000000000e+00 3.873003549548573510e+00
4.000000000000000000e+00 2.885996992462166233e+00
4.000000000000000000e+00 4.125751979973777850e+00
3.000000000000000000e+00 4.296861686225587285e+00
5.000000000000000000e+00 1.395402402443806533e+00
5.000000000000000000e+00 4.441115935469864162e+00
4.000000000000000000e+00 2.400791558501564005e+00
5.000000000000000000e+00 1.288822291356267913e+00
5.000000000000000000e+00 4.174003647200190237e+00
5.000000000000000000e+00 1.823876765941059963e+00
5.000000000000000000e+00 2.632477710186562625e+00
4.000000000000000000e+00 1.150879113592398584e+00
4.000000000000000000e+00 1.795672425724214039e+00
5.000000000000000000e+00 3.872405051860482672e+00
5.000000000000000000e+00 4.627888721630625035e+00
3.000000000000000000e+00 3.758116613066027067e+00
5.000000000000000000e+00 1.534363870248802719e+00
5.000000000000000000e+00 3.430599686733804887e+00
5.000000000000000000e+00 5.326505725743503561e+00
5.000000000000000000e+00 2.902611804368726123e+00
3.000000000000000000e+00 2.514747216858419065e+00
5.000000000000000000e+00 3.640023917518447671e+00
3.000000000000000000e+00 1.227636035389205516e+00
3.000000000000000000e+00 2.637939584927101677e+00
3.000000000000000000e+00 1.277970950773414494e+00
5.000000000000000000e+00 4.138348375820660507e+00
5.000000000000000000e+00 2.253791623793082455e-01
3.000000000000000000e+00 1.782614057520840678e+00
4.000000000000000000e+00 2.460362584572667100e+00
4.000000000000000000e+00 1.374458246412220808e+00
4.000000000000000000e+00 2.260875323576761353e+00
3.000000000000000000e+00 3.210717123203774115e+00
3.000000000000000000e+00 2.075208842860230440e+00
3.000000000000000000e+00 3.093182891095922482e+00
5.000000000000000000e+00 2.318803623035434747e+00
4.000000000000000000e+00 1.155474522649168945e+00
5.000000000000000000e+00 1.312895156196010715e+00
3.000000000000000000e+00 4.003494321823745317e+00
3.000000000000000000e+00 5.010526249298366430e+00
3.000000000000000000e+00 2.696752183769879796e+00
5.000000000000000000e+00 3.407570687448038260e+00
4.000000000000000000e+00 2.073389083466377958e+00
5.000000000000000000e+00 2.951420604148910165e+00
3.000000000000000000e+00 1.610407433280626854e+00
4.000000000000000000e+00 5.307404916263094741e+00
3.000000000000000000e+00 3.400468857659818767e+00
5.000000000000000000e+00 6.107359448944225111e-01
3.000000000000000000e+00 4.333962203041023642e+00
3.000000000000000000e+00 3.655266454508539375e+00
3.000000000000000000e+00 2.464130425261797264e+00
5.000000000000000000e+00 1.322462018211050694e+00
3.000000000000000000e+00 8.351995162065236622e-01
5.000000000000000000e+00 3.341287866631148518e+00
4.000000000000000000e+00 2.893894836869560283e+00
3.000000000000000000e+00 4.463747680201342050e+00
4.000000000000000000e+00 4.322087575366991175e+00
4.000000000000000000e+00 2.388793988181191486e-01
5.000000000000000000e+00 2.638131811923425385e+00
5.000000000000000000e+00 5.396061937356035898e+00
3.000000000000000000e+00 2.129557013427529455e+00
4.000000000000000000e+00 3.176247306181374963e+00
5.000000000000000000e+00 1.561786663503595296e+00
4.000000000000000000e+00 4.461235127926222788e+00
3.000000000000000000e+00 2.136984411925515914e+00
4.000000000000000000e+00 1.690374352252055568e+00
4.000000000000000000e+00 2.058810130464033161e+00
5.000000000000000000e+00 4.075073556814585274e+00
3.000000000000000000e+00 4.299756735193938972e+00
4.000000000000000000e+00 3.389537781520549853e+00
3.000000000000000000e+00 2.346562211728764780e+00
3.000000000000000000e+00 5.071407694435279723e+00
3.000000000000000000e+00 3.836004915784572589e+00
3.000000000000000000e+00 2.705154880126524386e+00
3.000000000000000000e+00 9.970643632285307589e-01
3.000000000000000000e+00 5.612860491211378866e-01
4.000000000000000000e+00 2.106166801447764136e+00
3.000000000000000000e+00 3.627829066089223620e+00
5.000000000000000000e+00 5.158331166969817083e+00
3.000000000000000000e+00 6.042257602061379407e-01
4.000000000000000000e+00 1.191538092646312830e+00
5.000000000000000000e+00 1.634245505602597737e+00
3.000000000000000000e+00 5.024677397977989735e+00
4.000000000000000000e+00 2.112846654439465510e+00
3.000000000000000000e+00 4.058413629038530424e+00
3.000000000000000000e+00 2.561212834138001160e+00
4.000000000000000000e+00 4.966878267001383129e+00
3.000000000000000000e+00 1.824960378058622767e+00
4.000000000000000000e+00 5.060021620697932043e+00
4.000000000000000000e+00 4.699693049079165519e+00
5.000000000000000000e+00 4.165755265883776204e+00
3.000000000000000000e+00 4.316822814240623529e+00
3.000000000000000000e+00 3.163462467897033115e+00
5.000000000000000000e+00 3.202011215710723668e+00
4.000000000000000000e+00 4.648266356595180504e+00
4.000000000000000000e+00 4.137739297888089141e+00
4.000000000000000000e+00 4.433319074472796828e+00
4.000000000000000000e+00 2.185570044449224536e+00
5.000000000000000000e+00 2.989305812702389265e+00
4.000000000000000000e+00 2.552947319548400706e+00
4.000000000000000000e+00 1.879295926783107085e+00
5.000000000000000000e+00 3.170857458575651044e+00
5.000000000000000000e+00 2.942381783170050280e+00
3.000000000000000000e+00 3.573426104380716506e+00
3.000000000000000000e+00 1.928636810025603721e+00
4.000000000000000000e+00 1.914399042863451195e+00
3.000000000000000000e+00 4.463628975259089415e+00
3.000000000000000000e+00 2.913373982380256688e+00
4.000000000000000000e+00 1.735577301313729670e+00
5.000000000000000000e+00 4.364033641617188763e+00
4.000000000000000000e+00 3.313681453850038761e+00
3.000000000000000000e+00 1.091770421930317925e+00
4.000000000000000000e+00 3.420496697615569737e+00
4.000000000000000000e+00 3.482901401047187040e+00
4.000000000000000000e+00 1.334990451473146322e+00
5.000000000000000000e+00 2.341746256402635229e+00
3.000000000000000000e+00 1.743198880196766387e+00
3.000000000000000000e+00 4.310474608801927232e+00
3.000000000000000000e+00 4.618283249592074036e+00
4.000000000000000000e+00 2.453448117195380362e+00
5.000000000000000000e+00 1.397387550896957764e+00
3.000000000000000000e+00 1.089973376417844753e+00
3.000000000000000000e+00 1.363656661048615826e+00
4.000000000000000000e+00 1.769044718970818053e+00
3.000000000000000000e+00 2.346785862946838108e+00
3.000000000000000000e+00 1.898955190693603745e+00
4.000000000000000000e+00 4.313388243776685727e+00
4.000000000000000000e+00 2.263214096249821505e+00
3.000000000000000000e+00 2.905041544999711789e+00
4.000000000000000000e+00 3.776575272973533792e+00
5.000000000000000000e+00 2.083644401066911289e+00
3.000000000000000000e+00 3.579110290545219897e+00
5.000000000000000000e+00 2.442317511354167969e+00
5.000000000000000000e+00 3.905421414134291336e+00
5.000000000000000000e+00 3.662240147658580192e+00
4.000000000000000000e+00 1.396444997199570492e+00
3.000000000000000000e+00 3.204195309940479408e+00
4.000000000000000000e+00 3.408114245258566211e+00
3.000000000000000000e+00 1.524499906590675469e+00
3.000000000000000000e+00 5.689255965397237880e+00
3.000000000000000000e+00 2.057793863956022040e+00
4.000000000000000000e+00 1.664130129114273604e+00
3.000000000000000000e+00 1.923868554288383770e+00
5.000000000000000000e+00 8.072599169975961386e-01
4.000000000000000000e+00 4.578571713658464937e+00
5.000000000000000000e+00 3.221313659612291325e+00
3.000000000000000000e+00 2.792803814872889312e+00
4.000000000000000000e+00 6.845212273797454117e-01
4.000000000000000000e+00 4.709933900642298887e+00
4.000000000000000000e+00 1.896698154832797023e+00
3.000000000000000000e+00 4.566300725583073650e+00
3.000000000000000000e+00 2.979779253254239535e+00
4.000000000000000000e+00 4.378506255234658084e+00
5.000000000000000000e+00 4.000925902800720912e+00
3.000000000000000000e+00 1.456577739266103455e+00
4.000000000000000000e+00 1.503050935225215268e+00
5.000000000000000000e+00 3.637038263605838040e+00
4.000000000000000000e+00 5.032408149356557558e+00
5.000000000000000000e+00 2.435421348304347422e+00
4.000000000000000000e+00 2.962036214721079030e+00
4.000000000000000000e+00 3.150411530638876911e+00
3.000000000000000000e+00 4.419875185116123539e+00
4.000000000000000000e+00 3.258635277568605382e+00
3.000000000000000000e+00 4.613837732777856804e-01
3.000000000000000000e+00 2.819488587866289198e+00
4.000000000000000000e+00 4.867793461670226751e-01
4.000000000000000000e+00 5.615817716925722181e+00
4.000000000000000000e+00 2.867635984975623220e+00
5.000000000000000000e+00 3.250701207775361645e+00
4.000000000000000000e+00 1.051573276422447023e+00
4.000000000000000000e+00 3.852613340037197798e+00
3.000000000000000000e+00 1.694201563340987260e+00
3.000000000000000000e+00 2.799246185189955938e+00
5.000000000000000000e+00 9.126349820370648347e-01
5.000000000000000000e+00 4.297800970141144816e+00
4.000000000000000000e+00 2.504919118736764982e+00
3.000000000000000000e+00 2.936195120815842774e+00
5.000000000000000000e+00 2.234464655361844354e+00
5.000000000000000000e+00 2.183056624485637531e+00
4.000000000000000000e+00 2.380426678209420555e+00
4.000000000000000000e+00 2.369701186546719907e+00
4.000000000000000000e+00 8.292789654213804651e-01
3.000000000000000000e+00 1.073713223229805891e+00
4.000000000000000000e+00 2.353573765223666125e+00
4.000000000000000000e+00 4.223097074215139912e+00
4.000000000000000000e+00 3.549526827077407187e+00
3.000000000000000000e+00 9.320765704372911964e-01
4.000000000000000000e+00 4.575853188509678482e+00
3.000000000000000000e+00 3.605140371579101277e+00
5.000000000000000000e+00 4.314299614229318180e+00
4.000000000000000000e+00 1.931661053467475408e+00
5.000000000000000000e+00 6.070448682769904458e+00
4.000000000000000000e+00 3.579567435139853870e+00
5.000000000000000000e+00 9.877030034393300406e-01
4.000000000000000000e+00 7.624306020443767373e-01
4.000000000000000000e+00 1.878330808924074891e+00
5.000000000000000000e+00 2.142308098780000947e+00
4.000000000000000000e+00 4.509269125915941423e+00
5.000000000000000000e+00 1.918695614970168606e+00
4.000000000000000000e+00 1.646142665499121582e+00
4.000000000000000000e+00 3.560773925675720264e+00
4.000000000000000000e+00 5.626824619703484354e-01
5.000000000000000000e+00 3.991838290203790329e+00
3.000000000000000000e+00 3.780110499693283721e+00
4.000000000000000000e+00 2.709391011966716167e+00
5.000000000000000000e+00 3.577858574053706775e+00
5.000000000000000000e+00 2.552941355222673736e-01
3.000000000000000000e+00 1.516396057701388189e+00
3.000000000000000000e+00 2.227140096892228360e+00
4.000000000000000000e+00 3.214234717348864567e+00
3.000000000000000000e+00 1.972925597800558206e+00
3.000000000000000000e+00 3.811245748195897676e+00
4.000000000000000000e+00 2.217959224924002104e+00
3.000000000000000000e+00 4.307774416598610934e+00
4.000000000000000000e+00 4.151638856790452081e+00
3.000000000000000000e+00 2.658213800611472166e+00
5.000000000000000000e+00 2.044306018420669613e+00
5.000000000000000000e+00 4.423207155325724393e+00
3.000000000000000000e+00 1.775805255092932633e+00
5.000000000000000000e+00 1.256520758180623920e+00
4.000000000000000000e+00 4.026009450014712776e+00
5.000000000000000000e+00 1.891735130340210791e+00
3.000000000000000000e+00 2.810470614988337612e+00
5.000000000000000000e+00 3.851348353505000155e+00
5.000000000000000000e+00 3.683618473894140433e+00
5.000000000000000000e+00 3.271376898469788852e+00
3.000000000000000000e+00 5.137411346746471041e-01
5.000000000000000000e+00 3.486230765295991851e+00
3.000000000000000000e+00 5.036713953702519397e+00
4.000000000000000000e+00 2.328897389451074940e+00
3.000000000000000000e+00 2.929842500005883643e+00
3.000000000000000000e+00 1.937612482615194587e+00
5.000000000000000000e+00 4.243410060521791927e+00
3.000000000000000000e+00 1.324325049385856268e+00
4.000000000000000000e+00 1.394740060301639550e+00
3.000000000000000000e+00 3.778326132828320194e+00
3.000000000000000000e+00 2.700240700569798147e+00
3.000000000000000000e+00 2.696988104842370504e+00
5.000000000000000000e+00 2.144166530180264818e+00
3.000000000000000000e+00 4.808449147718413030e+00
3.000000000000000000e+00 1.459102201416473843e+00
4.000000000000000000e+00 1.318071479523685419e+00
3.000000000000000000e+00 1.232638180085584789e+00
3.000000000000000000e+00 1.121545388936281862e+00
5.000000000000000000e+00 2.914046729668103186e+00
5.000000000000000000e+00 2.987340958418079673e+00
4.000000000000000000e+00 4.012607412226258496e+00
4.000000000000000000e+00 4.127799329062721512e+00
0.000000000000000000e+00 3.985017298722894008e+00
0.000000000000000000e+00 4.224155094475080752e+00
0.000000000000000000e+00 3.166023727864501147e+00
1.000000000000000000e+00 3.516027796357163115e+00
0.000000000000000000e+00 1.151500149247845162e+00
1.000000000000000000e+00 4.940263576000345047e+00
0.000000000000000000e+00 1.439456090082488648e+00
2.000000000000000000e+00 2.421656295960555649e+00
2.000000000000000000e+00 2.786493513913447018e+00
0.000000000000000000e+00 4.910474193518909125e+00
2.000000000000000000e+00 1.254325521135469579e+00
2.000000000000000000e+00 4.873135867114228859e+00
1.000000000000000000e+00 4.519959385074930225e+00
1.000000000000000000e+00 4.722916002685633607e+00
1.000000000000000000e+00 5.247578693537070293e+00
2.000000000000000000e+00 3.697002843765515578e+00
2.000000000000000000e+00 2.969938674673967771e+00
1.000000000000000000e+00 4.103734768635612262e+00
0.000000000000000000e+00 8.230801930835617286e-01
2.000000000000000000e+00 2.839007649245968157e+00
2.000000000000000000e+00 2.495672474875975322e+00
0.000000000000000000e+00 3.678828902601355644e+00
0.000000000000000000e+00 3.001146981519501544e+00
0.000000000000000000e+00 3.843202395667574933e+00
2.000000000000000000e+00 4.661452262811835112e+00
2.000000000000000000e+00 4.541800123513159093e+00
1.000000000000000000e+00 1.038261713308096246e+00
0.000000000000000000e+00 4.206330139733071682e+00
0.000000000000000000e+00 2.732668650540224675e+00
0.000000000000000000e+00 1.403921384891753332e+00
1.000000000000000000e+00 3.059121708411294271e+00
1.000000000000000000e+00 1.809833132982871184e+00
2.000000000000000000e+00 3.967079042872700079e+00
0.000000000000000000e+00 1.720215438016446496e+00
0.000000000000000000e+00 2.371648024416214362e+00
2.000000000000000000e+00 4.133953294798872413e+00
0.000000000000000000e+00 4.988849285373292197e+00
2.000000000000000000e+00 3.214994177060041647e+00
2.000000000000000000e+00 4.119489329895067442e+00
2.000000000000000000e+00 3.178982726406204495e+00
1.000000000000000000e+00 2.589180257523957529e+00
2.000000000000000000e+00 3.750734783199015876e+00
1.000000000000000000e+00 4.338256036892477852e+00
1.000000000000000000e+00 1.403800387496217050e+00
0.000000000000000000e+00 4.358143318985073122e+00
1.000000000000000000e+00 2.134253634859450965e+00
0.000000000000000000e+00 3.959161237141398004e+00
2.000000000000000000e+00 2.610416694347988287e+00
2.000000000000000000e+00 4.137692618112264853e+00
1.000000000000000000e+00 3.703948595872876837e-01
1.000000000000000000e+00 5.184040119633197996e+00
2.000000000000000000e+00 1.039435159391260521e+00
2.000000000000000000e+00 3.302820875794506783e+00
1.000000000000000000e+00 8.680951293833417681e-01
0.000000000000000000e+00 3.180828155511700395e+00
1.000000000000000000e+00 3.489228378070007963e+00
1.000000000000000000e+00 3.386516425772083227e+00
2.000000000000000000e+00 3.230002061015710968e+00
1.000000000000000000e+00 5.021640040833378116e+00
2.000000000000000000e+00 5.237165551372048533e+00
1.000000000000000000e+00 2.632265854925380566e+00
0.000000000000000000e+00 2.239049668486908562e+00
0.000000000000000000e+00 2.343013076146939433e+00
2.000000000000000000e+00 2.217669580527141360e+00
1.000000000000000000e+00 4.546696236316005724e+00
0.000000000000000000e+00 1.653612019274611766e-01
1.000000000000000000e+00 1.644193158693005419e+00
2.000000000000000000e+00 2.456435870003020217e+00
0.000000000000000000e+00 3.808641235262061553e+00
1.000000000000000000e+00 2.127491585611605895e+00
1.000000000000000000e+00 1.298848630529834791e+00
1.000000000000000000e+00 4.014118261098402307e+00
2.000000000000000000e+00 1.146630898798153719e+00
0.000000000000000000e+00 2.987369049792901965e+00
1.000000000000000000e+00 5.692151028026698256e+00
2.000000000000000000e+00 2.070167795156246271e+00
1.000000000000000000e+00 4.318847316844691697e+00
1.000000000000000000e+00 5.693120290619712698e+00
0.000000000000000000e+00 1.140556182368576366e+00
0.000000000000000000e+00 3.991520218715113533e+00
0.000000000000000000e+00 5.954341080319858204e-01
2.000000000000000000e+00 3.325618092876073906e+00
0.000000000000000000e+00 2.238384877885496671e+00
0.000000000000000000e+00 5.056244359988316894e+00
1.000000000000000000e+00 1.205404889776327204e+00
2.000000000000000000e+00 2.535873683426969727e+00
1.000000000000000000e+00 4.617411460080037777e+00
1.000000000000000000e+00 3.272721006406998256e+00
0.000000000000000000e+00 4.769749760793966509e+00
0.000000000000000000e+00 3.978382107930518163e+00
2.000000000000000000e+00 2.699212514144252673e+00
2.000000000000000000e+00 3.937443318365312805e+00
1.000000000000000000e+00 5.781903942198558077e+00
0.000000000000000000e+00 4.454601010730991351e-01
2.000000000000000000e+00 2.640607819510017329e+00
0.000000000000000000e+00 1.753614511885627891e+00
1.000000000000000000e+00 3.836822417652274275e+00
0.000000000000000000e+00 3.195657370411848497e+00
2.000000000000000000e+00 3.041773046752331844e+00
1.000000000000000000e+00 4.130888726954660140e-01
1.000000000000000000e+00 2.143925428783403753e+00
1.000000000000000000e+00 3.540688270759406731e+00
1.000000000000000000e+00 4.855521698854772694e+00
0.000000000000000000e+00 3.751604760577808229e+00
0.000000000000000000e+00 2.156374761130565698e+00
0.000000000000000000e+00 3.607925360993521124e+00
1.000000000000000000e+00 4.111777345735586842e+00
2.000000000000000000e+00 3.194295722067841847e+00
0.000000000000000000e+00 5.953714423408422718e-01
1.000000000000000000e+00 2.256976734250277783e+00
2.000000000000000000e+00 1.519665070581175170e+00
0.000000000000000000e+00 4.815296231345080002e+00
2.000000000000000000e+00 4.231043606021428261e+00
2.000000000000000000e+00 3.968749668006338105e+00
2.000000000000000000e+00 2.188212075516612121e+00
2.000000000000000000e+00 1.477849037689378919e+00
1.000000000000000000e+00 1.850607246717790977e+00
0.000000000000000000e+00 3.789069487502488620e+00
1.000000000000000000e+00 4.864717429016757855e+00
0.000000000000000000e+00 4.185993877749164760e+00
2.000000000000000000e+00 2.625992979744064648e+00
1.000000000000000000e+00 2.785362083164916847e+00
2.000000000000000000e+00 2.962516714420880160e+00
2.000000000000000000e+00 1.468511257695200189e+00
1.000000000000000000e+00 1.819596758934217906e+00
1.000000000000000000e+00 6.953937660115252495e-01
2.000000000000000000e+00 2.003287976029172857e+00
1.000000000000000000e+00 1.353028871367668140e+00
2.000000000000000000e+00 4.873268992613439821e+00
0.000000000000000000e+00 2.563455854895417385e+00
1.000000000000000000e+00 3.657497707794460151e+00
1.000000000000000000e+00 1.603773704171142844e+00
2.000000000000000000e+00 4.141089848659161632e+00
1.000000000000000000e+00 4.958489622034467637e+00
0.000000000000000000e+00 3.222094930358069043e+00
2.000000000000000000e+00 3.953202668419624199e+00
1.000000000000000000e+00 5.531303050348483907e-01
0.000000000000000000e+00 1.559079143185219340e+00
1.000000000000000000e+00 1.285642292959481292e+00
1.000000000000000000e+00 4.611133923287599856e+00
2.000000000000000000e+00 2.300769943285581931e+00
0.000000000000000000e+00 8.182036178445407926e-02
2.000000000000000000e+00 2.479281247139122790e+00
0.000000000000000000e+00 4.506720740208841391e+00
0.000000000000000000e+00 3.862276155630185670e+00
2.000000000000000000e+00 3.065833381425668858e+00
0.000000000000000000e+00 5.072549081326288345e+00
0.000000000000000000e+00 4.640764557141385360e+00
1.000000000000000000e+00 3.865910376401522797e+00
2.000000000000000000e+00 5.913543039690656755e+00
1.000000000000000000e+00 4.993699055899092798e+00
0.000000000000000000e+00 1.077584185836330866e+00
2.000000000000000000e+00 3.789853050887585617e+00
2.000000000000000000e+00 2.897268559051486836e+00
1.000000000000000000e+00 2.423773274026735258e+00
2.000000000000000000e+00 9.340323515711010938e-01
0.000000000000000000e+00 7.043692391471783054e-01
0.000000000000000000e+00 3.645366461154538218e+00
2.000000000000000000e+00 3.716356858235579708e+00
0.000000000000000000e+00 4.501252026838322706e+00
2.000000000000000000e+00 1.168531749089732674e+00
0.000000000000000000e+00 7.044627397470986097e-01
2.000000000000000000e+00 9.384382261827226568e-01
0.000000000000000000e+00 1.509263088306833200e+00
2.000000000000000000e+00 2.185929087402232351e+00
2.000000000000000000e+00 1.818134877253623438e+00
2.000000000000000000e+00 1.571160436008882222e+00
2.000000000000000000e+00 4.428354480441455188e+00
1.000000000000000000e+00 4.685486478360764373e+00
2.000000000000000000e+00 1.146746406403489127e+00
1.000000000000000000e+00 2.282336535935018507e+00
2.000000000000000000e+00 3.394350146331453821e+00
0.000000000000000000e+00 2.848737169497005617e+00
1.000000000000000000e+00 5.527252121158499953e+00
0.000000000000000000e+00 2.088502653416903332e+00
1.000000000000000000e+00 3.505466482404973494e+00
1.000000000000000000e+00 3.411480585675770616e+00
1.000000000000000000e+00 2.046121089464923326e+00
0.000000000000000000e+00 3.325601975648980968e+00
2.000000000000000000e+00 3.134953929095539493e+00
1.000000000000000000e+00 9.502376892982530299e-01
2.000000000000000000e+00 1.780418100024015127e+00
1.000000000000000000e+00 1.271584848643086074e+00
2.000000000000000000e+00 2.672132382129806416e+00
1.000000000000000000e+00 8.114684167959489436e-01
2.000000000000000000e+00 2.757652726477886951e+00
2.000000000000000000e+00 2.663088644462066057e+00
1.000000000000000000e+00 1.983471781715776538e+00
1.000000000000000000e+00 2.451328402117638028e+00
2.000000000000000000e+00 3.386459116421717264e-01
1.000000000000000000e+00 3.799939153747256437e+00
2.000000000000000000e+00 3.451442599293876423e+00
0.000000000000000000e+00 2.926293535931834278e+00
1.000000000000000000e+00 5.103680612652561344e+00
2.000000000000000000e+00 9.991681399624994242e-01
1.000000000000000000e+00 1.383071206850070123e+00
1.000000000000000000e+00 2.850808795163197296e+00
1.000000000000000000e+00 2.299693744288736408e+00
1.000000000000000000e+00 5.703880291647407397e+00
2.000000000000000000e+00 2.931593608642815152e+00
2.000000000000000000e+00 1.694811702245683227e+00
0.000000000000000000e+00 1.787884470611802668e+00
1.000000000000000000e+00 2.532893944748993764e+00
2.000000000000000000e+00 4.898457260277832681e+00
2.000000000000000000e+00 1.580814970295896460e+00
1.000000000000000000e+00 4.663419429357682056e+00
1.000000000000000000e+00 4.172761043998678865e+00
2.000000000000000000e+00 4.634948031040774019e+00
1.000000000000000000e+00 7.525858261148906658e-01
2.000000000000000000e+00 5.097614501881752247e+00
1.000000000000000000e+00 3.999927869429713567e+00
2.000000000000000000e+00 1.677006591351339893e+00
1.000000000000000000e+00 3.814711614603715439e+00
2.000000000000000000e+00 5.746404851262705726e+00
0.000000000000000000e+00 1.620408075725033648e+00
2.000000000000000000e+00 3.481438272918969457e+00
0.000000000000000000e+00 2.040756088670725443e+00
1.000000000000000000e+00 3.605142214998651617e+00
1.000000000000000000e+00 4.142944892506037924e+00
1.000000000000000000e+00 1.184594020676430270e+00
1.000000000000000000e+00 3.505682741443139516e+00
2.000000000000000000e+00 4.420025106427597272e+00
2.000000000000000000e+00 5.531338300829535370e+00
0.000000000000000000e+00 3.077785316870576438e+00
0.000000000000000000e+00 8.414957093575134994e-01
0.000000000000000000e+00 3.106100253084633778e+00
1.000000000000000000e+00 1.024913139549224361e+00
2.000000000000000000e+00 4.306617563918234914e+00
0.000000000000000000e+00 3.345611425080104784e+00
0.000000000000000000e+00 3.590869994662936993e+00
1.000000000000000000e+00 4.937891046672883810e+00
2.000000000000000000e+00 2.980433786592549428e+00
1.000000000000000000e+00 3.308150055175461901e+00
2.000000000000000000e+00 2.458596438481547075e+00
0.000000000000000000e+00 1.885576465835364202e+00
1.000000000000000000e+00 4.093385759723406458e+00
1.000000000000000000e+00 5.159028087214726277e+00
2.000000000000000000e+00 2.810537038247992392e+00
1.000000000000000000e+00 4.963926412007357847e+00
0.000000000000000000e+00 1.898586536903110744e+00
1.000000000000000000e+00 4.314113915546220035e+00
2.000000000000000000e+00 1.144876122872029889e+00
0.000000000000000000e+00 2.202633721547279766e+00
1.000000000000000000e+00 3.942574809424681970e+00
1.000000000000000000e+00 3.208850638797385635e+00
2.000000000000000000e+00 1.696126372654797043e+00
1.000000000000000000e+00 3.026349596683869159e+00
2.000000000000000000e+00 3.613124783169755272e+00
1.000000000000000000e+00 6.574885179859653039e-01
1.000000000000000000e+00 1.149960679767266347e+00
1.000000000000000000e+00 2.797964370170796577e+00
1.000000000000000000e+00 1.163628988350964066e+00
0.000000000000000000e+00 3.709392966051519913e+00
0.000000000000000000e+00 3.873003549548575730e+00
2.000000000000000000e+00 2.885996992462161348e+00
2.000000000000000000e+00 4.125751979973784955e+00
0.000000000000000000e+00 4.296861686225588173e+00
1.000000000000000000e+00 1.395402402443793211e+00
1.000000000000000000e+00 4.441115935469855280e+00
2.000000000000000000e+00 2.400791558501567557e+00
1.000000000000000000e+00 1.288822291356277239e+00
1.000000000000000000e+00 4.174003647200188460e+00
1.000000000000000000e+00 1.823876765941053968e+00
1.000000000000000000e+00 2.632477710186558184e+00
2.000000000000000000e+00 1.150879113592404579e+00
2.000000000000000000e+00 1.795672425724218257e+00
1.000000000000000000e+00 3.872405051860475567e+00
1.000000000000000000e+00 4.627888721630636581e+00
0.000000000000000000e+00 3.758116613066025735e+00
1.000000000000000000e+00 1.534363870248793837e+00
1.000000000000000000e+00 3.430599686733804887e+00
1.000000000000000000e+00 5.326505725743509778e+00
1.000000000000000000e+00 2.902611804368737225e+00
0.000000000000000000e+00 2.514747216858419954e+00
1.000000000000000000e+00 3.640023917518455221e+00
0.000000000000000000e+00 1.227636035389202629e+00
0.000000000000000000e+00 2.637939584927103898e+00
0.000000000000000000e+00 1.277970950773413605e+00
1.000000000000000000e+00 4.138348375820651626e+00
1.000000000000000000e+00 2.253791623793106325e-01
0.000000000000000000e+00 1.782614057520843343e+00
2.000000000000000000e+00 2.460362584572667100e+00
2.000000000000000000e+00 1.374458246412214146e+00
2.000000000000000000e+00 2.260875323576766682e+00
0.000000000000000000e+00 3.210717123203772339e+00
0.000000000000000000e+00 2.075208842860227776e+00
0.000000000000000000e+00 3.093182891095921594e+00
1.000000000000000000e+00 2.318803623035437411e+00
2.000000000000000000e+00 1.155474522649162505e+00
1.000000000000000000e+00 1.312895156196018487e+00
0.000000000000000000e+00 4.003494321823747093e+00
0.000000000000000000e+00 5.010526249298368207e+00
0.000000000000000000e+00 2.696752183769881128e+00
1.000000000000000000e+00 3.407570687448036484e+00
2.000000000000000000e+00 2.073389083466378846e+00
1.000000000000000000e+00 2.951420604148910609e+00
0.000000000000000000e+00 1.610407433280623968e+00
2.000000000000000000e+00 5.307404916263100070e+00
0.000000000000000000e+00 3.400468857659820543e+00
1.000000000000000000e+00 6.107359448944361668e-01
0.000000000000000000e+00 4.333962203041023642e+00
0.000000000000000000e+00 3.655266454508540708e+00
0.000000000000000000e+00 2.464130425261795487e+00
1.000000000000000000e+00 1.322462018211039592e+00
0.000000000000000000e+00 8.351995162065234402e-01
1.000000000000000000e+00 3.341287866631158732e+00
2.000000000000000000e+00 2.893894836869566056e+00
0.000000000000000000e+00 4.463747680201340273e+00
2.000000000000000000e+00 4.322087575366984069e+00
2.000000000000000000e+00 2.388793988181170391e-01
1.000000000000000000e+00 2.638131811923423165e+00
1.000000000000000000e+00 5.396061937356042115e+00
0.000000000000000000e+00 2.129557013427528123e+00
2.000000000000000000e+00 3.176247306181377184e+00
1.000000000000000000e+00 1.561786663503591965e+00
2.000000000000000000e+00 4.461235127926227229e+00
0.000000000000000000e+00 2.136984411925513694e+00
2.000000000000000000e+00 1.690374352252056456e+00
2.000000000000000000e+00 2.058810130464039378e+00
1.000000000000000000e+00 4.075073556814579057e+00
0.000000000000000000e+00 4.299756735193939861e+00
2.000000000000000000e+00 3.389537781520543636e+00
0.000000000000000000e+00 2.346562211728764780e+00
0.000000000000000000e+00 5.071407694435279723e+00
0.000000000000000000e+00 3.836004915784574365e+00
0.000000000000000000e+00 2.705154880126523942e+00
0.000000000000000000e+00 9.970643632285278724e-01
0.000000000000000000e+00 5.612860491211358882e-01
2.000000000000000000e+00 2.106166801447769910e+00
0.000000000000000000e+00 3.627829066089222732e+00
1.000000000000000000e+00 5.158331166969810866e+00
0.000000000000000000e+00 6.042257602061393840e-01
2.000000000000000000e+00 1.191538092646311275e+00
1.000000000000000000e+00 1.634245505602592408e+00
0.000000000000000000e+00 5.024677397977987958e+00
2.000000000000000000e+00 2.112846654439462846e+00
0.000000000000000000e+00 4.058413629038533088e+00
0.000000000000000000e+00 2.561212834138002936e+00
2.000000000000000000e+00 4.966878267001386682e+00
0.000000000000000000e+00 1.824960378058620991e+00
2.000000000000000000e+00 5.060021620697939149e+00
2.000000000000000000e+00 4.699693049079159302e+00
1.000000000000000000e+00 4.165755265883767322e+00
0.000000000000000000e+00 4.316822814240626194e+00
0.000000000000000000e+00 3.163462467897034003e+00
1.000000000000000000e+00 3.202011215710734771e+00
2.000000000000000000e+00 4.648266356595184057e+00
2.000000000000000000e+00 4.137739297888082923e+00
2.000000000000000000e+00 4.433319074472800381e+00
2.000000000000000000e+00 2.185570044449229865e+00
1.000000000000000000e+00 2.989305812702400811e+00
2.000000000000000000e+00 2.552947319548395377e+00
2.000000000000000000e+00 1.879295926783103976e+00
1.000000000000000000e+00 3.170857458575650156e+00
1.000000000000000000e+00 2.942381783170040510e+00
0.000000000000000000e+00 3.573426104380718282e+00
0.000000000000000000e+00 1.928636810025603054e+00
2.000000000000000000e+00 1.914399042863444311e+00
0.000000000000000000e+00 4.463628975259088527e+00
0.000000000000000000e+00 2.913373982380259353e+00
2.000000000000000000e+00 1.735577301313736109e+00
1.000000000000000000e+00 4.364033641617186987e+00
2.000000000000000000e+00 3.313681453850036540e+00
0.000000000000000000e+00 1.091770421930315260e+00
2.000000000000000000e+00 3.420496697615575066e+00
2.000000000000000000e+00 3.482901401047180379e+00
2.000000000000000000e+00 1.334990451473148543e+00
1.000000000000000000e+00 2.341746256402644999e+00
0.000000000000000000e+00 1.743198880196763723e+00
0.000000000000000000e+00 4.310474608801928120e+00
0.000000000000000000e+00 4.618283249592071371e+00
2.000000000000000000e+00 2.453448117195381251e+00
1.000000000000000000e+00 1.397387550896951103e+00
0.000000000000000000e+00 1.089973376417843420e+00
0.000000000000000000e+00 1.363656661048616936e+00
2.000000000000000000e+00 1.769044718970816721e+00
0.000000000000000000e+00 2.346785862946835444e+00
0.000000000000000000e+00 1.898955190693601969e+00
2.000000000000000000e+00 4.313388243776679509e+00
2.000000000000000000e+00 2.263214096249814400e+00
0.000000000000000000e+00 2.905041544999710457e+00
2.000000000000000000e+00 3.776575272973540898e+00
1.000000000000000000e+00 2.083644401066904628e+00
0.000000000000000000e+00 3.579110290545219009e+00
1.000000000000000000e+00 2.442317511354159087e+00
1.000000000000000000e+00 3.905421414134296221e+00
1.000000000000000000e+00 3.662240147658568645e+00
2.000000000000000000e+00 1.396444997199568272e+00
0.000000000000000000e+00 3.204195309940479852e+00
2.000000000000000000e+00 3.408114245258571540e+00
0.000000000000000000e+00 1.524499906590676801e+00
0.000000000000000000e+00 5.689255965397238768e+00
0.000000000000000000e+00 2.057793863956019820e+00
2.000000000000000000e+00 1.664130129114280043e+00
0.000000000000000000e+00 1.923868554288384214e+00
1.000000000000000000e+00 8.072599169976006905e-01
2.000000000000000000e+00 4.578571713658457831e+00
1.000000000000000000e+00 3.221313659612290881e+00
0.000000000000000000e+00 2.792803814872891088e+00
2.000000000000000000e+00 6.845212273797443014e-01
2.000000000000000000e+00 4.709933900642305993e+00
2.000000000000000000e+00 1.896698154832804573e+00
0.000000000000000000e+00 4.566300725583074538e+00
0.000000000000000000e+00 2.979779253254237315e+00
2.000000000000000000e+00 4.378506255234651867e+00
1.000000000000000000e+00 4.000925902800725353e+00
0.000000000000000000e+00 1.456577739266104343e+00
2.000000000000000000e+00 1.503050935225218376e+00
1.000000000000000000e+00 3.637038263605828714e+00
2.000000000000000000e+00 5.032408149356552229e+00
1.000000000000000000e+00 2.435421348304334987e+00
2.000000000000000000e+00 2.962036214721084804e+00
2.000000000000000000e+00 3.150411530638871582e+00
0.000000000000000000e+00 4.419875185116122651e+00
2.000000000000000000e+00 3.258635277568608490e+00
0.000000000000000000e+00 4.613837732777828493e-01
0.000000000000000000e+00 2.819488587866287865e+00
2.000000000000000000e+00 4.867793461670189004e-01
2.000000000000000000e+00 5.615817716925728398e+00
2.000000000000000000e+00 2.867635984975616559e+00
1.000000000000000000e+00 3.250701207775373636e+00
2.000000000000000000e+00 1.051573276422453462e+00
2.000000000000000000e+00 3.852613340037192469e+00
0.000000000000000000e+00 1.694201563340986594e+00
0.000000000000000000e+00 2.799246185189953273e+00
1.000000000000000000e+00 9.126349820370586174e-01
1.000000000000000000e+00 4.297800970141153698e+00
2.000000000000000000e+00 2.504919118736770756e+00
0.000000000000000000e+00 2.936195120815843218e+00
1.000000000000000000e+00 2.234464655361833696e+00
1.000000000000000000e+00 2.183056624485625097e+00
2.000000000000000000e+00 2.380426678209425440e+00
2.000000000000000000e+00 2.369701186546726568e+00
2.000000000000000000e+00 8.292789654213864603e-01
0.000000000000000000e+00 1.073713223229804781e+00
2.000000000000000000e+00 2.353573765223672343e+00
2.000000000000000000e+00 4.223097074215146129e+00
2.000000000000000000e+00 3.549526827077401858e+00
0.000000000000000000e+00 9.320765704372883098e-01
2.000000000000000000e+00 4.575853188509684699e+00
0.000000000000000000e+00 3.605140371579099945e+00
1.000000000000000000e+00 4.314299614229315516e+00
2.000000000000000000e+00 1.931661053467475631e+00
1.000000000000000000e+00 6.070448682769911564e+00
2.000000000000000000e+00 3.579567435139848985e+00
1.000000000000000000e+00 9.877030034393158298e-01
2.000000000000000000e+00 7.624306020443841758e-01
2.000000000000000000e+00 1.878330808924073558e+00
1.000000000000000000e+00 2.142308098779988956e+00
2.000000000000000000e+00 4.509269125915945864e+00
1.000000000000000000e+00 1.918695614970165719e+00
2.000000000000000000e+00 1.646142665499114921e+00
2.000000000000000000e+00 3.560773925675714047e+00
2.000000000000000000e+00 5.626824619703443275e-01
1.000000000000000000e+00 3.991838290203794326e+00
0.000000000000000000e+00 3.780110499693283277e+00
2.000000000000000000e+00 2.709391011966713947e+00
1.000000000000000000e+00 3.577858574053695673e+00
1.000000000000000000e+00 2.552941355222735353e-01
0.000000000000000000e+00 1.516396057701390632e+00
0.000000000000000000e+00 2.227140096892227916e+00
2.000000000000000000e+00 3.214234717348857906e+00
0.000000000000000000e+00 1.972925597800555542e+00
0.000000000000000000e+00 3.811245748195898120e+00
2.000000000000000000e+00 2.217959224923995443e+00
0.000000000000000000e+00 4.307774416598610046e+00
2.000000000000000000e+00 4.151638856790458298e+00
0.000000000000000000e+00 2.658213800611473943e+00
1.000000000000000000e+00 2.044306018420659399e+00
1.000000000000000000e+00 4.423207155325720841e+00
0.000000000000000000e+00 1.775805255092929968e+00
1.000000000000000000e+00 1.256520758180630137e+00
2.000000000000000000e+00 4.026009450014707447e+00
1.000000000000000000e+00 1.891735130340210569e+00
0.000000000000000000e+00 2.810470614988335392e+00
1.000000000000000000e+00 3.851348353505003264e+00
1.000000000000000000e+00 3.683618473894138212e+00
1.000000000000000000e+00 3.271376898469798178e+00
0.000000000000000000e+00 5.137411346746444396e-01
1.000000000000000000e+00 3.486230765295989187e+00
0.000000000000000000e+00 5.036713953702519397e+00
2.000000000000000000e+00 2.328897389451081601e+00
0.000000000000000000e+00 2.929842500005883199e+00
0.000000000000000000e+00 1.937612482615196585e+00
1.000000000000000000e+00 4.243410060521799032e+00
0.000000000000000000e+00 1.324325049385858932e+00
2.000000000000000000e+00 1.394740060301642215e+00
0.000000000000000000e+00 3.778326132828321970e+00
0.000000000000000000e+00 2.700240700569796815e+00
0.000000000000000000e+00 2.696988104842368283e+00
1.000000000000000000e+00 2.144166530180258601e+00
0.000000000000000000e+00 4.808449147718413919e+00
0.000000000000000000e+00 1.459102201416472733e+00
2.000000000000000000e+00 1.318071479523691636e+00
0.000000000000000000e+00 1.232638180085586121e+00
0.000000000000000000e+00 1.121545388936279197e+00
1.000000000000000000e+00 2.914046729668114288e+00
1.000000000000000000e+00 2.987340958418075676e+00
2.000000000000000000e+00 4.012607412226251391e+00
2.000000000000000000e+00 4.127799329062725953e+00
