-6.815903656101898633e+00 8.352546816317456546e+00
-5.137339462430787762e+00 7.408733377172605827e+00
-1.083317899104785020e+01 2.701078603815988188e+00
9.337324621449171858e+00 1.566674927998429778e+00
-8.834818268292414345e+00 3.629749272848473485e+00
1.150326065843077927e+01 1.231222277177282498e+00
-7.139701782052369161e+00 3.918094634881288396e+00
1.477961760554371118e+00 8.732271313143078473e+00
1.886382994913696098e+00 1.026611377432720218e+01
-1.127024698234500377e+01 7.232613331867800976e-01
-7.556418852446329382e-01 1.079526531210813900e+01
-5.668871079016821746e+00 9.252264484526399713e+00
9.066305973340572422e+00 4.545949073671010088e-01
5.388255006206126296e+00 8.696162246149453878e+00
5.185476383655001520e+00 9.195978119128493944e+00
-3.963791630436857005e+00 7.622054112492496536e+00
-3.188795981083101694e+00 7.771306976478025597e+00
5.164546582813347442e+00 7.670075539301450362e+00
-7.579104965931527715e+00 4.423387236827519331e+00
-3.605168618683217918e+00 1.000597126295740402e+01
8.208453523642434968e-01 1.143585616917268410e+01
-5.896673140281706083e+00 7.410549041767867884e+00
-7.918545545137563479e+00 7.647708288322751180e+00
-7.258313864641097624e+00 8.360917214588905466e+00
3.437291192060295320e+00 1.147517929264341241e+01
3.682557153541221151e+00 8.837883486038032643e+00
7.936446485035469678e+00 5.896088107898366459e+00
-9.537020103099340673e+00 6.407177220550693830e-01
-9.621530830306440407e+00 7.104162770216861489e+00
-7.849310177795277177e+00 3.372195441343709632e+00
1.110972987204461404e+01 4.005824075016412245e+00
9.194679330731217348e+00 6.385640275454752768e+00
-4.067782681012582557e+00 7.286288720631924676e+00
-7.910586873334739977e+00 6.339513878941006375e+00
-6.094905380049377541e+00 5.377923640221617063e+00
3.323498086656603956e+00 9.766488221962770666e+00
-1.153767578299592600e+01 8.323837665227967753e-01
-3.463518779330973629e+00 1.134881831018013720e+01
2.965536562484893945e+00 7.881116943877934489e+00
-3.705263641473525826e+00 8.241644763277607311e+00
6.076091826316144306e+00 6.395655122626117794e+00
2.735362005600966651e+00 8.301540862006531185e+00
4.679727978105274744e+00 7.449467970572888120e+00
6.923260803070760083e+00 4.261786252765474181e+00
-8.806927003757444083e+00 3.441025016768163303e-01
1.031293073156680862e+01 4.805668437949594640e+00
-6.009361753256202476e+00 7.864230091429187830e+00
3.246260827466745380e-01 1.189554044789835707e+01
-4.790742004113505814e+00 1.065056658146143143e+01
8.540727219440427120e+00 4.971868334538048551e+00
4.716893340346095087e+00 8.744262472896327409e+00
-1.272025675110763088e-01 8.753280851701676468e+00
-3.894602614733424062e+00 8.376141499552829828e+00
8.032566193520089826e+00 4.031404733868702017e+00
-8.277247311855100875e+00 1.499692525027972900e+00
8.921438346696767496e+00 1.477259000756272256e+00
7.875326162794422657e+00 8.259613542431637256e+00
-4.018297415836585174e+00 9.863523031777903682e+00
1.065138765939413368e+01 5.153279508099313233e-01
4.333294825464360400e+00 1.055801397653357121e+01
8.201159248004893598e+00 2.254667663625248952e+00
-9.094260994870877468e+00 6.795109644077983013e+00
-6.560489320257095081e+00 6.178273213442109224e+00
1.351526405757771832e+00 1.006174979799916791e+01
1.004406891923115808e+01 7.397404132877635208e-01
-8.262392914141674538e+00 4.546928476777639005e+00
9.254082978478683330e+00 3.641782795135745321e+00
-2.409675685151448477e+00 7.682583761657372001e+00
-8.116396176977952237e+00 8.786528573490354210e-01
8.663243393543554660e+00 2.814916263702157639e+00
9.169195674290230968e+00 5.728834874205881889e+00
6.800116562248783580e+00 8.656260730903438727e+00
9.102150665188872558e-02 8.825594255729759752e+00
-1.068866134798092382e+01 2.806438674819948798e+00
1.190154322622001359e+01 5.796064709671158166e-01
-1.105112956663564461e+00 1.159008892648691180e+01
1.020821729639330222e+01 1.073757571842128389e+00
1.174901378210729952e+01 4.511607560488008484e-01
-9.488990633997060442e+00 4.508221967075778380e+00
-6.369248499457318857e+00 8.138273630579789142e+00
-8.778117939354400434e+00 5.104673011085676393e+00
2.376267132122627412e+00 8.570590236145141816e+00
-6.634467503092634111e+00 6.103567440696653357e+00
-1.137007193216325973e+01 6.157616791819342517e-01
7.852538233869404749e+00 3.726839669774837827e+00
1.246079175209565015e+00 1.103399797273846872e+01
9.513899081598323093e+00 4.662402135955549531e-01
5.311148997734294497e+00 6.461373980320934685e+00
-5.841922727866924347e+00 8.729467406168232912e+00
-8.228504747558158527e+00 7.032451381709134974e-01
-3.316953209114465118e+00 8.555696440594161345e+00
-4.355264872089736450e+00 7.840575134203057850e+00
5.641758209082359699e+00 1.008171469413473886e+01
-8.296698721968381207e+00 4.238665559520359949e+00
-2.348104586645131331e+00 1.168422780632905322e+01
-8.599065665486198995e+00 2.941980185613811027e+00
8.129299157770416784e+00 8.723334726161944275e+00
-1.122868328464060461e+01 3.268504244412455240e+00
-3.597535681949482367e+00 1.074624990658213086e+01
8.572052963142061444e+00 4.756042651566902535e+00
8.391208859454540203e+00 7.020368616084598834e+00
9.303498495822525527e+00 1.529064886062581730e+00
5.336232522881002360e+00 8.822306623678146664e+00
-9.821565076313982345e+00 1.223641891640121715e+00
-6.593099244436709583e+00 5.913598921137730002e+00
-5.487932028073560176e+00 6.861281452406617909e+00
1.143021288482153430e+01 2.368066846314140772e+00
2.354729996405891423e+00 9.068870519343125380e+00
-8.619554995734658220e+00 4.142938956025457031e+00
7.165429416628835924e+00 6.902821657858924098e+00
4.590688598428684375e-01 1.038637184343629194e+01
-9.899148013710776794e+00 1.162661228122583296e-01
-5.031741695597033548e+00 9.717621675187395169e+00
-4.610999512401057210e+00 8.419215945940241141e+00
-2.905553910123566563e+00 8.930975818124572640e+00
-7.623868927596422207e-01 8.064632664476661716e+00
7.002262731361943437e+00 6.314141387957944218e+00
-8.355231860757369233e+00 8.468473053344824919e+00
4.791527230263970871e+00 8.377154802651197940e+00
-1.058014820845332871e+01 1.129831271011207505e+00
-2.724962904574420808e+00 1.133271869163859868e+01
5.768464184201842926e+00 6.280287698705438793e+00
-3.517236135656163221e+00 8.351612754145838480e+00
-1.103326836050015691e+00 8.104131437860967679e+00
8.137527973267316028e+00 3.067754422211591780e+00
7.608098433423207574e+00 5.282131832277537242e+00
-1.104447614851696180e+00 1.152256846909890697e+01
8.678069750671747684e+00 6.144957705777850165e+00
3.602788333990664782e+00 7.462008674994729418e+00
-8.800241016663306937e+00 2.153802759128677913e+00
5.964391273928453252e+00 7.796727441918918089e+00
9.249238313890456809e+00 3.691319638452878138e+00
3.298189302020093194e+00 1.010562565905237875e+01
1.153328564232706910e+01 1.233963566687393154e+00
-9.053344206034838137e+00 1.532497997231753173e+00
-4.558676072213937225e+00 1.077996557285529278e+01
7.695137386137108848e+00 5.152644162790500637e+00
-9.416965403945791735e+00 5.826758979044809550e+00
7.371032064179948939e+00 5.885893961054307510e+00
1.117444426802334867e+01 1.380115742228184672e+00
-2.406017327311728238e+00 1.119361272034500310e+01
-8.361802692000791737e+00 4.597589378854631370e+00
-2.947917774125193180e+00 8.296113196982545901e+00
-1.090095669355533126e+01 9.563785895977987561e-01
-6.698458839583341096e+00 8.165374031147004885e+00
2.183318527791336283e+00 8.854008241339196061e+00
-5.961248740863816842e+00 9.148216766307422532e+00
-1.013770635887588867e+01 3.920702655215326793e-01
5.970730939519969915e+00 8.059138679740756928e+00
5.075011639679077646e+00 1.017679279390264924e+01
1.072678896344579691e+01 5.912682015843718775e-01
-8.848964685475504410e+00 5.640357962435292194e+00
2.764862670749731244e+00 8.267636085851142624e+00
-3.438000619120912926e+00 1.074938140959275579e+01
8.043195563625056721e+00 2.466953401220864706e+00
-1.710630419893167442e+00 9.767874488371047548e+00
-8.130125398635597023e+00 5.344742408630657415e+00
-8.632757138438288180e+00 1.044159254462053044e+00
2.911812919797586385e+00 9.579925887062703538e+00
-7.170524797466789835e+00 9.020283397379083468e+00
-1.349160121442506188e+00 8.508131728036623542e+00
-8.513779828073278821e+00 3.991633674412702781e+00
-9.726514777596808603e-01 1.046510881420393169e+01
-6.908568365428688907e+00 5.088416984966721124e+00
-2.965490232836283990e+00 9.870147343523699490e+00
-2.542521808123340943e+00 9.008621756426284932e+00
5.944711016300469053e-01 8.826451182110051974e+00
3.615903190094338360e+00 9.274132604991963902e+00
6.792638662277282968e+00 9.362159959782145435e+00
3.268314837762233971e-01 9.353584286967240757e+00
6.024607993784666604e+00 5.636776838780541254e+00
-4.178081168878921225e+00 9.168327492652244004e+00
-5.800461078142797433e+00 5.927258291791283717e+00
5.367557366415170783e+00 9.644941851422382584e+00
-1.028233394340528761e+01 5.498969836556697466e+00
8.806927856309082259e+00 1.437859876266196046e+00
8.179232315794125796e+00 1.475369803849425177e+00
9.646434876574295103e+00 3.459674628973855803e+00
-5.583150779300438238e+00 6.507307135869630166e+00
2.251920485829491003e+00 1.023984819790212875e+01
8.050521638055917251e+00 3.945505687989339538e+00
6.973065114857122104e-01 8.585372067743662683e+00
9.431399431760732810e+00 4.659953469119618497e+00
8.988194921632864931e-01 1.160089232484209809e+01
7.618658857030980336e+00 5.472621735835350165e+00
-3.366608234292654878e+00 1.056143350428315841e+01
-3.364045229349378108e+00 8.807040542874435829e+00
8.214945872095704260e+00 2.903682442736908342e+00
9.528848656410982443e+00 2.839848513958991294e+00
-1.136535251956550585e+00 9.476056423664205752e+00
6.036567475094088309e+00 8.024410511037386229e+00
-3.483687784908150675e+00 7.366201803762389311e+00
-5.743574833515392442e+00 5.987240390560163661e+00
5.117648524797095533e+00 8.969521154020746678e+00
1.643372838608811726e-01 9.296970799377897166e+00
8.497082906198784258e+00 6.233135839042188486e+00
9.175563307820114645e+00 7.558255445645944093e+00
8.941024026352046405e+00 2.716649555275632899e+00
1.139417715732329839e+01 1.746596429780450099e-01
1.980363587386706481e+00 1.045819119898180283e+01
3.983840153090745240e-01 1.073596263839884912e+01
-6.826371765575033557e+00 5.596119656816248344e+00
9.549033520584032431e+00 2.755675509842837823e+00
3.887396100775724062e+00 8.133905327144654862e+00
-2.196284157182418095e+00 8.792557354021337090e+00
8.688909538301519575e+00 2.512577930204482612e-01
6.008488840145374432e+00 8.449926360818485804e+00
-5.436161419194310618e+00 9.371418084358477785e+00
8.671378183161248643e+00 5.457070090130237361e+00
-5.899661375320826018e+00 9.388693383334102194e+00
9.969219341805590773e+00 1.309293794453377791e+00
-2.405067420316748805e+00 1.004193827347936896e+01
5.700881461870559441e+00 7.785970286722567302e+00
4.931658621131703946e+00 9.887403489608574958e+00
-9.637841596625252194e+00 5.677558130576494833e+00
-4.159153379299365128e+00 8.611454924871665639e+00
-8.761514714999799835e+00 2.678269561157908374e+00
9.251384715694447536e+00 1.444516728788283633e+00
1.073566924925918187e+01 1.625917883776664574e+00
6.995628224703778208e+00 4.885647390604331619e+00
5.113923019455701713e+00 6.586151362982280766e+00
-5.214194126628569848e+00 9.242069090706058532e+00
4.687214881562699276e+00 1.020402390257911307e+01
-7.183747940808452803e+00 7.522998775319163833e+00
-7.520154506140927175e+00 4.657096210975835149e+00
-5.739887094788385546e+00 6.345472188243317824e+00
7.357064591994849856e+00 4.276228082461090096e+00
-4.512050939269637517e+00 7.351017744067341653e+00
-8.961388995899728371e+00 1.388044928553590740e+00
-5.262683175857715945e+00 6.493956452174039384e+00
6.491808250940914959e+00 9.527111901889739443e+00
-3.723974171838033698e+00 8.942906826382721164e+00
6.914461556412580201e+00 7.943271063276495347e+00
1.062440862668344366e+00 7.941951110529060109e+00
-7.495287592539842336e+00 6.354319544865801639e+00
7.231409639999399452e+00 8.868754661886457669e+00
9.855126610513632812e+00 7.274021996074990157e-03
-3.419844260497081567e+00 8.513146668301603270e+00
9.091293284002217590e+00 7.248431006231482836e-03
-9.231371527391901921e+00 2.991895264252280029e+00
4.506281820770032809e+00 7.148209377233241568e+00
-1.565676281925292512e+00 8.686828832330958150e+00
-9.536171785943659884e+00 6.542577672992440085e+00
8.548381156444845530e+00 9.615025297012215200e-01
6.129030517847525061e+00 7.354508533670115256e+00
-2.160625348448485639e+00 1.056039445837603274e+01
8.519255338278227896e+00 7.894149371399334036e+00
-4.402000810000482822e+00 9.207858994261867380e+00
8.394900168748760549e+00 5.508303605784653278e+00
7.036174670905724682e+00 4.770376602328299853e+00
1.064263408538871936e+01 3.558268468636073489e+00
7.068395622036463877e+00 4.543520462721327036e+00
-8.299903155513712605e+00 8.388292431540836702e+00
-8.614010331754046845e+00 8.146547745457619616e-01
-3.658046581909777384e+00 9.972455418015332640e+00
3.264130547032386254e+00 1.022694172128577073e+01
-4.820200445659557964e+00 7.113181164502847764e+00
9.522757589222765162e+00 5.267304021859207985e+00
1.109586139144979455e+01 1.536841953394317617e+00
1.160314248112736202e+00 8.162067930907285884e+00
7.297114116462967814e+00 5.825564265340088532e+00
8.209932936239930257e+00 7.129523453835874269e-01
9.081876283773846481e+00 6.472266705908207740e+00
9.098648589609110715e+00 2.419780967946010719e+00
2.063025639747637086e-01 1.009243615406163386e+01
7.485816406562895153e-01 8.640306602748450970e+00
1.051691945549818819e+01 1.798911746062569206e+00
4.450948828847811178e+00 7.627265973564706592e+00
-6.868923673635789484e+00 8.128479565647765526e+00
9.523066737384331404e+00 5.629170605805749794e+00
8.305430122731285891e+00 8.315164269781325501e+00
5.806692442328185599e+00 9.655290496244095522e+00
5.916021186757206785e+00 6.703041760889696832e+00
-6.016706932627967852e+00 5.588574073312877033e+00
6.372483924021687507e+00 8.046258179465404226e+00
-9.229089514280881090e+00 5.547812757590345534e+00
-8.030888358969725971e+00 2.062250229457995854e+00
-9.543836331975755982e+00 4.194696091100403201e+00
1.113996820573633606e+01 1.994476218605546691e+00
8.156715990477014344e+00 5.111000310820865700e+00
-7.870715257250582297e+00 2.965644773837758930e+00
-2.152266812852928979e+00 1.160016237058022170e+01
-1.540419081640350019e+00 8.381137514757321938e+00
1.427080738718508490e+00 9.178186173412530735e+00
-8.140325988152588010e+00 7.882508714475851441e+00
-9.985170444586259464e+00 5.971582284325657852e+00
-6.360800189523394543e+00 7.038553149331292502e+00
7.788340134352316646e+00 7.172299683692186179e+00
-1.915530086250549768e+00 9.225028589934231249e+00
7.414807850483025042e+00 5.953543936936613434e+00
-9.357161095726258537e+00 8.017370815175788312e-01
-1.055556724289644421e+01 1.748771150510270989e-01
-8.946805832156710991e+00 2.046972584958048902e+00
8.386564277106041132e+00 1.485532750769858579e+00
-1.619190423287176328e+00 1.144844717973938053e+01
8.373428398583312671e+00 7.831940181710216997e+00
-9.158997753542090337e+00 6.078399975489078066e+00
4.493491132679527489e+00 9.223398392422804903e+00
-8.767491435462003935e+00 1.303280385903120564e+00
7.583818945383287158e+00 4.755312317762945717e+00
-5.180028978477272616e+00 7.622603580528518386e+00
-1.000927139014494216e+01 1.416688434324230972e+00
-7.884683461752398870e+00 7.096994831295441841e+00
9.290184293305024710e+00 4.167900535684870178e+00
-7.737545441331557861e+00 5.234764855449399512e+00
5.728574557290732727e+00 7.157011301071611875e+00
2.036422085909428414e+00 8.989938776264772002e+00
-7.594176890841922933e+00 9.076735210087450767e+00
-4.599684006172755524e+00 7.474066920139006420e+00
-9.883473725343577820e-01 9.694227746663495182e+00
8.441526912645981540e+00 2.261691392064936412e+00
5.396259554616122500e+00 9.509299766464465620e+00
-1.047269887636612573e+01 4.401492344247349031e+00
1.910313325803532969e+00 7.892900069815795838e+00
8.733101618521796894e+00 6.347501233055491632e+00
3.582189490724081882e+00 8.728930263583537297e+00
-8.538490987636908613e+00 6.809038759816008479e+00
-1.406482655534113224e+00 1.112137968408401001e+01
5.450825511276410351e-01 1.109679193642778827e+01
9.703853036074441718e+00 1.107330191076853598e+00
-1.051931370590186354e+01 9.603872119001461982e-01
-4.170774096719637392e+00 9.146727508062141965e+00
-6.615606533173989057e+00 6.247438724726809944e+00
-1.173628291124597922e+01 8.940375581079761380e-01
-8.810922326498937807e+00 8.698386736954974996e-01
-1.069132184017916032e+01 3.304957910958579159e+00
-8.992316147723570907e+00 5.451434783757433067e+00
-8.300593192688065614e+00 5.237396065731971362e+00
1.287955590869571454e+00 9.300641025633046510e+00
-6.442432398202149635e+00 7.758187855900898100e+00
9.908463741950201964e+00 2.664864050464436224e-02
-7.763849083269925622e+00 4.769276284379831310e+00
-1.701908145987636622e+00 1.032556373729496357e+01
8.929220872874617854e+00 6.339351025341153800e+00
-6.343484168512342869e+00 9.281101989037104261e+00
-2.536687759107572937e+00 1.075148257495952642e+01
-8.641441160927834986e+00 6.306713552460150307e-01
-8.533599390433352028e+00 2.123994097693021832e+00
3.793514009847215540e+00 7.663180649029884606e+00
-7.976744543618046634e+00 6.463380393385505407e+00
4.049924130711639592e+00 1.097011858283461194e+01
-5.497595924668686074e+00 9.787955708797932530e+00
1.121987273406693042e+01 2.038335171648235189e+00
-9.124827445496173084e+00 4.306359773746676889e-01
-1.024281288843527271e+01 2.136259168972527434e+00
5.623372500917210637e+00 6.814387102457096113e+00
3.429343749146821718e+00 7.622973715732297428e+00
-4.864446462935885229e+00 8.744078156292898640e+00
3.238596198401237469e+00 7.722844843822909588e+00
-1.133587127646065729e-01 1.161534876285951157e+01
5.636637399582994590e+00 6.457241433269958364e+00
-3.323003296479669189e+00 9.958925161333594289e+00
-2.439525927783474213e+00 1.046814196042968170e+01
8.641018036869434482e+00 8.024047035939775085e+00
1.024275278218483365e+01 2.788380369354166444e+00
-8.324093850680025497e+00 1.106176672907420278e+00
-7.185592347875796371e+00 6.208206615883381296e+00
-2.037243888023012595e+00 8.077340003971704263e+00
-6.957192212039781332e+00 8.916425422560429581e+00
-8.652834968484642175e+00 1.780652397231811568e+00
1.232145580989112005e-01 1.100880572538129343e+01
8.463777795178163643e+00 5.320384787300037610e-01
-3.507915058605691083e+00 1.145792776920240108e+01
-9.292395800978804132e+00 5.249605394876534881e+00
2.601670337809423916e+00 9.227516240324272090e+00
-4.218151097465162813e+00 8.851553238943425939e+00
2.592999790959979456e-01 8.735133194083955388e+00
6.347517467267404179e+00 6.344578260528532354e+00
-9.782358592119720697e+00 5.689106140988009486e+00
-9.902140441574752927e+00 6.537198014741136820e-01
-7.067580563566429497e+00 9.112769488288691377e+00
-1.630718789171088146e+00 1.185197697139395245e+01
9.020821671548834075e+00 6.003131369009699903e+00
-9.432882537427991210e+00 4.479735476793610616e+00
-7.040995783678791753e+00 5.020308388404593813e+00
-2.052606326525537650e+00 1.079543020587684410e+01
-1.009564841556728609e+01 6.260429703495381304e+00
-1.025683654999136785e+01 4.794204307299453127e+00
-5.109977845174033639e+00 9.283273156621943301e+00
-2.340796806813426389e+00 7.880119626378931486e+00
-7.495168973802005752e+00 7.452311189842659722e+00
2.869222741813015176e+00 1.041789361945261838e+01
9.290929387922711058e+00 6.649774599808737641e+00
-6.098582249205059647e+00 7.452474118707690387e+00
1.005693616493313058e+01 6.449814544518363668e+00
6.863770001675140620e+00 8.563706446681553786e+00
1.148487751744800534e+01 3.308480075420130451e+00
-1.800300551172013375e+00 1.052073190904344102e+01
-5.529494900763525678e+00 6.178554803043903476e+00
2.600309937194527965e+00 9.388463069486371992e+00
-8.946768205932782436e+00 3.271789745962863094e+00
-1.165751483072465433e+01 4.228013634492127498e-02
-1.011078223992176994e+01 5.762929472441480350e+00
8.102543996578522867e-01 9.944855005341182164e+00
-6.643261850191572115e+00 5.545103811013794903e+00
7.856887137209833227e+00 4.147172359197579539e+00
-5.148945270614585290e+00 8.096962195964495734e+00
8.516919870495907929e+00 8.090519391228223611e+00
-8.967742012451417111e+00 1.953230388925740080e+00
-5.305751788349647446e-01 8.914496748186309105e+00
3.904493877231375532e+00 9.643245478202663534e+00
1.001757500590082062e+00 1.012105965108828443e+01
-1.069233381364929869e+01 7.528786076850128017e-01
-8.809363918443215979e+00 7.625316153680708808e+00
-5.171532099092348567e+00 9.227193978585610523e+00
7.183565972486505302e+00 8.761651604947665817e+00
-9.154188810500121676e+00 3.457511527776644833e+00
4.133642553215052251e-01 8.660786559177303445e+00
1.070185933159210734e+01 2.265898003769462932e+00
-5.743055833098631879e+00 1.050848246620293303e+01
1.059361392097544652e+01 4.560024885630226343e+00
2.135486207734774933e+00 9.179910653276998289e+00
-3.910126111192275822e+00 1.007032020897264957e+01
-5.121802201632137397e+00 7.686167312216975134e+00
2.044633054030903896e+00 7.960113503439381510e+00
-8.645648219348405661e+00 5.042798091697459739e+00
-1.115843740793404137e+01 4.324665920302944500e+00
-8.200006492437444949e-01 9.055358176535650117e+00
4.810993263247414831e+00 9.614941423650179786e+00
-3.671131345296130721e+00 9.471910520039301673e+00
5.341368604641375306e+00 6.470507979320904823e+00
-5.612585052829925994e-03 1.022586398104014371e+01
-4.593325455393338252e+00 1.023922997309448490e+01
-9.908840134474930395e+00 3.989766063233580073e+00
-9.345799056298199403e+00 7.299837454385146529e+00
8.568559627400372136e+00 4.060959082635434925e+00
5.517568826065521570e+00 8.260479330565829059e+00
1.693074892299657241e+00 9.348256144666525103e+00
-5.827596336323135340e+00 6.163090444923036593e+00
1.002929396468722345e+01 3.632352811057762310e+00
1.035846384697896738e+01 5.031753973677990821e+00
-8.712166423688522121e-02 1.181169106419343429e+01
1.120363869250340372e+00 1.092426173935861833e+01
2.237809220314129072e-02 9.606889749911429632e+00
-9.410518816002239717e+00 4.451123547971851835e+00
5.941438083048243834e-01 1.143490634556895991e+01
3.418135080244218305e+00 9.469948354207545549e+00
-4.300742691472305701e+00 1.015374659018779546e+01
-8.889108420348859951e+00 5.447680848394765185e+00
3.762122934774009053e+00 9.834741114336136292e+00
-7.266690668502151951e+00 8.114339153030293517e+00
8.605909128235243344e+00 5.936030695003140512e-01
-1.826683317155537445e+00 1.118083290106070393e+01
5.365835631290831742e+00 1.026547261932918786e+01
-4.243425523439625202e+00 1.053489006259360394e+01
9.167866652693463791e+00 4.897552647576074669e+00
-2.329619288519945708e-01 1.004667981113872699e+01
-1.994794533366216482e+00 1.099480243885090758e+01
9.924343721500308746e+00 3.642855818287787262e+00
3.361060646756467207e+00 7.814787559448698850e+00
8.433900431323351654e+00 2.984998534968704931e+00
-1.855292196865090393e+00 8.274879684999287832e+00
-4.363342841617274814e+00 9.429300112402842160e+00
-1.328363553054179524e+00 9.746875009554123892e+00
7.098892036434352626e+00 8.729440418744589536e+00
-1.158534268610687157e+01 2.705798964429026121e+00
-2.834182028246865492e+00 1.133648287846432723e+01
1.113379068577257058e+01 2.867567740737847704e+00
8.055738064716100766e+00 5.109737967677407511e+00
-6.933022602287912228e+00 4.170168489713367954e+00
-6.936007136699127607e+00 6.390705772015024877e+00
-4.000293363174251660e+00 9.199473766698950783e+00
-9.917653644275562286e+00 5.891995805954098664e+00
-5.048814232335431029e+00 6.564261841275414788e+00
-2.678200196988631543e+00 8.355283233225616613e+00
-5.550120056443518912e+00 7.943437024492500775e+00
3.292997210308292733e+00 1.021110717910434929e+01
-8.852190906669314074e+00 2.066903949277187014e+00
1.019543786877120617e+01 5.230493413924826029e+00
9.254701693840189591e+00 5.961330401303467363e-01
-9.935940902325251400e+00 5.500481905585901998e+00
7.455140276484193862e+00 3.860642937713980594e+00
-4.827637066390029652e+00 9.689896704780631254e+00
8.351140520550863755e+00 6.770848265664731080e+00
-8.593792363039977289e+00 7.480250823350488965e+00
7.539945736010136734e+00 8.684603649553263693e+00
8.566093626642080849e+00 1.223498247286109120e+00
5.700669327299816125e+00 7.020796629376459208e+00
-8.537210264083944011e+00 5.162114068114126653e+00
8.799260561285747073e+00 1.456020061376136487e+00
-1.108105537505987748e+01 4.401026933083959092e-01
7.237821155608120671e-01 1.129932078379393978e+01
-6.586523562230195417e+00 7.010492535392281788e+00
-8.565359638591191427e+00 2.752565504142636232e+00
6.282229012531662882e+00 8.682130597776113845e+00
-7.177083168162989857e+00 4.086670301688815066e+00
2.163933185490316824e-01 8.591420452096555138e+00
-8.895533307623216146e+00 9.390340370226660793e-01
-1.098571258837165843e+01 4.043764179729150143e+00
-8.793311472217135716e+00 7.341580161314653630e+00
9.132876399452293015e+00 2.965939262114092312e+00
-1.168751450656541024e+01 1.206968178829660898e+00
-7.733545122336944466e+00 5.996539788341718413e+00
4.434551411090165152e-02 1.055036470601918452e+01
-7.162017530530106590e+00 4.963992521457899265e+00
-9.247992778491402888e+00 5.366239182867986734e+00
5.606701199386275647e+00 6.253839972375837775e+00
9.070070462352580520e+00 2.035118304652255627e+00
-4.391713648510084944e+00 7.744155352789247715e+00
3.093495904010273190e+00 8.183382810084959047e+00
3.184096343898101367e+00 -5.352546816317456546e+00
4.862660537569212238e+00 -4.408733377172605827e+00
-8.331789910478502037e-01 2.989213961840118117e-01
1.933732462144917008e+01 1.433325072001570222e+00
1.165181731707585655e+00 -6.297492728484734847e-01
2.150326065843077927e+01 1.768777722822717502e+00
2.860298217947630839e+00 -9.180946348812883961e-01
1.147796176055437201e+01 -5.732271313143078473e+00
1.188638299491369565e+01 -7.266113774327202179e+00
-1.270246982345003772e+00 2.276738666813219680e+00
9.244358114755367950e+00 -7.795265312108139000e+00
4.331128920983178254e+00 -6.252264484526399713e+00
1.906630597334057242e+01 2.545405092632898825e+00
1.538825500620612630e+01 -5.696162246149453878e+00
1.518547638365500063e+01 -6.195978119128493944e+00
6.036208369563142995e+00 -4.622054112492496536e+00
6.811204018916898306e+00 -4.771306976478025597e+00
1.516454658281334744e+01 -4.670075539301450362e+00
2.420895034068472285e+00 -1.423387236827519331e+00
6.394831381316782526e+00 -7.005971262957404022e+00
1.082084535236424294e+01 -8.435856169172684105e+00
4.103326859718293917e+00 -4.410549041767867884e+00
2.081454454862436521e+00 -4.647708288322751180e+00
2.741686135358902376e+00 -5.360917214588905466e+00
1.343729119206029488e+01 -8.475179292643412410e+00
1.368255715354122160e+01 -5.837883486038032643e+00
1.793644648503546790e+01 -2.896088107898366459e+00
4.629798969006593268e-01 2.359282277944930506e+00
3.784691696935595928e-01 -4.104162770216861489e+00
2.150689822204722823e+00 -3.721954413437096321e-01
2.110972987204461404e+01 -1.005824075016412245e+00
1.919467933073121912e+01 -3.385640275454752768e+00
5.932217318987417443e+00 -4.286288720631924676e+00
2.089413126665260023e+00 -3.339513878941006375e+00
3.905094619950622459e+00 -2.377923640221617063e+00
1.332349808665660440e+01 -6.766488221962770666e+00
-1.537675782995925999e+00 2.167616233477203114e+00
6.536481220669026371e+00 -8.348818310180137203e+00
1.296553656248489439e+01 -4.881116943877934489e+00
6.294736358526474618e+00 -5.241644763277607311e+00
1.607609182631614431e+01 -3.395655122626117794e+00
1.273536200560096709e+01 -5.301540862006531185e+00
1.467972797810527474e+01 -4.449467970572888120e+00
1.692326080307076097e+01 -1.261786252765474181e+00
1.193072996242555917e+00 2.655897498323183559e+00
2.031293073156680862e+01 -1.805668437949594640e+00
3.990638246743797524e+00 -4.864230091429187830e+00
1.032462608274667382e+01 -8.895540447898357073e+00
5.209257995886494186e+00 -7.650566581461431426e+00
1.854072721944042712e+01 -1.971868334538048551e+00
1.471689334034609509e+01 -5.744262472896327409e+00
9.872797432488923164e+00 -5.753280851701676468e+00
6.105397385266575938e+00 -5.376141499552829828e+00
1.803256619352008983e+01 -1.031404733868702017e+00
1.722752688144899125e+00 1.500307474972027100e+00
1.892143834669676750e+01 1.522740999243727744e+00
1.787532616279442266e+01 -5.259613542431637256e+00
5.981702584163414826e+00 -6.863523031777903682e+00
2.065138765939413190e+01 2.484672049190068677e+00
1.433329482546436040e+01 -7.558013976533571210e+00
1.820115924800489182e+01 7.453323363747510477e-01
9.057390051291225319e-01 -3.795109644077983013e+00
3.439510679742904919e+00 -3.178273213442109224e+00
1.135152640575777205e+01 -7.061749797999167910e+00
2.004406891923115808e+01 2.260259586712236590e+00
1.737607085858325462e+00 -1.546928476777639005e+00
1.925408297847868511e+01 -6.417827951357453209e-01
7.590324314848551523e+00 -4.682583761657372001e+00
1.883603823022047763e+00 2.121347142650964468e+00
1.866324339354355288e+01 1.850837362978423606e-01
1.916919567429022919e+01 -2.728834874205881889e+00
1.680011656224878180e+01 -5.656260730903438727e+00
1.009102150665188802e+01 -5.825594255729759752e+00
-6.886613479809238214e-01 1.935613251800512025e-01
2.190154322622001359e+01 2.420393529032883961e+00
8.894887043336435539e+00 -8.590088926486911802e+00
2.020821729639330044e+01 1.926242428157871611e+00
2.174901378210729774e+01 2.548839243951199318e+00
5.110093660029395579e-01 -1.508221967075778380e+00
3.630751500542681143e+00 -5.138273630579789142e+00
1.221882060645599566e+00 -2.104673011085676393e+00
1.237626713212262786e+01 -5.570590236145141816e+00
3.365532496907365889e+00 -3.103567440696653357e+00
-1.370071932163259731e+00 2.384238320818065748e+00
1.785253823386940297e+01 -7.268396697748378266e-01
1.124607917520956590e+01 -8.033997972738468718e+00
1.951389908159832487e+01 2.533759786404444991e+00
1.531114899773429450e+01 -3.461373980320934685e+00
4.158077272133075653e+00 -5.729467406168232912e+00
1.771495252441841473e+00 2.296754861829086281e+00
6.683046790885534882e+00 -5.555696440594161345e+00
5.644735127910263550e+00 -4.840575134203057850e+00
1.564175820908235970e+01 -7.081714694134738863e+00
1.703301278031618793e+00 -1.238665559520359949e+00
7.651895413354868225e+00 -8.684227806329053223e+00
1.400934334513801005e+00 5.801981438618897258e-02
1.812929915777041856e+01 -5.723334726161944275e+00
-1.228683284640604612e+00 -2.685042444124552397e-01
6.402464318050517633e+00 -7.746249906582130862e+00
1.857205296314206322e+01 -1.756042651566902535e+00
1.839120885945454020e+01 -4.020368616084598834e+00
1.930349849582252375e+01 1.470935113937418270e+00
1.533623252288100147e+01 -5.822306623678146664e+00
1.784349236860176546e-01 1.776358108359878285e+00
3.406900755563290417e+00 -2.913598921137730002e+00
4.512067971926439824e+00 -3.861281452406617909e+00
2.143021288482153608e+01 6.319331536858592280e-01
1.235472999640589187e+01 -6.068870519343125380e+00
1.380445004265341780e+00 -1.142938956025457031e+00
1.716542941662883592e+01 -3.902821657858924098e+00
1.045906885984286916e+01 -7.386371843436291940e+00
1.008519862892232055e-01 2.883733877187741879e+00
4.968258304402966452e+00 -6.717621675187395169e+00
5.389000487598942790e+00 -5.419215945940241141e+00
7.094446089876432993e+00 -5.930975818124572640e+00
9.237613107240358445e+00 -5.064632664476661716e+00
1.700226273136194521e+01 -3.314141387957944218e+00
1.644768139242630767e+00 -5.468473053344824919e+00
1.479152723026396998e+01 -5.377154802651197940e+00
-5.801482084533287065e-01 1.870168728988792495e+00
7.275037095425579636e+00 -8.332718691638598685e+00
1.576846418420184293e+01 -3.280287698705438793e+00
6.482763864343836779e+00 -5.351612754145838480e+00
8.896673163949984087e+00 -5.104131437860967679e+00
1.813752797326731780e+01 -6.775442221159178047e-02
1.760809843342320846e+01 -2.282131832277537242e+00
8.895552385148302932e+00 -8.522568469098906974e+00
1.867806975067174591e+01 -3.144957705777850165e+00
1.360278833399066478e+01 -4.462008674994729418e+00
1.199758983336693063e+00 8.461972408713220872e-01
1.596439127392845236e+01 -4.796727441918918089e+00
1.924923831389045858e+01 -6.913196384528781380e-01
1.329818930202009319e+01 -7.105625659052378751e+00
2.153328564232706910e+01 1.766036433312606846e+00
9.466557939651618625e-01 1.467502002768246827e+00
5.441323927786062775e+00 -7.779965572855292777e+00
1.769513738613710885e+01 -2.152644162790500637e+00
5.830345960542082651e-01 -2.826758979044809550e+00
1.737103206417994983e+01 -2.885893961054307510e+00
2.117444426802335045e+01 1.619884257771815328e+00
7.593982672688271762e+00 -8.193612720345003098e+00
1.638197307999208263e+00 -1.597589378854631370e+00
7.052082225874807264e+00 -5.296113196982545901e+00
-9.009566935553312561e-01 2.043621410402201022e+00
3.301541160416658904e+00 -5.165374031147004885e+00
1.218331852779133584e+01 -5.854008241339196061e+00
4.038751259136183158e+00 -6.148216766307422532e+00
-1.377063588758886681e-01 2.607929734478467321e+00
1.597073093951997080e+01 -5.059138679740756928e+00
1.507501163967907765e+01 -7.176792793902649237e+00
2.072678896344579869e+01 2.408731798415628234e+00
1.151035314524495590e+00 -2.640357962435292194e+00
1.276486267074973213e+01 -5.267636085851142624e+00
6.561999380879086630e+00 -7.749381409592755787e+00
1.804319556362505494e+01 5.330465987791352944e-01
8.289369580106832558e+00 -6.767874488371047548e+00
1.869874601364402977e+00 -2.344742408630657415e+00
1.367242861561711820e+00 1.955840745537946956e+00
1.291181291979758683e+01 -6.579925887062703538e+00
2.829475202533210165e+00 -6.020283397379083468e+00
8.650839878557494700e+00 -5.508131728036623542e+00
1.486220171926721179e+00 -9.916336744127027814e-01
9.027348522240318474e+00 -7.465108814203931686e+00
3.091431634571311093e+00 -2.088416984966721124e+00
7.034509767163715566e+00 -6.870147343523699490e+00
7.457478191876658613e+00 -6.008621756426284932e+00
1.059447110163004702e+01 -5.826451182110051974e+00
1.361590319009433792e+01 -6.274132604991963902e+00
1.679263866227728386e+01 -6.362159959782145435e+00
1.032683148377622295e+01 -6.353584286967240757e+00
1.602460799378466660e+01 -2.636776838780541254e+00
5.821918831121078775e+00 -6.168327492652244004e+00
4.199538921857202567e+00 -2.927258291791283717e+00
1.536755736641516989e+01 -6.644941851422382584e+00
-2.823339434052876129e-01 -2.498969836556697466e+00
1.880692785630908048e+01 1.562140123733803954e+00
1.817923231579412402e+01 1.524630196150574823e+00
1.964643487657429688e+01 -4.596746289738558033e-01
4.416849220699561762e+00 -3.507307135869630166e+00
1.225192048582949056e+01 -7.239848197902128746e+00
1.805052163805591903e+01 -9.455056879893395383e-01
1.069730651148571177e+01 -5.585372067743662683e+00
1.943139943176073103e+01 -1.659953469119618497e+00
1.089881949216328572e+01 -8.600892324842098091e+00
1.761865885703097945e+01 -2.472621735835350165e+00
6.633391765707345122e+00 -7.561433504283158413e+00
6.635954770650622336e+00 -5.807040542874435829e+00
1.821494587209570426e+01 9.631755726309165766e-02
1.952884865641098244e+01 1.601514860410087060e-01
8.863464748043449859e+00 -6.476056423664205752e+00
1.603656747509408831e+01 -5.024410511037386229e+00
6.516312215091849325e+00 -4.366201803762389311e+00
4.256425166484607558e+00 -2.987240390560163661e+00
1.511764852479709553e+01 -5.969521154020746678e+00
1.016433728386088120e+01 -6.296970799377897166e+00
1.849708290619878426e+01 -3.233135839042188486e+00
1.917556330782011287e+01 -4.558255445645944093e+00
1.894102402635204641e+01 2.833504447243671009e-01
2.139417715732329839e+01 2.825340357021954851e+00
1.198036358738670693e+01 -7.458191198981802827e+00
1.039838401530907497e+01 -7.735962638398849123e+00
3.173628234424966443e+00 -2.596119656816248344e+00
1.954903352058403243e+01 2.443244901571621774e-01
1.388739610077572451e+01 -5.133905327144654862e+00
7.803715842817581461e+00 -5.792557354021337090e+00
1.868890953830151958e+01 2.748742206979551739e+00
1.600848884014537532e+01 -5.449926360818485804e+00
4.563838580805689382e+00 -6.371418084358477785e+00
1.867137818316124864e+01 -2.457070090130237361e+00
4.100338624679173982e+00 -6.388693383334102194e+00
1.996921934180559077e+01 1.690706205546622209e+00
7.594932579683250751e+00 -7.041938273479368959e+00
1.570088146187055855e+01 -4.785970286722567302e+00
1.493165862113170306e+01 -6.887403489608574958e+00
3.621584033747478060e-01 -2.677558130576494833e+00
5.840846620700634872e+00 -5.611454924871665639e+00
1.238485285000200165e+00 3.217304388420916261e-01
1.925138471569444931e+01 1.555483271211716367e+00
2.073566924925918187e+01 1.374082116223335426e+00
1.699562822470377910e+01 -1.885647390604331619e+00
1.511392301945570082e+01 -3.586151362982280766e+00
4.785805873371430152e+00 -6.242069090706058532e+00
1.468721488156269928e+01 -7.204023902579113070e+00
2.816252059191547197e+00 -4.522998775319163833e+00
2.479845493859072825e+00 -1.657096210975835149e+00
4.260112905211614454e+00 -3.345472188243317824e+00
1.735706459199484897e+01 -1.276228082461090096e+00
5.487949060730362483e+00 -4.351017744067341653e+00
1.038611004100271629e+00 1.611955071446409260e+00
4.737316824142284055e+00 -3.493956452174039384e+00
1.649180825094091318e+01 -6.527111901889739443e+00
6.276025828161966302e+00 -5.942906826382721164e+00
1.691446155641257931e+01 -4.943271063276495347e+00
1.106244086266834437e+01 -4.941951110529060109e+00
2.504712407460157664e+00 -3.354319544865801639e+00
1.723140963999939856e+01 -5.868754661886457669e+00
1.985512661051363281e+01 2.992725978003925036e+00
6.580155739502918877e+00 -5.513146668301603270e+00
1.909129328400221937e+01 2.992751568993768707e+00
7.686284726080980789e-01 8.104735747719971073e-03
1.450628182077003281e+01 -4.148209377233241568e+00
8.434323718074708154e+00 -5.686828832330958150e+00
4.638282140563401157e-01 -3.542577672992440085e+00
1.854838115644484731e+01 2.038497470298778591e+00
1.612903051784752506e+01 -4.354508533670115256e+00
7.839374651551514361e+00 -7.560394458376032745e+00
1.851925533827822790e+01 -4.894149371399334036e+00
5.597999189999517178e+00 -6.207858994261867380e+00
1.839490016874876233e+01 -2.508303605784653278e+00
1.703617467090572291e+01 -1.770376602328299853e+00
2.064263408538872113e+01 -5.582684686360734894e-01
1.706839562203646210e+01 -1.543520462721327036e+00
1.700096844486287395e+00 -5.388292431540836702e+00
1.385989668245953155e+00 2.185345225454238260e+00
6.341953418090222172e+00 -6.972455418015332640e+00
1.326413054703238714e+01 -7.226941721285770726e+00
5.179799554340442036e+00 -4.113181164502847764e+00
1.952275758922276339e+01 -2.267304021859207985e+00
2.109586139144979455e+01 1.463158046605682383e+00
1.116031424811273709e+01 -5.162067930907285884e+00
1.729711411646296781e+01 -2.825564265340088532e+00
1.820993293623993026e+01 2.287047654616412462e+00
1.908187628377384470e+01 -3.472266705908207740e+00
1.909864858960911249e+01 5.802190320539892809e-01
1.020630256397476288e+01 -7.092436154061633857e+00
1.074858164065629040e+01 -5.640306602748450970e+00
2.051691945549818996e+01 1.201088253937430794e+00
1.445094882884781029e+01 -4.627265973564706592e+00
3.131076326364210516e+00 -5.128479565647765526e+00
1.952306673738433318e+01 -2.629170605805749794e+00
1.830543012273128767e+01 -5.315164269781325501e+00
1.580669244232818471e+01 -6.655290496244095522e+00
1.591602118675720590e+01 -3.703041760889696832e+00
3.983293067372032148e+00 -2.588574073312877033e+00
1.637248392402168662e+01 -5.046258179465404226e+00
7.709104857191189097e-01 -2.547812757590345534e+00
1.969111641030274029e+00 9.377497705420041463e-01
4.561636680242440178e-01 -1.194696091100403201e+00
2.113996820573633784e+01 1.005523781394453309e+00
1.815671599047701434e+01 -2.111000310820865700e+00
2.129284742749417703e+00 3.435522616224107040e-02
7.847733187147071021e+00 -8.600162370580221705e+00
8.459580918359650425e+00 -5.381137514757321938e+00
1.142708073871850871e+01 -6.178186173412530735e+00
1.859674011847411990e+00 -4.882508714475851441e+00
1.482955541374053610e-02 -2.971582284325657852e+00
3.639199810476605457e+00 -4.038553149331292502e+00
1.778834013435231753e+01 -4.172299683692186179e+00
8.084469913749449788e+00 -6.225028589934231249e+00
1.741480785048302593e+01 -2.953543936936613434e+00
6.428389042737414627e-01 2.198262918482421391e+00
-5.555672428964442133e-01 2.825122884948973123e+00
1.053194167843289009e+00 9.530274150419510981e-01
1.838656427710603936e+01 1.514467249230141421e+00
8.380809576712824338e+00 -8.448447179739380530e+00
1.837342839858331445e+01 -4.831940181710216997e+00
8.410022464579096635e-01 -3.078399975489078066e+00
1.449349113267952660e+01 -6.223398392422804903e+00
1.232508564537996065e+00 1.696719614096879436e+00
1.758381894538328538e+01 -1.755312317762945717e+00
4.819971021522727384e+00 -4.622603580528518386e+00
-9.271390144942159850e-03 1.583311565675769028e+00
2.115316538247601130e+00 -4.096994831295441841e+00
1.929018429330502471e+01 -1.167900535684870178e+00
2.262454558668442139e+00 -2.234764855449399512e+00
1.572857455729073273e+01 -4.157011301071611875e+00
1.203642208590942886e+01 -5.989938776264772002e+00
2.405823109158077067e+00 -6.076735210087450767e+00
5.400315993827244476e+00 -4.474066920139006420e+00
9.011652627465641885e+00 -6.694227746663495182e+00
1.844152691264598332e+01 7.383086079350635877e-01
1.539625955461612250e+01 -6.509299766464465620e+00
-4.726988763661257309e-01 -1.401492344247349031e+00
1.191031332580353208e+01 -4.892900069815795838e+00
1.873310161852179689e+01 -3.347501233055491632e+00
1.358218949072408144e+01 -5.728930263583537297e+00
1.461509012363091387e+00 -3.809038759816008479e+00
8.593517344465887220e+00 -8.121379684084010009e+00
1.054508255112764026e+01 -8.096791936427788272e+00
1.970385303607444172e+01 1.892669808923146402e+00
-5.193137059018635426e-01 2.039612788099853802e+00
5.829225903280362608e+00 -6.146727508062141965e+00
3.384393466826010943e+00 -3.247438724726809944e+00
-1.736282911245979221e+00 2.105962441892023751e+00
1.189077673501062193e+00 2.130161326304502722e+00
-6.913218401791603185e-01 -3.049579109585791592e-01
1.007683852276429093e+00 -2.451434783757433067e+00
1.699406807311934386e+00 -2.237396065731971362e+00
1.128795559086957212e+01 -6.300641025633046510e+00
3.557567601797850365e+00 -4.758187855900898100e+00
1.990846374195020019e+01 2.973351359495355783e+00
2.236150916730074378e+00 -1.769276284379831310e+00
8.298091854012362489e+00 -7.325563737294963573e+00
1.892922087287461608e+01 -3.339351025341153800e+00
3.656515831487657131e+00 -6.281101989037104261e+00
7.463312240892427063e+00 -7.751482574959526417e+00
1.358558839072165014e+00 2.369328644753984747e+00
1.466400609566647972e+00 8.760059023069781681e-01
1.379351400984721465e+01 -4.663180649029884606e+00
2.023255456381953366e+00 -3.463380393385505407e+00
1.404992413071163959e+01 -7.970118582834611942e+00
4.502404075331313926e+00 -6.787955708797932530e+00
2.121987273406693220e+01 9.616648283517648110e-01
8.751725545038269161e-01 2.569364022625332478e+00
-2.428128884352727113e-01 8.637408310274725665e-01
1.562337250091720975e+01 -3.814387102457096113e+00
1.342934374914682216e+01 -4.622973715732297428e+00
5.135553537064114771e+00 -5.744078156292898640e+00
1.323859619840123791e+01 -4.722844843822909588e+00
9.886641287235393705e+00 -8.615348762859511567e+00
1.563663739958299459e+01 -3.457241433269958364e+00
6.676996703520330811e+00 -6.958925161333594289e+00
7.560474072216525343e+00 -7.468141960429681703e+00
1.864101803686943271e+01 -5.024047035939775085e+00
2.024275278218483365e+01 2.116196306458335563e-01
1.675906149319974503e+00 1.893823327092579722e+00
2.814407652124203629e+00 -3.208206615883381296e+00
7.962756111976987405e+00 -5.077340003971704263e+00
3.042807787960218668e+00 -5.916425422560429581e+00
1.347165031515357825e+00 1.219347602768188432e+00
1.012321455809891191e+01 -8.008805725381293428e+00
1.846377779517816364e+01 2.467961521269996350e+00
6.492084941394308473e+00 -8.457927769202401080e+00
7.076041990211958677e-01 -2.249605394876534881e+00
1.260167033780942347e+01 -6.227516240324272090e+00
5.781848902534837187e+00 -5.851553238943425939e+00
1.025929997909599756e+01 -5.735133194083955388e+00
1.634751746726740507e+01 -3.344578260528532354e+00
2.176414078802793028e-01 -2.689106140988009486e+00
9.785955842524707293e-02 2.346280198525886540e+00
2.932419436433570503e+00 -6.112769488288691377e+00
8.369281210828912521e+00 -8.851976971393952454e+00
1.902082167154883408e+01 -3.003131369009699903e+00
5.671174625720087903e-01 -1.479735476793610616e+00
2.959004216321208247e+00 -2.020308388404593813e+00
7.947393673474461906e+00 -7.795430205876844099e+00
-9.564841556728609362e-02 -3.260429703495381304e+00
-2.568365499913678462e-01 -1.794204307299453127e+00
4.890022154825966361e+00 -6.283273156621943301e+00
7.659203193186574055e+00 -4.880119626378931486e+00
2.504831026197994248e+00 -4.452311189842659722e+00
1.286922274181301518e+01 -7.417893619452618381e+00
1.929092938792270928e+01 -3.649774599808737641e+00
3.901417750794940353e+00 -4.452474118707690387e+00
2.005693616493313058e+01 -3.449814544518363668e+00
1.686377000167514240e+01 -5.563706446681553786e+00
2.148487751744800534e+01 -3.084800754201304507e-01
8.199699448827987069e+00 -7.520731909043441021e+00
4.470505099236474322e+00 -3.178554803043903476e+00
1.260030993719452752e+01 -6.388463069486371992e+00
1.053231794067217564e+00 -2.717897459628630941e-01
-1.657514830724654331e+00 2.957719863655078552e+00
-1.107822399217699427e-01 -2.762929472441480350e+00
1.081025439965785218e+01 -6.944855005341182164e+00
3.356738149808427885e+00 -2.545103811013794903e+00
1.785688713720983145e+01 -1.147172359197579539e+00
4.851054729385414710e+00 -5.096962195964495734e+00
1.851691987049590793e+01 -5.090519391228223611e+00
1.032257987548582889e+00 1.046769611074259920e+00
9.469424821165034700e+00 -5.914496748186309105e+00
1.390449387723137598e+01 -6.643245478202663534e+00
1.100175750059008273e+01 -7.121059651088284426e+00
-6.923338136492986905e-01 2.247121392314987087e+00
1.190636081556784021e+00 -4.625316153680708808e+00
4.828467900907651433e+00 -6.227193978585610523e+00
1.718356597248650530e+01 -5.761651604947665817e+00
8.458111894998783242e-01 -4.575115277766448330e-01
1.041336425532150578e+01 -5.660786559177303445e+00
2.070185933159210734e+01 7.341019962305370683e-01
4.256944166901368121e+00 -7.508482466202933026e+00
2.059361392097544652e+01 -1.560024885630226343e+00
1.213548620773477538e+01 -6.179910653276998289e+00
6.089873888807724178e+00 -7.070320208972649567e+00
4.878197798367862603e+00 -4.686167312216975134e+00
1.204463305403090345e+01 -4.960113503439381510e+00
1.354351780651594339e+00 -2.042798091697459739e+00
-1.158437407934041374e+00 -1.324665920302944500e+00
9.179999350756254728e+00 -6.055358176535650117e+00
1.481099326324741483e+01 -6.614941423650179786e+00
6.328868654703869723e+00 -6.471910520039301673e+00
1.534136860464137442e+01 -3.470507979320904823e+00
9.994387414947169646e+00 -7.225863981040143713e+00
5.406674544606661748e+00 -7.239229973094484905e+00
9.115986552506960550e-02 -9.897660632335800734e-01
6.542009437018005968e-01 -4.299837454385146529e+00
1.856855962740037214e+01 -1.060959082635434925e+00
1.551756882606552068e+01 -5.260479330565829059e+00
1.169307489229965746e+01 -6.348256144666525103e+00
4.172403663676864660e+00 -3.163090444923036593e+00
2.002929396468722345e+01 -6.323528110577623096e-01
2.035846384697896738e+01 -2.031753973677990821e+00
9.912878335763114279e+00 -8.811691064193434286e+00
1.112036386925034037e+01 -7.924261739358618328e+00
1.002237809220314091e+01 -6.606889749911429632e+00
5.894811839977602830e-01 -1.451123547971851835e+00
1.059414380830482472e+01 -8.434906345568959907e+00
1.341813508024421786e+01 -6.469948354207545549e+00
5.699257308527694299e+00 -7.153746590187795462e+00
1.110891579651140049e+00 -2.447680848394765185e+00
1.376212293477400905e+01 -6.834741114336136292e+00
2.733309331497848049e+00 -5.114339153030293517e+00
1.860590912823524334e+01 2.406396930499686171e+00
8.173316682844461667e+00 -8.180832901060703932e+00
1.536583563129083174e+01 -7.265472619329187864e+00
5.756574476560374798e+00 -7.534890062593603943e+00
1.916786665269346202e+01 -1.897552647576074669e+00
9.767038071148006040e+00 -7.046679811138726990e+00
8.005205466633784184e+00 -7.994802438850907578e+00
1.992434372150030697e+01 -6.428558182877872618e-01
1.336106064675646721e+01 -4.814787559448698850e+00
1.843390043132335165e+01 1.500146503129506925e-02
8.144707803134910051e+00 -5.274879684999287832e+00
5.636657158382725186e+00 -6.429300112402842160e+00
8.671636446945820254e+00 -6.746875009554123892e+00
1.709889203643435351e+01 -5.729440418744589536e+00
-1.585342686106871568e+00 2.942010355709738789e-01
7.165817971753134508e+00 -8.336482878464327229e+00
2.113379068577257058e+01 1.324322592621522965e-01
1.805573806471610254e+01 -2.109737967677407511e+00
3.066977397712087772e+00 -1.170168489713367954e+00
3.063992863300872393e+00 -3.390705772015024877e+00
5.999706636825748340e+00 -6.199473766698950783e+00
8.234635572443771423e-02 -2.891995805954098664e+00
4.951185767664568971e+00 -3.564261841275414788e+00
7.321799803011368013e+00 -5.355283233225616613e+00
4.449879943556481088e+00 -4.943437024492500775e+00
1.329299721030829318e+01 -7.211107179104349285e+00
1.147809093330685926e+00 9.330960507228129863e-01
2.019543786877120795e+01 -2.230493413924826029e+00
1.925470169384018959e+01 2.403866959869653375e+00
6.405909767474859962e-02 -2.500481905585901998e+00
1.745514027648419386e+01 -8.606429377139805936e-01
5.172362933609970348e+00 -6.689896704780631254e+00
1.835114052055086376e+01 -3.770848265664731080e+00
1.406207636960022711e+00 -4.480250823350488965e+00
1.753994573601013585e+01 -5.684603649553263693e+00
1.856609362664207907e+01 1.776501752713890880e+00
1.570066932729981701e+01 -4.020796629376459208e+00
1.462789735916055989e+00 -2.162114068114126653e+00
1.879926056128574885e+01 1.543979938623863513e+00
-1.081055375059877477e+00 2.559897306691603980e+00
1.072378211556081240e+01 -8.299320783793939782e+00
3.413476437769804583e+00 -4.010492535392281788e+00
1.434640361408808573e+00 2.474344958573637676e-01
1.628222901253166199e+01 -5.682130597776113845e+00
2.822916831837010143e+00 -1.086670301688815066e+00
1.021639331854903254e+01 -5.591420452096555138e+00
1.104466692376783854e+00 2.060965962977333810e+00
-9.857125883716584269e-01 -1.043764179729150143e+00
1.206688527782864284e+00 -4.341580161314653630e+00
1.913287639945229301e+01 3.406073788590768814e-02
-1.687514506565410244e+00 1.793031821170339102e+00
2.266454877663055534e+00 -2.996539788341718413e+00
1.004434551411090126e+01 -7.550364706019184524e+00
2.837982469469893410e+00 -1.963992521457899265e+00
7.520072215085971123e-01 -2.366239182867986734e+00
1.560670119938627565e+01 -3.253839972375837775e+00
1.907007046235258230e+01 9.648816953477443725e-01
5.608286351489915056e+00 -4.744155352789247715e+00
1.309349590401027363e+01 -5.183382810084959047e+00
