5.000000000000000000e+00 1.400595147919537098e+00
0.000000000000000000e+00 4.783369311703505211e+00
1.000000000000000000e+00 2.380665157265716481e+00
1.000000000000000000e+00 3.219278460720903734e+00
1.000000000000000000e+00 1.017866365195232214e+00
2.000000000000000000e+00 3.887672795626499589e+00
5.000000000000000000e+00 4.455781236600910411e+00
5.000000000000000000e+00 1.829725199682820103e+00
1.000000000000000000e+00 2.255691970640353983e+00
2.000000000000000000e+00 3.510469241962749010e+00
1.000000000000000000e+00 2.380423339627795176e+00
2.000000000000000000e+00 1.570376340898882672e+00
2.000000000000000000e+00 3.332230971252511664e-01
2.000000000000000000e+00 2.824044869595787155e+00
2.000000000000000000e+00 1.273584105095117103e+00
5.000000000000000000e+00 4.385296636853061258e+00
2.000000000000000000e+00 2.199292846597185935e+00
5.000000000000000000e+00 8.071082196584078439e-01
1.000000000000000000e+00 1.612599115218054546e+00
5.000000000000000000e+00 4.834194722147214129e+00
1.000000000000000000e+00 1.868106589403611517e+00
2.000000000000000000e+00 3.744767432814439356e+00
1.000000000000000000e+00 1.191910054232873772e+00
1.000000000000000000e+00 3.462240613053213512e-01
2.000000000000000000e+00 1.795044064478086510e+00
5.000000000000000000e+00 2.949403516339861309e+00
1.000000000000000000e+00 2.713411990983935151e+00
2.000000000000000000e+00 2.418904747241938935e+00
1.000000000000000000e+00 2.108068537977828782e+00
2.000000000000000000e+00 2.474481940003037117e+00
2.000000000000000000e+00 1.283196919093538835e+00
2.000000000000000000e+00 4.678145860160354275e+00
0.000000000000000000e+00 3.205230832132390795e+00
1.000000000000000000e+00 3.751938951064609284e+00
1.000000000000000000e+00 1.945258786580992050e+00
0.000000000000000000e+00 5.094269535215159017e+00
5.000000000000000000e+00 2.250716608936984553e+00
2.000000000000000000e+00 6.555377869988980866e-01
2.000000000000000000e+00 3.101241721614958813e+00
5.000000000000000000e+00 6.755133426489874360e-01
5.000000000000000000e+00 3.464938844916372496e+00
2.000000000000000000e+00 3.900665455739804166e+00
1.000000000000000000e+00 2.397243807452207331e+00
1.000000000000000000e+00 3.863320364119308792e+00
5.000000000000000000e+00 1.286780297354424896e+00
5.000000000000000000e+00 5.221212444875803271e+00
2.000000000000000000e+00 3.784248306780475524e+00
1.000000000000000000e+00 4.188629046574033232e+00
2.000000000000000000e+00 5.116421932967669228e+00
2.000000000000000000e+00 2.883999063892733528e+00
5.000000000000000000e+00 4.027775309962446038e+00
5.000000000000000000e+00 3.935548722282252943e+00
5.000000000000000000e+00 2.068752382987681493e+00
5.000000000000000000e+00 2.788224831926308322e+00
5.000000000000000000e+00 2.146127021077177233e+00
2.000000000000000000e+00 2.998979733175158646e+00
0.000000000000000000e+00 5.352217043820606257e+00
2.000000000000000000e+00 3.848904078047018285e+00
5.000000000000000000e+00 3.014846345363646485e+00
5.000000000000000000e+00 3.230663861798753533e+00
5.000000000000000000e+00 4.882339887331586858e+00
1.000000000000000000e+00 1.142915282730490478e+00
1.000000000000000000e+00 2.772664149472851669e+00
2.000000000000000000e+00 3.291590736231617242e+00
2.000000000000000000e+00 1.058395338988413981e+00
5.000000000000000000e+00 5.034381361845433389e+00
2.000000000000000000e+00 2.232671314290416653e+00
2.000000000000000000e+00 2.547295811593342840e+00
2.000000000000000000e+00 5.567079399065407941e+00
5.000000000000000000e+00 4.407790582218251707e+00
5.000000000000000000e+00 2.337901888622102575e+00
2.000000000000000000e+00 1.801563969827848277e+00
1.000000000000000000e+00 1.117218130278051946e+00
1.000000000000000000e+00 3.816462563651790596e+00
5.000000000000000000e+00 3.531044503796406442e+00
2.000000000000000000e+00 2.089946380223967726e+00
2.000000000000000000e+00 3.344350692103838618e+00
1.000000000000000000e+00 4.509812164815780733e+00
1.000000000000000000e+00 3.439492361201127668e+00
5.000000000000000000e+00 1.795316730762521074e+00
2.000000000000000000e+00 3.510043419283391586e+00
1.000000000000000000e+00 3.344606092326694480e+00
5.000000000000000000e+00 1.574105815697323996e+00
5.000000000000000000e+00 2.347236755541443731e+00
5.000000000000000000e+00 2.268782513535458012e+00
1.000000000000000000e+00 1.493494653675999873e+00
5.000000000000000000e+00 5.037985985646819209e+00
2.000000000000000000e+00 1.802945486258316965e+00
2.000000000000000000e+00 1.855675076143646685e+00
2.000000000000000000e+00 5.114211507543106272e+00
1.000000000000000000e+00 2.086685981259531530e+00
1.000000000000000000e+00 9.161114849079555755e-01
5.000000000000000000e+00 4.576802826717798922e+00
1.000000000000000000e+00 7.186137935788420306e-01
2.000000000000000000e+00 3.613496944721827475e+00
1.000000000000000000e+00 1.762899865768930763e+00
5.000000000000000000e+00 6.283925075101105540e-01
1.000000000000000000e+00 4.131691821735634207e+00
2.000000000000000000e+00 1.717824622992901284e+00
2.000000000000000000e+00 2.233750135846597651e+00
5.000000000000000000e+00 2.076541647853589634e+00
5.000000000000000000e+00 2.900970457287817439e+00
2.000000000000000000e+00 1.970500368540933023e+00
1.000000000000000000e+00 3.956036859947046125e+00
1.000000000000000000e+00 2.230404974894658832e+00
2.000000000000000000e+00 3.050670218153002100e+00
2.000000000000000000e+00 3.835530236955809524e+00
0.000000000000000000e+00 3.558576214543804017e+00
2.000000000000000000e+00 1.118095047954200894e+00
1.000000000000000000e+00 1.992854180426132382e+00
5.000000000000000000e+00 2.461781394006570700e+00
5.000000000000000000e+00 3.053620796228887713e+00
1.000000000000000000e+00 7.174973389213050723e-01
1.000000000000000000e+00 2.578539224231474414e+00
1.000000000000000000e+00 1.145819507307393348e+00
1.000000000000000000e+00 1.597926171786259397e+00
2.000000000000000000e+00 1.777882710839506997e+00
2.000000000000000000e+00 1.312938498699245615e+00
2.000000000000000000e+00 6.180111830030404763e-01
5.000000000000000000e+00 6.619374457698088410e-01
2.000000000000000000e+00 4.498191694353447012e+00
1.000000000000000000e+00 2.543537555904891612e+00
2.000000000000000000e+00 3.619694578037985444e+00
5.000000000000000000e+00 4.609751623793211017e+00
2.000000000000000000e+00 3.566341214901859735e-01
0.000000000000000000e+00 3.189485111922063965e+00
5.000000000000000000e+00 4.777412404847027894e+00
2.000000000000000000e+00 2.149557902915022023e+00
1.000000000000000000e+00 3.322699753127689171e+00
2.000000000000000000e+00 2.123631478217867574e+00
5.000000000000000000e+00 2.817581012014245267e+00
1.000000000000000000e+00 1.203148986186842073e+00
2.000000000000000000e+00 3.805175336244985829e+00
1.000000000000000000e+00 2.279701223277338928e-01
1.000000000000000000e+00 1.620566536154221193e+00
1.000000000000000000e+00 1.973855989762394847e+00
2.000000000000000000e+00 2.049887370012509535e+00
2.000000000000000000e+00 3.335593729496288962e+00
5.000000000000000000e+00 4.527763099861544127e+00
5.000000000000000000e+00 3.762056960778071169e+00
5.000000000000000000e+00 4.494464185907493636e+00
2.000000000000000000e+00 2.955680609325428421e+00
5.000000000000000000e+00 7.418614612780610740e-01
2.000000000000000000e+00 3.772550233456248403e+00
2.000000000000000000e+00 5.407191428244596532e-01
5.000000000000000000e+00 1.947332155558577194e+00
2.000000000000000000e+00 1.576708112199842082e+00
5.000000000000000000e+00 4.537093499070445013e+00
5.000000000000000000e+00 2.277861998988311765e+00
5.000000000000000000e+00 9.673483341381091671e-01
5.000000000000000000e+00 1.650110800056986404e+00
1.000000000000000000e+00 1.371909339482546120e+00
1.000000000000000000e+00 1.661059951693911962e+00
5.000000000000000000e+00 4.148659581196120882e+00
1.000000000000000000e+00 8.309442091193923741e-01
0.000000000000000000e+00 4.526911883977875029e+00
1.000000000000000000e+00 2.127991410167413999e+00
2.000000000000000000e+00 2.503356882467090649e+00
5.000000000000000000e+00 3.702085744708063952e+00
2.000000000000000000e+00 4.319007992553767217e+00
1.000000000000000000e+00 4.368560315029553998e+00
5.000000000000000000e+00 1.301613084766650497e+00
1.000000000000000000e+00 1.562031649072253670e+00
5.000000000000000000e+00 2.553562118038983364e+00
5.000000000000000000e+00 4.327313251125651128e+00
2.000000000000000000e+00 3.798966438161066606e+00
5.000000000000000000e+00 4.878468139143618210e+00
1.000000000000000000e+00 3.267150749935943566e+00
1.000000000000000000e+00 3.615187090598375175e+00
1.000000000000000000e+00 2.004723474806929584e+00
2.000000000000000000e+00 3.391857441407048146e+00
1.000000000000000000e+00 3.190947131626605149e+00
5.000000000000000000e+00 2.040135442238121044e+00
2.000000000000000000e+00 1.697600304294647922e+00
2.000000000000000000e+00 1.043430201186609230e+00
5.000000000000000000e+00 2.819737038553503439e+00
2.000000000000000000e+00 2.535732916717598595e+00
1.000000000000000000e+00 1.341669222910918613e+00
5.000000000000000000e+00 3.771992965315372093e+00
1.000000000000000000e+00 1.403184741203177932e+00
1.000000000000000000e+00 1.404464222227284287e+00
5.000000000000000000e+00 4.452344346044601942e+00
1.000000000000000000e+00 1.158769205516713363e+00
2.000000000000000000e+00 3.772585990967036285e+00
1.000000000000000000e+00 2.183249497585947108e+00
0.000000000000000000e+00 3.502734116073642934e+00
0.000000000000000000e+00 3.327621326628760645e+00
2.000000000000000000e+00 1.574355366354646124e+00
5.000000000000000000e+00 1.172351535687690571e+00
2.000000000000000000e+00 4.535600619172419634e+00
5.000000000000000000e+00 2.556723678971229763e+00
5.000000000000000000e+00 3.540024989381190146e+00
2.000000000000000000e+00 3.713596443446898210e+00
1.000000000000000000e+00 2.459333161418254310e+00
5.000000000000000000e+00 5.241098567228520189e+00
5.000000000000000000e+00 2.543011537159940438e+00
5.000000000000000000e+00 2.633951357874069643e+00
2.000000000000000000e+00 5.382743668090279598e+00
1.000000000000000000e+00 2.204576903330646154e+00
2.000000000000000000e+00 1.421225009491979385e+00
2.000000000000000000e+00 2.720483659189396608e+00
2.000000000000000000e+00 3.474721931932792884e+00
2.000000000000000000e+00 2.813993171295434692e+00
2.000000000000000000e+00 2.941252672756452302e+00
2.000000000000000000e+00 9.686628123379039668e-01
2.000000000000000000e+00 2.754495239334129320e+00
2.000000000000000000e+00 2.116209038559069278e+00
2.000000000000000000e+00 2.356101136239597604e+00
5.000000000000000000e+00 1.666404226468307659e+00
1.000000000000000000e+00 1.506376047735785040e+00
0.000000000000000000e+00 3.605597003451133098e+00
1.000000000000000000e+00 3.831159580962320454e+00
5.000000000000000000e+00 5.223428172465515829e+00
1.000000000000000000e+00 1.896008085305207036e+00
5.000000000000000000e+00 3.130211177770604980e+00
5.000000000000000000e+00 1.702502993851995328e-01
1.000000000000000000e+00 4.890531486658744598e+00
5.000000000000000000e+00 4.339888714419202209e+00
2.000000000000000000e+00 3.354174620595422152e+00
5.000000000000000000e+00 4.955750565505738336e+00
2.000000000000000000e+00 9.357197975864832706e-01
2.000000000000000000e+00 2.342350607861772627e+00
2.000000000000000000e+00 4.456054118172302125e+00
2.000000000000000000e+00 3.792391496294463149e+00
1.000000000000000000e+00 9.595889655428847531e-01
0.000000000000000000e+00 5.140970304146481595e+00
5.000000000000000000e+00 3.816438689821026298e+00
5.000000000000000000e+00 4.156093899048977747e+00
2.000000000000000000e+00 1.558027497399418149e+00
2.000000000000000000e+00 4.721234990104022700e+00
1.000000000000000000e+00 3.611637749373613371e+00
2.000000000000000000e+00 8.566742685337493945e-01
2.000000000000000000e+00 2.373067789093407765e+00
2.000000000000000000e+00 4.143195943435443063e+00
1.000000000000000000e+00 2.402533212097047510e+00
5.000000000000000000e+00 1.513682173325673341e-01
5.000000000000000000e+00 5.262198070419214169e+00
5.000000000000000000e+00 1.663960493223374471e+00
1.000000000000000000e+00 3.143986676128885271e+00
2.000000000000000000e+00 3.866820929373999238e+00
5.000000000000000000e+00 4.656076407339824641e+00
1.000000000000000000e+00 1.160159414955919566e+00
5.000000000000000000e+00 4.101879915197066850e+00
2.000000000000000000e+00 4.755610377117373666e+00
2.000000000000000000e+00 1.737305591409006755e+00
2.000000000000000000e+00 2.991033241295463885e+00
5.000000000000000000e+00 2.320301968415667826e+00
2.000000000000000000e+00 1.202440470900897118e+00
5.000000000000000000e+00 1.401794179411423480e+00
5.000000000000000000e+00 2.697183569685470683e+00
2.000000000000000000e+00 1.154667839405328023e+00
5.000000000000000000e+00 2.503902424942638927e+00
1.000000000000000000e+00 2.848841171345492640e+00
1.000000000000000000e+00 1.265378233964382204e+00
2.000000000000000000e+00 1.302744064148262382e+00
2.000000000000000000e+00 6.337150357239634824e-01
2.000000000000000000e+00 1.082643025784823410e+00
2.000000000000000000e+00 2.849285231705394938e+00
0.000000000000000000e+00 3.341322437923468058e+00
2.000000000000000000e+00 8.383290244091966548e-01
2.000000000000000000e+00 3.974996909130151135e+00
2.000000000000000000e+00 3.080292767586009006e+00
5.000000000000000000e+00 3.517718500380136337e+00
2.000000000000000000e+00 3.699767531932713460e+00
1.000000000000000000e+00 4.147365509427775265e+00
1.000000000000000000e+00 2.826884288769793141e+00
5.000000000000000000e+00 2.975389163351792821e+00
2.000000000000000000e+00 2.750740346895403921e+00
5.000000000000000000e+00 2.092077321415934943e+00
2.000000000000000000e+00 3.844597913433272396e+00
2.000000000000000000e+00 3.576478282815738652e+00
2.000000000000000000e+00 8.994858859469022638e-01
1.000000000000000000e+00 4.684991695128286615e+00
2.000000000000000000e+00 2.984300208346802208e+00
5.000000000000000000e+00 3.154381736325505781e+00
1.000000000000000000e+00 1.655198728014364074e+00
0.000000000000000000e+00 3.031194207899719828e+00
1.000000000000000000e+00 2.296472424527954193e+00
5.000000000000000000e+00 4.478144467104534954e+00
5.000000000000000000e+00 9.666046787739870361e-01
2.000000000000000000e+00 4.586704002029744487e+00
2.000000000000000000e+00 2.826738101294038685e+00
5.000000000000000000e+00 1.681237483414437017e+00
5.000000000000000000e+00 2.180321364471044632e+00
1.000000000000000000e+00 3.850928430749113840e+00
2.000000000000000000e+00 2.713590278020694413e+00
5.000000000000000000e+00 1.777887535154248910e+00
2.000000000000000000e+00 3.670401006601463401e+00
1.000000000000000000e+00 2.881309152951689878e+00
2.000000000000000000e+00 3.366891531470705523e+00
5.000000000000000000e+00 2.594635516567539213e+00
5.000000000000000000e+00 2.851830000922618513e+00
1.000000000000000000e+00 5.901246931014195729e-01
5.000000000000000000e+00 4.169341333926744220e+00
2.000000000000000000e+00 1.720980578630142643e+00
1.000000000000000000e+00 4.589600274833907534e+00
2.000000000000000000e+00 4.392167016576155048e-01
2.000000000000000000e+00 1.525089614525578341e+00
5.000000000000000000e+00 4.298736436595564925e+00
2.000000000000000000e+00 5.179628845144675253e+00
5.000000000000000000e+00 4.973531162380730564e+00
5.000000000000000000e+00 9.505895640064410124e-01
5.000000000000000000e+00 1.528774201717010284e+00
2.000000000000000000e+00 2.960200363074532159e+00
2.000000000000000000e+00 3.975180082066210652e+00
2.000000000000000000e+00 1.511109559003232183e+00
1.000000000000000000e+00 3.393532124957036600e-01
1.000000000000000000e+00 2.158100965397524273e+00
2.000000000000000000e+00 2.566559665029785053e-01
1.000000000000000000e+00 1.578209501486872224e+00
1.000000000000000000e+00 1.058183005860681813e+00
2.000000000000000000e+00 1.977709932964769379e+00
2.000000000000000000e+00 1.247593270552028732e+00
2.000000000000000000e+00 4.169524313330949639e+00
1.000000000000000000e+00 4.312781350551378345e+00
0.000000000000000000e+00 4.662312041357458803e+00
2.000000000000000000e+00 4.474755925667636802e+00
1.000000000000000000e+00 3.114289220995007046e+00
5.000000000000000000e+00 2.600119455753573838e+00
5.000000000000000000e+00 4.562931507612132620e+00
5.000000000000000000e+00 2.122102106021487966e+00
1.000000000000000000e+00 1.849022011322928316e+00
2.000000000000000000e+00 2.297939921422900156e+00
5.000000000000000000e+00 4.296902831289287406e+00
1.000000000000000000e+00 2.506446374783248388e+00
5.000000000000000000e+00 5.075642851644069253e+00
5.000000000000000000e+00 1.533644672020445077e+00
1.000000000000000000e+00 2.039508074768180634e+00
1.000000000000000000e+00 3.655470179807743580e+00
2.000000000000000000e+00 2.900543232436733732e+00
2.000000000000000000e+00 3.031849576297861670e+00
1.000000000000000000e+00 2.270042494144771883e+00
5.000000000000000000e+00 2.555871950508836310e+00
1.000000000000000000e+00 2.623042984179117632e+00
0.000000000000000000e+00 3.001476656407889188e+00
1.000000000000000000e+00 7.662394045567521017e-01
5.000000000000000000e+00 3.436377887614253446e+00
0.000000000000000000e+00 4.633781057358533850e+00
1.000000000000000000e+00 1.234054985051211473e+00
2.000000000000000000e+00 3.714921416600269755e+00
1.000000000000000000e+00 2.578664446623111672e+00
2.000000000000000000e+00 2.950751721060217658e+00
1.000000000000000000e+00 2.013712387487297306e+00
5.000000000000000000e+00 3.423561915559953928e+00
2.000000000000000000e+00 1.053524462066920853e+00
1.000000000000000000e+00 6.887533805900710737e-01
1.000000000000000000e+00 2.970832161714050734e+00
5.000000000000000000e+00 3.798273791368191432e+00
1.000000000000000000e+00 3.338423444683837005e+00
5.000000000000000000e+00 4.950328007174054634e-01
1.000000000000000000e+00 1.966168825714802892e+00
1.000000000000000000e+00 1.316212728264194887e+00
2.000000000000000000e+00 2.982952941715708572e+00
5.000000000000000000e+00 1.617120628303768903e+00
2.000000000000000000e+00 3.071953139927875664e+00
0.000000000000000000e+00 3.248968545513683637e+00
2.000000000000000000e+00 1.525178236666679732e+00
1.000000000000000000e+00 4.297795920230555566e+00
5.000000000000000000e+00 3.952490817586639338e+00
0.000000000000000000e+00 3.067109919267465123e+00
0.000000000000000000e+00 5.015383855670665803e+00
5.000000000000000000e+00 5.163464707018529110e-01
2.000000000000000000e+00 2.727948664121452538e+00
1.000000000000000000e+00 4.977182030866174056e-01
0.000000000000000000e+00 4.252412344368994290e+00
1.000000000000000000e+00 3.691941765390306163e+00
1.000000000000000000e+00 1.284890812923148662e+00
5.000000000000000000e+00 2.277253696014987394e+00
1.000000000000000000e+00 2.921673757868962440e+00
5.000000000000000000e+00 3.096990023160237637e+00
1.000000000000000000e+00 3.446969004097794720e+00
5.000000000000000000e+00 1.970717369048826662e+00
2.000000000000000000e+00 3.959625688672389288e+00
1.000000000000000000e+00 3.404991220707735078e+00
5.000000000000000000e+00 1.564945909744593688e+00
1.000000000000000000e+00 3.164513551901263710e+00
1.000000000000000000e+00 2.722646172867064784e+00
5.000000000000000000e+00 4.664015104089817676e+00
2.000000000000000000e+00 1.141365102286093780e+00
2.000000000000000000e+00 4.326490091869316323e+00
5.000000000000000000e+00 1.557134904651768847e+00
1.000000000000000000e+00 1.084595578856734077e+00
0.000000000000000000e+00 4.000742120282182235e+00
5.000000000000000000e+00 1.303858847309028457e+00
1.000000000000000000e+00 2.403129170992731822e+00
1.000000000000000000e+00 3.679849968025851847e+00
2.000000000000000000e+00 4.628182558291432436e+00
5.000000000000000000e+00 2.813035617028750046e+00
5.000000000000000000e+00 1.863860806653579338e+00
5.000000000000000000e+00 2.624810570881201510e+00
5.000000000000000000e+00 3.476835216954289542e+00
1.000000000000000000e+00 4.043934297706140768e+00
2.000000000000000000e+00 4.327413485393717174e+00
2.000000000000000000e+00 2.334850053679104587e+00
2.000000000000000000e+00 1.978276435717535309e+00
0.000000000000000000e+00 4.401547842092794482e+00
1.000000000000000000e+00 3.256445295419163610e-01
1.000000000000000000e+00 3.175447409328342019e+00
2.000000000000000000e+00 2.395508962302923983e+00
2.000000000000000000e+00 1.150010273930135218e+00
5.000000000000000000e+00 9.407332975910409623e-01
1.000000000000000000e+00 3.281910256171481355e-01
0.000000000000000000e+00 2.934362422384216629e+00
2.000000000000000000e+00 1.102994931408468160e+00
1.000000000000000000e+00 3.427551934550093105e+00
2.000000000000000000e+00 4.220258311208928248e+00
2.000000000000000000e+00 2.854404951337182972e+00
1.000000000000000000e+00 3.024308109029821612e+00
2.000000000000000000e+00 3.371385847941676506e+00
5.000000000000000000e+00 1.381968473939318098e+00
0.000000000000000000e+00 4.035561040543942823e+00
5.000000000000000000e+00 1.891525474352447000e+00
5.000000000000000000e+00 3.877868065166336642e+00
2.000000000000000000e+00 2.810794542709553312e+00
2.000000000000000000e+00 1.134010231648782563e+00
2.000000000000000000e+00 3.008293042179653209e+00
1.000000000000000000e+00 3.026851819292903922e+00
2.000000000000000000e+00 2.568640648757732237e+00
0.000000000000000000e+00 2.915793832912193295e+00
1.000000000000000000e+00 1.801237857593861680e+00
2.000000000000000000e+00 3.006443179919177755e+00
2.000000000000000000e+00 4.279240380719349979e+00
2.000000000000000000e+00 4.093785199018914689e+00
2.000000000000000000e+00 3.985810098350621278e+00
5.000000000000000000e+00 1.728944491558885854e+00
2.000000000000000000e+00 2.504021266764822062e+00
2.000000000000000000e+00 1.885132155782084595e+00
5.000000000000000000e+00 1.522835792805242949e+00
1.000000000000000000e+00 8.974615103923668791e-01
5.000000000000000000e+00 3.346246434587199392e+00
2.000000000000000000e+00 2.970357063110712570e+00
2.000000000000000000e+00 4.091505476577848910e+00
1.000000000000000000e+00 1.791649862869131304e+00
2.000000000000000000e+00 2.491906588787604182e+00
0.000000000000000000e+00 3.409907011665018750e+00
5.000000000000000000e+00 3.652316755124000558e+00
5.000000000000000000e+00 1.866583893559234930e+00
5.000000000000000000e+00 4.152725758372331377e+00
5.000000000000000000e+00 2.202656446741041663e+00
0.000000000000000000e+00 3.747607566275166668e+00
1.000000000000000000e+00 2.446227564963735279e+00
5.000000000000000000e+00 4.208651666491984855e+00
2.000000000000000000e+00 2.454571655361448279e+00
2.000000000000000000e+00 3.318335598309672729e+00
5.000000000000000000e+00 4.849174508584093601e+00
1.000000000000000000e+00 4.667496411563481828e+00
5.000000000000000000e+00 5.072033216102838971e+00
1.000000000000000000e+00 1.462888057728479962e+00
5.000000000000000000e+00 2.441446271756696262e+00
5.000000000000000000e+00 4.460662088124840885e+00
5.000000000000000000e+00 5.306801757649524554e+00
1.000000000000000000e+00 1.988025283213975980e+00
5.000000000000000000e+00 1.409294071436341111e+00
5.000000000000000000e+00 5.877392039905345200e+00
2.000000000000000000e+00 2.544544402086171608e+00
0.000000000000000000e+00 4.279521282068694532e+00
2.000000000000000000e+00 3.679877773555534581e+00
5.000000000000000000e+00 1.771620997519312901e+00
5.000000000000000000e+00 8.370068918186045481e-01
2.000000000000000000e+00 5.239152216429153519e+00
0.000000000000000000e+00 4.646424759684033567e+00
2.000000000000000000e+00 2.684986318701206187e+00
5.000000000000000000e+00 2.603265135352243576e+00
5.000000000000000000e+00 4.591509299132829902e+00
2.000000000000000000e+00 2.251822113348487253e+00
5.000000000000000000e+00 4.406884805109680947e+00
5.000000000000000000e+00 3.088501636706908915e+00
1.000000000000000000e+00 3.424058136433380195e+00
2.000000000000000000e+00 2.285207976618006676e+00
0.000000000000000000e+00 4.577819723721166412e+00
5.000000000000000000e+00 1.107437760904300461e+00
2.000000000000000000e+00 3.707241140657796752e+00
1.000000000000000000e+00 2.689046488351730879e+00
5.000000000000000000e+00 2.571816446859911398e+00
2.000000000000000000e+00 2.262855201180016707e+00
5.000000000000000000e+00 2.368586041712226642e+00
0.000000000000000000e+00 3.337766547838868281e+00
0.000000000000000000e+00 4.821168695959381800e+00
1.000000000000000000e+00 8.376822917891511011e-01
1.000000000000000000e+00 1.402770526779924642e+00
0.000000000000000000e+00 2.923068260971206200e+00
5.000000000000000000e+00 2.147188837391529770e+00
2.000000000000000000e+00 4.253015409720997120e+00
5.000000000000000000e+00 8.342387227246275128e-01
1.000000000000000000e+00 1.693699124082251872e+00
0.000000000000000000e+00 4.289584301106651232e+00
5.000000000000000000e+00 1.633702465174420304e+00
5.000000000000000000e+00 1.087415778108538511e+00
2.000000000000000000e+00 3.253785135886701152e+00
5.000000000000000000e+00 4.783557755308573967e+00
2.000000000000000000e+00 2.842931694954533128e+00
2.000000000000000000e+00 2.263233528773407777e+00
2.000000000000000000e+00 1.456995986626145489e+00
5.000000000000000000e+00 1.899485860646992874e+00
0.000000000000000000e+00 4.002238438398046938e+00
0.000000000000000000e+00 3.592076925906314333e+00
1.000000000000000000e+00 4.059299907665102403e+00
5.000000000000000000e+00 4.733745727655170654e+00
2.000000000000000000e+00 4.018993802455868902e+00
5.000000000000000000e+00 3.206200622061703864e+00
3.000000000000000000e+00 1.630596264758339631e+00
3.000000000000000000e+00 2.858490636736945589e+00
4.000000000000000000e+00 4.616227821715606083e+00
4.000000000000000000e+00 1.002596499852762113e+00
4.000000000000000000e+00 1.351779628125688415e+00
4.000000000000000000e+00 2.463842344920287086e+00
3.000000000000000000e+00 2.206836920285415449e+00
3.000000000000000000e+00 2.870133993674053308e+00
4.000000000000000000e+00 3.840980711869059316e+00
4.000000000000000000e+00 4.965894610734935100e+00
4.000000000000000000e+00 1.662353347407475423e+00
0.000000000000000000e+00 3.989791772277285986e+00
0.000000000000000000e+00 2.411747489914822129e+00
4.000000000000000000e+00 3.375684155307564271e+00
0.000000000000000000e+00 1.687137306311778717e+00
0.000000000000000000e+00 4.339764162597967712e+00
0.000000000000000000e+00 6.537077858928387331e-01
3.000000000000000000e+00 2.973555428587351113e+00
4.000000000000000000e+00 1.301997031341564748e+00
3.000000000000000000e+00 2.762081925183154318e+00
4.000000000000000000e+00 7.920638870266230036e-01
0.000000000000000000e+00 2.932173104316754486e+00
4.000000000000000000e+00 3.427223674434654477e+00
4.000000000000000000e+00 1.975230710731128658e+00
0.000000000000000000e+00 9.802896231608894118e-01
0.000000000000000000e+00 5.238829211134373054e+00
4.000000000000000000e+00 1.547618400183459864e+00
0.000000000000000000e+00 4.954145651680511575e-01
4.000000000000000000e+00 3.678636182409173561e+00
0.000000000000000000e+00 2.252300247187245308e+00
0.000000000000000000e+00 3.120752980501100282e+00
0.000000000000000000e+00 3.331265627756587744e+00
3.000000000000000000e+00 5.486221957621464362e+00
4.000000000000000000e+00 2.218924108195338807e+00
4.000000000000000000e+00 2.697165125308677691e+00
3.000000000000000000e+00 4.053371208542986714e+00
3.000000000000000000e+00 4.486511533090143722e+00
0.000000000000000000e+00 2.610299831219087707e+00
0.000000000000000000e+00 1.144991805217600911e+00
3.000000000000000000e+00 1.819217018727381285e+00
3.000000000000000000e+00 1.575185994958411051e+00
4.000000000000000000e+00 2.499294822142050787e+00
4.000000000000000000e+00 2.346776818101229956e-01
4.000000000000000000e+00 2.167214703928869390e+00
3.000000000000000000e+00 1.394489680512857266e+00
0.000000000000000000e+00 3.635877926754774947e+00
4.000000000000000000e+00 2.917287482108925190e+00
2.000000000000000000e+00 3.683482024411777633e+00
0.000000000000000000e+00 3.047005109320705341e+00
0.000000000000000000e+00 2.388436526154182449e+00
3.000000000000000000e+00 2.028542663882349384e+00
3.000000000000000000e+00 1.483301620829615697e+00
3.000000000000000000e+00 2.737096656493319013e+00
3.000000000000000000e+00 1.919066265733410770e+00
3.000000000000000000e+00 4.573236325473820862e+00
0.000000000000000000e+00 3.563154145974051890e+00
3.000000000000000000e+00 3.855143110582211374e+00
4.000000000000000000e+00 2.990401709219781434e+00
3.000000000000000000e+00 1.351754194002157794e+00
0.000000000000000000e+00 4.716662055557579336e+00
3.000000000000000000e+00 2.804083444435804484e+00
4.000000000000000000e+00 3.373646235738705812e+00
4.000000000000000000e+00 4.596039818401807864e+00
4.000000000000000000e+00 2.915121285241275118e+00
0.000000000000000000e+00 3.523715846850790534e+00
0.000000000000000000e+00 4.409622361809716118e+00
0.000000000000000000e+00 4.719180347915333251e-01
0.000000000000000000e+00 2.549520354012372536e+00
0.000000000000000000e+00 3.430291364293986955e+00
0.000000000000000000e+00 2.566434689604935482e+00
3.000000000000000000e+00 1.009340401264871234e+00
0.000000000000000000e+00 2.441630991357149671e+00
4.000000000000000000e+00 1.639887324072405228e+00
2.000000000000000000e+00 4.092030497550693369e+00
3.000000000000000000e+00 1.651489415696654639e+00
0.000000000000000000e+00 4.344288308222036932e+00
4.000000000000000000e+00 3.930244176014193069e+00
2.000000000000000000e+00 3.302618997703111070e+00
4.000000000000000000e+00 2.183715698692669349e+00
3.000000000000000000e+00 2.831037891530292061e+00
4.000000000000000000e+00 3.959547576908948319e+00
4.000000000000000000e+00 1.114906090301667874e+00
3.000000000000000000e+00 9.625680981844026984e-01
3.000000000000000000e+00 4.819199988385148181e+00
3.000000000000000000e+00 8.970766154751842469e-01
4.000000000000000000e+00 3.228173384593518325e+00
3.000000000000000000e+00 2.794253203977051569e+00
0.000000000000000000e+00 4.200281950330300162e+00
0.000000000000000000e+00 3.919207211719235140e+00
0.000000000000000000e+00 2.882822955308945279e+00
4.000000000000000000e+00 2.862749167819056417e-01
4.000000000000000000e+00 3.080315126254967506e+00
0.000000000000000000e+00 5.277335630134111888e+00
4.000000000000000000e+00 2.906013122945497962e+00
4.000000000000000000e+00 4.239489079003373462e+00
4.000000000000000000e+00 1.095317115639488526e+00
3.000000000000000000e+00 2.464628910994456579e+00
2.000000000000000000e+00 3.706503734763836988e+00
0.000000000000000000e+00 3.971120588134817719e+00
0.000000000000000000e+00 3.108146082267738031e+00
3.000000000000000000e+00 5.235421553497278113e-01
3.000000000000000000e+00 8.439270574757807841e-01
0.000000000000000000e+00 3.298410690637763043e+00
2.000000000000000000e+00 4.814791385304004301e+00
4.000000000000000000e+00 4.192754943050709393e+00
4.000000000000000000e+00 3.249379868744684430e+00
4.000000000000000000e+00 4.903517280950691060e+00
3.000000000000000000e+00 4.391596345479455543e+00
0.000000000000000000e+00 1.409386536828245218e+00
4.000000000000000000e+00 4.738510721118279756e-01
3.000000000000000000e+00 4.553540075421097733e+00
3.000000000000000000e+00 6.885993619553060219e-01
4.000000000000000000e+00 2.492493371851729034e+00
4.000000000000000000e+00 6.907873019213660593e-01
4.000000000000000000e+00 3.145205023761869167e+00
4.000000000000000000e+00 7.733471371738147582e-01
0.000000000000000000e+00 9.999514287389206224e-01
0.000000000000000000e+00 2.450309689720235884e+00
0.000000000000000000e+00 3.019201803234511594e+00
3.000000000000000000e+00 3.129101785909524480e+00
0.000000000000000000e+00 2.047152679185940016e+00
4.000000000000000000e+00 1.226232672928707856e+00
4.000000000000000000e+00 4.756441070015711148e+00
0.000000000000000000e+00 2.757240170757091491e+00
0.000000000000000000e+00 2.477627991447755917e+00
3.000000000000000000e+00 4.391639597613711032e+00
3.000000000000000000e+00 2.499547093097256756e+00
0.000000000000000000e+00 4.161023738948654405e+00
4.000000000000000000e+00 1.109991530018600736e+00
0.000000000000000000e+00 4.448594052207041294e+00
3.000000000000000000e+00 1.084770411931180956e+00
4.000000000000000000e+00 1.998566439570099051e+00
4.000000000000000000e+00 4.339297367860586618e+00
4.000000000000000000e+00 2.459885183461624436e+00
4.000000000000000000e+00 3.318663093666791575e+00
4.000000000000000000e+00 4.208902508340864657e+00
4.000000000000000000e+00 4.218268007212982340e+00
4.000000000000000000e+00 3.303402617399139540e+00
3.000000000000000000e+00 2.134963548189339200e+00
3.000000000000000000e+00 2.137932314072682694e+00
3.000000000000000000e+00 2.083515891353757699e+00
0.000000000000000000e+00 2.083378864385325713e+00
3.000000000000000000e+00 1.995910334888201465e+00
4.000000000000000000e+00 3.769544346750858477e+00
0.000000000000000000e+00 3.004211673486155032e+00
3.000000000000000000e+00 5.638581036982176498e-01
0.000000000000000000e+00 3.295528267956797652e+00
3.000000000000000000e+00 2.066860313538336769e+00
3.000000000000000000e+00 4.550975392031389788e+00
3.000000000000000000e+00 3.129457788681352159e+00
3.000000000000000000e+00 4.038577474171605175e+00
4.000000000000000000e+00 2.984877686952008169e+00
4.000000000000000000e+00 3.868411337153911056e+00
0.000000000000000000e+00 2.847024862578162896e+00
4.000000000000000000e+00 2.028113266165915363e+00
3.000000000000000000e+00 2.969528815250048748e+00
4.000000000000000000e+00 1.232663179878865367e-01
4.000000000000000000e+00 4.269260149386636449e+00
3.000000000000000000e+00 1.275883955298831696e+00
4.000000000000000000e+00 3.751905002062835059e+00
4.000000000000000000e+00 2.362943225430651495e+00
3.000000000000000000e+00 1.537937070002046491e+00
4.000000000000000000e+00 1.722460281132000448e+00
3.000000000000000000e+00 1.304888650300902286e+00
0.000000000000000000e+00 4.774294440503997983e+00
4.000000000000000000e+00 4.198013131383919294e+00
3.000000000000000000e+00 2.503069394045742246e+00
4.000000000000000000e+00 1.465806213612944831e+00
4.000000000000000000e+00 1.547790975344556674e+00
4.000000000000000000e+00 4.237942851771748565e+00
0.000000000000000000e+00 1.066671698348650610e+00
4.000000000000000000e+00 5.288076221498283047e+00
3.000000000000000000e+00 4.509687404675610800e+00
0.000000000000000000e+00 3.124443285767008138e+00
0.000000000000000000e+00 2.810889347631053692e+00
3.000000000000000000e+00 5.208478254955138276e+00
4.000000000000000000e+00 3.653646326588217086e+00
4.000000000000000000e+00 3.549196293023377358e+00
0.000000000000000000e+00 3.228132059347949667e+00
4.000000000000000000e+00 2.821370280160922395e+00
4.000000000000000000e+00 1.741835050376559169e+00
0.000000000000000000e+00 3.764024634357496346e+00
4.000000000000000000e+00 1.876334046439575687e+00
4.000000000000000000e+00 2.407717999271756781e+00
4.000000000000000000e+00 8.362179209144227077e-01
3.000000000000000000e+00 4.839739771403775315e+00
3.000000000000000000e+00 4.157653233416084504e+00
0.000000000000000000e+00 3.144283696557365726e+00
3.000000000000000000e+00 2.734888261051967806e+00
0.000000000000000000e+00 2.109818296889180100e+00
3.000000000000000000e+00 1.023076543117066306e+00
0.000000000000000000e+00 4.077723997960851499e+00
4.000000000000000000e+00 2.471509145660908402e+00
4.000000000000000000e+00 4.401731759588665582e+00
3.000000000000000000e+00 2.908536167950455109e+00
3.000000000000000000e+00 1.214968189832410950e+00
3.000000000000000000e+00 1.019075790170626217e+00
0.000000000000000000e+00 3.333181100034502187e+00
4.000000000000000000e+00 3.779922825218392735e+00
0.000000000000000000e+00 3.816280321294420741e+00
0.000000000000000000e+00 2.838629307274587732e-01
0.000000000000000000e+00 1.725731389645335012e+00
4.000000000000000000e+00 4.115480213395080078e+00
0.000000000000000000e+00 1.573615460758992946e+00
0.000000000000000000e+00 3.086123694719450139e+00
0.000000000000000000e+00 3.487915477884289572e+00
0.000000000000000000e+00 5.873666467734456331e-01
0.000000000000000000e+00 3.575484161917521941e+00
3.000000000000000000e+00 2.792658775927181036e+00
4.000000000000000000e+00 9.350933889823819234e-01
3.000000000000000000e+00 3.936666878563018113e+00
2.000000000000000000e+00 4.878693561258777400e+00
0.000000000000000000e+00 2.977134710264243811e+00
4.000000000000000000e+00 1.703605150873076957e+00
3.000000000000000000e+00 1.022091089219618443e+00
3.000000000000000000e+00 2.371954607426709050e+00
2.000000000000000000e+00 3.193500801049011795e+00
3.000000000000000000e+00 1.960800652085596285e+00
0.000000000000000000e+00 1.007146093601013703e+00
3.000000000000000000e+00 2.639602332787405192e+00
0.000000000000000000e+00 3.038552359305210615e+00
4.000000000000000000e+00 3.952130758289640777e+00
0.000000000000000000e+00 2.731851415204862299e+00
4.000000000000000000e+00 3.937284400848858557e+00
4.000000000000000000e+00 1.287982227263683388e+00
3.000000000000000000e+00 2.842481897008204861e+00
3.000000000000000000e+00 1.374103862597807479e+00
0.000000000000000000e+00 4.266076264266021489e+00
0.000000000000000000e+00 2.592897551991344418e+00
4.000000000000000000e+00 3.773158635792325022e+00
2.000000000000000000e+00 4.691680743511591700e+00
0.000000000000000000e+00 2.933279264463842129e+00
4.000000000000000000e+00 3.912347641131259213e+00
4.000000000000000000e+00 2.882031489450837647e+00
4.000000000000000000e+00 4.029577567122893278e+00
3.000000000000000000e+00 2.604742720719351645e+00
3.000000000000000000e+00 2.940618270942307433e+00
3.000000000000000000e+00 3.812136577103053092e+00
4.000000000000000000e+00 2.283868183374557326e+00
0.000000000000000000e+00 1.462675170633922717e+00
0.000000000000000000e+00 4.932350831827437609e+00
4.000000000000000000e+00 1.526329310526522542e+00
0.000000000000000000e+00 4.295738847006800754e+00
4.000000000000000000e+00 3.507144816758893224e+00
0.000000000000000000e+00 3.013459303616910834e+00
4.000000000000000000e+00 3.288494399112643851e+00
3.000000000000000000e+00 3.540799508281398111e-01
0.000000000000000000e+00 2.300561411824832980e+00
3.000000000000000000e+00 3.589738162662629239e+00
3.000000000000000000e+00 1.198502322083538019e+00
0.000000000000000000e+00 3.257405490005927273e+00
0.000000000000000000e+00 4.622767671555263469e+00
4.000000000000000000e+00 5.069791188941355387e+00
4.000000000000000000e+00 3.489772032064361262e+00
0.000000000000000000e+00 3.769944754685837562e+00
0.000000000000000000e+00 3.027340736034769719e+00
0.000000000000000000e+00 2.930259451491150635e+00
0.000000000000000000e+00 4.922981841254590485e+00
3.000000000000000000e+00 4.516203015886807393e+00
0.000000000000000000e+00 2.680739819447449879e+00
4.000000000000000000e+00 4.478175584032848100e+00
0.000000000000000000e+00 5.246488027582588920e+00
0.000000000000000000e+00 3.448655911812157360e+00
4.000000000000000000e+00 4.392078875258093262e+00
4.000000000000000000e+00 1.912045954260175762e+00
4.000000000000000000e+00 1.797933133376888426e+00
3.000000000000000000e+00 2.327751957563420682e+00
4.000000000000000000e+00 3.675117171654795900e+00
3.000000000000000000e+00 4.177140821530822556e+00
0.000000000000000000e+00 3.090514635898214735e+00
0.000000000000000000e+00 1.360613038192457935e+00
0.000000000000000000e+00 1.719830540189388079e+00
2.000000000000000000e+00 3.632264334823108509e+00
0.000000000000000000e+00 5.324131503686872158e+00
0.000000000000000000e+00 4.081556010770660770e+00
4.000000000000000000e+00 1.090901697286241756e+00
3.000000000000000000e+00 5.330697799013729643e+00
4.000000000000000000e+00 2.193849579204976141e+00
0.000000000000000000e+00 3.813971867593783038e+00
3.000000000000000000e+00 1.894084341243976954e+00
0.000000000000000000e+00 2.181467660582375068e+00
0.000000000000000000e+00 5.098965199030833340e+00
3.000000000000000000e+00 4.131624565918099456e+00
3.000000000000000000e+00 1.703487729067020062e+00
4.000000000000000000e+00 1.766885707616123069e+00
0.000000000000000000e+00 3.451602204641147642e-01
3.000000000000000000e+00 4.120201605336731632e+00
4.000000000000000000e+00 3.292338552611761671e+00
4.000000000000000000e+00 5.080965723172200299e+00
4.000000000000000000e+00 2.956758663844059942e+00
0.000000000000000000e+00 4.413722941107823594e+00
3.000000000000000000e+00 5.300545543666765447e+00
4.000000000000000000e+00 1.857885329514217920e+00
3.000000000000000000e+00 1.891655733343888368e+00
0.000000000000000000e+00 4.047822896946949633e+00
4.000000000000000000e+00 2.639042361939373471e+00
0.000000000000000000e+00 2.549951009830160764e+00
0.000000000000000000e+00 1.509317789754763606e+00
3.000000000000000000e+00 2.017123194482328241e+00
0.000000000000000000e+00 2.970937045006099009e+00
0.000000000000000000e+00 4.440187867465769322e+00
3.000000000000000000e+00 2.781100172180628771e+00
3.000000000000000000e+00 3.031741082957529976e+00
0.000000000000000000e+00 3.626816377244750367e+00
4.000000000000000000e+00 2.205477537319740833e+00
0.000000000000000000e+00 2.533389847530795880e+00
4.000000000000000000e+00 2.042329544616117598e+00
4.000000000000000000e+00 4.381407198814025961e+00
0.000000000000000000e+00 2.542462301113912471e+00
4.000000000000000000e+00 2.242163516849836835e+00
4.000000000000000000e+00 1.261545234983894703e+00
0.000000000000000000e+00 3.901592518086581141e+00
0.000000000000000000e+00 1.819944847856091119e+00
0.000000000000000000e+00 2.926177644937972833e+00
4.000000000000000000e+00 2.093483911605771741e+00
3.000000000000000000e+00 2.988835581287201837e+00
4.000000000000000000e+00 3.634798696235768567e+00
2.000000000000000000e+00 4.731106832128844530e+00
3.000000000000000000e+00 2.160470432726758094e+00
0.000000000000000000e+00 5.360755749808389758e+00
3.000000000000000000e+00 4.590291580458494280e+00
4.000000000000000000e+00 3.459915422392839890e+00
4.000000000000000000e+00 3.965642934981242540e+00
0.000000000000000000e+00 5.493447323101803725e+00
4.000000000000000000e+00 3.214355136148766001e-01
0.000000000000000000e+00 3.831102322597260024e+00
3.000000000000000000e+00 3.877026877608861888e+00
4.000000000000000000e+00 3.883700966045884329e+00
5.000000000000000000e+00 5.146765596378882535e+00
0.000000000000000000e+00 1.912534122647359336e+00
4.000000000000000000e+00 3.501873492312442160e+00
4.000000000000000000e+00 4.088222325767381982e+00
0.000000000000000000e+00 4.579817793166573558e+00
4.000000000000000000e+00 4.857569829809143869e+00
3.000000000000000000e+00 4.602476610256713840e+00
4.000000000000000000e+00 2.782414777942657569e+00
3.000000000000000000e+00 1.519362898454882815e+00
3.000000000000000000e+00 2.801279083133048964e+00
4.000000000000000000e+00 3.203732027789900183e+00
0.000000000000000000e+00 1.374356479747101734e+00
4.000000000000000000e+00 4.783073898111712907e+00
4.000000000000000000e+00 4.198389266074801007e+00
4.000000000000000000e+00 2.303038086003242890e-01
0.000000000000000000e+00 4.922994565466848549e+00
0.000000000000000000e+00 2.181052512032631174e+00
4.000000000000000000e+00 2.050555522947504539e+00
4.000000000000000000e+00 5.047787856941315709e+00
3.000000000000000000e+00 2.192365296960758325e+00
2.000000000000000000e+00 5.166704979585126978e+00
3.000000000000000000e+00 2.348347456047643611e+00
4.000000000000000000e+00 3.655878199639163828e+00
4.000000000000000000e+00 2.959703355712235862e+00
0.000000000000000000e+00 1.927582692803885722e+00
3.000000000000000000e+00 1.522429322393162421e+00
0.000000000000000000e+00 8.791024172229597866e-01
3.000000000000000000e+00 4.566042441743335623e+00
0.000000000000000000e+00 1.536231807651956771e+00
2.000000000000000000e+00 3.533863647691605436e+00
0.000000000000000000e+00 4.213513063973232775e+00
3.000000000000000000e+00 4.398016992094897937e+00
3.000000000000000000e+00 3.074266635277850490e+00
3.000000000000000000e+00 2.481709434447346041e+00
4.000000000000000000e+00 3.908129515293357503e+00
4.000000000000000000e+00 2.688449543048515356e+00
3.000000000000000000e+00 4.318560438820516545e+00
2.000000000000000000e+00 4.564531695336903283e+00
4.000000000000000000e+00 3.432810695932867695e+00
3.000000000000000000e+00 4.304592226633928043e+00
4.000000000000000000e+00 4.969709613092146760e+00
3.000000000000000000e+00 1.568837134617477869e+00
4.000000000000000000e+00 1.509151072536225824e+00
3.000000000000000000e+00 8.849705850675585461e-01
4.000000000000000000e+00 3.295131329806212594e+00
2.000000000000000000e+00 4.513552434776631372e+00
3.000000000000000000e+00 3.959768470948491714e+00
4.000000000000000000e+00 1.228462728289412720e+00
4.000000000000000000e+00 4.663700113931792401e+00
0.000000000000000000e+00 2.401737295359836377e+00
0.000000000000000000e+00 3.605174720805998767e+00
0.000000000000000000e+00 2.900754552535128816e+00
3.000000000000000000e+00 9.290294279033307623e-01
4.000000000000000000e+00 3.318139222260163113e+00
3.000000000000000000e+00 3.851415180194530663e+00
3.000000000000000000e+00 1.425238012701603330e+00
4.000000000000000000e+00 4.634098959709989529e+00
4.000000000000000000e+00 1.804966035376801337e+00
0.000000000000000000e+00 3.308554292292716692e+00
0.000000000000000000e+00 4.204033221359293471e+00
3.000000000000000000e+00 4.238187942279184384e+00
3.000000000000000000e+00 7.315150200842757133e-01
0.000000000000000000e+00 5.641912993477473215e+00
4.000000000000000000e+00 2.342467128068702831e+00
0.000000000000000000e+00 1.910062440179156384e+00
0.000000000000000000e+00 4.401270287105917056e+00
0.000000000000000000e+00 4.450006942100304563e+00
3.000000000000000000e+00 3.072548890621503492e+00
4.000000000000000000e+00 1.932365915065741957e+00
4.000000000000000000e+00 1.196012575037584957e+00
0.000000000000000000e+00 5.199414829009869621e-01
0.000000000000000000e+00 3.050266624950042083e+00
3.000000000000000000e+00 2.594273299850306636e+00
4.000000000000000000e+00 1.907404489853224305e+00
3.000000000000000000e+00 4.780919957220587158e+00
0.000000000000000000e+00 2.054414395032404084e+00
2.000000000000000000e+00 4.755637385169187326e+00
4.000000000000000000e+00 4.036886391798235607e+00
4.000000000000000000e+00 3.425079035181279874e+00
4.000000000000000000e+00 5.090876754681031180e+00
0.000000000000000000e+00 9.831106898254915460e-01
3.000000000000000000e+00 2.735887359691182574e+00
3.000000000000000000e+00 3.393303023390173756e+00
3.000000000000000000e+00 4.261173939676985434e+00
0.000000000000000000e+00 3.237737322639089754e+00
4.000000000000000000e+00 3.841165341312959391e+00
0.000000000000000000e+00 3.301284091919639785e+00
0.000000000000000000e+00 7.814320020554635926e-01
4.000000000000000000e+00 9.749901905206770358e-01
4.000000000000000000e+00 3.773539051965154822e+00
3.000000000000000000e+00 4.692740766781144046e+00
4.000000000000000000e+00 4.386594818483098290e-01
0.000000000000000000e+00 3.047620308789064758e+00
0.000000000000000000e+00 2.319890680497468605e+00
0.000000000000000000e+00 1.728730856599728360e+00
0.000000000000000000e+00 1.677134910157470182e+00
3.000000000000000000e+00 1.635428089891402426e+00
0.000000000000000000e+00 1.282165174480087155e-01
0.000000000000000000e+00 6.829963096028280889e-01
3.000000000000000000e+00 3.721095617621125395e+00
4.000000000000000000e+00 1.977545246395902234e+00
3.000000000000000000e+00 8.742726317510751688e-01
4.000000000000000000e+00 3.323518460132268704e+00
0.000000000000000000e+00 1.686562559811050743e+00
4.000000000000000000e+00 9.288240911991073601e-01
4.000000000000000000e+00 3.680003630399283132e+00
3.000000000000000000e+00 4.069670506861335468e+00
3.000000000000000000e+00 1.360570504603514808e+00
3.000000000000000000e+00 4.219817102057465519e+00
0.000000000000000000e+00 3.047132612869452473e+00
3.000000000000000000e+00 3.265825093314056460e+00
3.000000000000000000e+00 4.162445134747470021e+00
4.000000000000000000e+00 2.727481703645447397e-01
3.000000000000000000e+00 2.148189185190448658e+00
4.000000000000000000e+00 3.946172190312860373e+00
0.000000000000000000e+00 1.820036743071395735e+00
3.000000000000000000e+00 2.383861172649963667e+00
4.000000000000000000e+00 2.528106471022339541e+00
0.000000000000000000e+00 3.680503665196459551e+00
4.000000000000000000e+00 2.524677972329688824e+00
3.000000000000000000e+00 3.620085318133269059e+00
3.000000000000000000e+00 1.992284408569440002e+00
0.000000000000000000e+00 3.929124224188725645e+00
4.000000000000000000e+00 8.538971233247895087e-01
3.000000000000000000e+00 3.581273844688253938e+00
0.000000000000000000e+00 4.305999105323198961e+00
0.000000000000000000e+00 4.930255964217410636e+00
3.000000000000000000e+00 3.160452080648440631e+00
4.000000000000000000e+00 4.115124880556867204e+00
3.000000000000000000e+00 4.148937777833044294e+00
3.000000000000000000e+00 2.559914823226072667e+00
0.000000000000000000e+00 3.107012393989757371e+00
3.000000000000000000e+00 2.921793871950202348e+00
4.000000000000000000e+00 3.560525474480288111e+00
0.000000000000000000e+00 4.380571945600020278e+00
3.000000000000000000e+00 2.383933692248140002e+00
0.000000000000000000e+00 3.588955099716065522e+00
0.000000000000000000e+00 2.553675741317347203e+00
3.000000000000000000e+00 5.410353658696048562e+00
2.000000000000000000e+00 4.481263038924785391e+00
0.000000000000000000e+00 4.255903742977637516e-01
3.000000000000000000e+00 4.265802500767407857e+00
3.000000000000000000e+00 2.406996591103360839e+00
4.000000000000000000e+00 2.526418793068479385e+00
4.000000000000000000e+00 7.115023363397182665e-01
0.000000000000000000e+00 4.398390763373331680e+00
0.000000000000000000e+00 1.431072354532652025e+00
3.000000000000000000e+00 4.587233146298615338e+00
3.000000000000000000e+00 4.475803687997669478e+00
3.000000000000000000e+00 4.002060931271273603e+00
4.000000000000000000e+00 2.757704659600261454e+00
4.000000000000000000e+00 3.166042186252485902e+00
3.000000000000000000e+00 4.565120729610308459e+00
3.000000000000000000e+00 4.721386529211707983e-01
0.000000000000000000e+00 2.465834051120095349e+00
3.000000000000000000e+00 1.830266634360677935e+00
4.000000000000000000e+00 2.964455102659218966e+00
3.000000000000000000e+00 3.811379463631488829e+00
3.000000000000000000e+00 3.370446968968660251e+00
3.000000000000000000e+00 2.664113385192682593e+00
0.000000000000000000e+00 1.993510038462270373e+00
3.000000000000000000e+00 2.640412565591054417e+00
4.000000000000000000e+00 4.136631168219436105e+00
0.000000000000000000e+00 1.928793049695112005e+00
0.000000000000000000e+00 3.627629405272475793e+00
3.000000000000000000e+00 1.759196797400745416e+00
3.000000000000000000e+00 4.293632743069569102e+00
3.000000000000000000e+00 3.844453236631316440e+00
2.000000000000000000e+00 3.795691251889866447e+00
3.000000000000000000e+00 2.562419754730290933e+00
4.000000000000000000e+00 2.152938239851013069e+00
3.000000000000000000e+00 1.283362173621311664e+00
