2.785257637578096190e+00
2.284115013395248361e+00
2.896240502150792651e+00
2.704206563024202925e+00
4.366401444958897926e+00
3.248354901658343508e+00
1.105743267461949175e+00
4.602254845641445158e+00
3.287190752270644722e+00
2.085296328138237953e+00
5.509850811944843052e+00
5.036406404734390385e+00
2.106601346924860341e+00
4.769986892759559893e+00
3.959999646213832047e+00
2.302686734773459420e+00
3.794925038919172877e+00
2.650605143268458974e+00
1.453076239442489648e+00
1.447683303992245651e+00
3.179035948690056124e+00
1.349007085084649615e+00
5.334850365627292312e+00
4.459808175324082136e+00
4.055416496043521946e+00
1.021196662745747608e+00
1.767792557161181000e+00
3.936944188716211990e+00
8.609968772319305241e-01
2.431652575143380624e+00
2.252936965880068421e+00
2.646965653881592218e+00
4.422880109545109129e+00
2.787899399338545359e-01
2.163592183900403310e+00
2.433541367379930431e+00
2.460262189458700455e+00
3.133301078543235363e+00
2.467115561112412703e+00
1.520837679652298435e+00
1.650853849473592261e+00
2.030934319225337070e+00
4.199485636320673621e+00
1.527260293738950558e+00
1.024964995141193214e+00
4.567789617328229745e+00
3.892606404774973328e+00
3.881172843624528745e+00
2.219706518368055992e+00
1.960400540481910703e+00
2.492815620854481828e+00
2.175385842426625249e+00
1.623189976567056547e+00
4.240869342524963947e+00
1.185718898635807594e+00
2.733686725258467121e+00
4.026700081282359456e+00
2.066230244989411435e+00
2.318166726884577145e+00
1.860503743612553995e+00
2.623217258053969214e+00
4.016960360129943730e+00
3.716074883942473761e+00
1.920728539877525787e+00
2.253780920465055626e+00
4.172264663701056975e+00
3.307148430401397832e+00
3.131517383038397551e+00
4.924904901442738847e+00
4.030963214637527159e+00
3.402118804327880941e+00
6.408995173925625677e-01
3.747135077388561442e+00
2.323463301390810365e+00
2.624759306879745679e+00
1.688448341164817235e+00
1.341151480806734408e+00
4.470751679998603123e+00
3.776043615952277666e+00
3.743834619992063573e-01
1.996294859342355954e+00
2.334225306652270238e+00
3.509074351544416714e+00
1.569105183710837181e+00
2.866228160913448786e+00
3.546587752645147695e+00
2.786833452497993413e+00
1.608421903184428015e+00
2.174160984274520203e+00
1.721957638272123337e+00
1.924756106846478687e+00
1.247931733155397849e+00
3.455576745090873203e+00
1.177300498900689385e-01
2.502518992931106911e+00
2.247863588006507207e+00
1.584212987277561213e+00
2.523645613066639370e+00
1.998486111068537685e+00
4.141732454894397009e+00
3.455959787577439712e+00
2.230338064796848485e+00
5.020220211695495260e-01
2.152764048465176661e+00
4.003522137110617329e+00
2.479478038539750517e-01
3.622921317689222764e+00
4.500987080907409066e+00
4.695250276477728413e+00
5.265696917057170801e+00
1.414398422370666708e+00
3.222544275334563668e+00
3.793484671262654206e+00
2.809513205779458289e+00
4.202693627211248284e+00
4.162684254359285241e+00
3.133195103260199232e+00
3.254448861117384961e+00
1.688909172490833166e+00
4.450907225132473499e+00
2.191028898007682191e+00
2.281556224496442908e+00
2.919897655534971381e+00
3.442401654980562054e+00
2.261717496531721494e+00
2.440633292779159635e+00
1.910822761766466371e+00
5.165293738353670783e+00
5.160962934514785161e+00
6.597613808841915617e-01
4.009966496410893200e+00
4.665253585982350515e+00
4.153380891002750097e+00
3.416739508442793394e+00
2.128943116502586275e+00
4.264474022631215888e+00
2.758467865326812873e+00
2.362070477048773487e+00
2.731984318884773444e+00
1.447955034567551369e+00
1.335514313207519344e+00
2.125395086819135582e+00
1.354814740144820284e+00
3.276161141529108534e+00
2.256452205169635850e+00
3.370888846687705609e+00
2.104192482057663405e+00
3.768462909029646646e+00
3.883456550147920350e+00
3.431534786694737438e+00
